379.3119655  
382.285544  
20.56167732  
120.3752562  
24.60222384  
51.23926259  
48.67832089  
143.0436011  
119.0222623  
31.86905952  
1.76652612  
0.4364410229  
33.22255023  
8.087346313  
164.0799996  
222.5708942  
1.59116716  
11.91493351  
17.39739213  
61.02036883  
41.56790214  
79.00997832  
109.8582224  
166.379682  
70.11798967  
108.245116  
92.8617101  
22.55415845  
6.517359191  
42.92313276  
15.10514276  
26.22391055  
61.31535732  
21.94496441  
7.47203757  
3.938694942  
111.3969624  
91.29628317  
27.41395477  
120.1632882  
49.78233577  
4.78672793  
0.738916764  
59.80524578  
46.17329924  
131.9193931  
50.01918756  
54.07755233  
32.05537978  
2.184685243  
57.73965523  
0.821417787  
1.898810965  
8.483573251  
26.58881181  
64.30108094  
2.145436034  
30.89157258  
41.55235962  
17.29248915  
22.48379807  
55.28150264  
80.21386044  
6.837416713  
105.8281718  
22.98947958  
12.8296473  
37.32797867  
27.18789312  
22.3932193  
8.633548861  
75.68114476  
98.91583789  
31.80014443  
17.23868679  
7.836461619  
51.05670353  
63.34330653  
56.79819763  
52.90776505  
4.446097336  
33.20111688  
104.7531938  
13.94887677  
95.77951375  
230.0789717  
17.61586398  
0.7173458384  
21.93939111  
32.79929343  
116.1348028  
22.09541559  
69.50191875  
151.5807407  
172.3609815  
14.97160229  
0.1581288915  
28.25437619  
102.5209942  
72.76873738  
126.3569162  
129.0192311  
15.23827109  
103.0955537  
40.43773098  
197.128456  
989.1033712  
175.4093024  
203.9704508  
78.14510937  
108.2285753  
648.2818936  
130.8959644  
125.7195712  
548.3439773  
717.245841  
278.66811  
1060.533028  
1363.581951  
355.5976275  
101.6510194  
2393.213461  
2337.115152  
1730.196965  
1897.234315  
3763.790571  
7064.7783  
17446.97053  
167.473727  
8304.005957  
2678.890277  
4419.418803  
2622.119649  
1660.740487  
301.3800491  
1258.362041  
920.505508  
693.7577266  
1103.600243  
651.321314  
2616.83988  
1407.915973  
108.8863209  
410.0950511  
889.4245695  
102.8671676  
607.754585  
124.4519548  
138.1335039  
3.156330648  
330.2321996  
516.3253868  
101.1359449  
42.51356873  
219.544307  
46.74000246  
244.5968915  
8.146085737  
14.37343467  
78.68612347  
13.82640746  
77.44638057  
58.75202681  
6.929823336  
264.0599886  
51.79764888  
31.13943926  
84.65008531  
197.7662773  
608.6122606  
17.14453557  
645.9142558  
71.24673427  
230.5377026  
41.64632576  
222.5026576  
14.42660598  
74.56782535  
23.70305149  
95.47445091  
21.81472178  
188.7636213  
149.9423113  
2.956935165  
240.3948639  
16.34134614  
20.68987234  
53.84439612  
26.126362  
16.18425612  
168.0918298  
30.84494954  
197.4410866  
28.35946921  
23.62617135  
61.77040981  
54.01248997  
17.73056825  
161.478598  
107.7266123  
40.02485146  
71.14337137  
92.32021775  
117.2262667  
11.99724411  
97.23469813  
44.86295474  
27.97863323  
200.2338003  
54.98721196  
