11.28199976  
10.31164026  
109.1591286  
54.9616031  
16.49356876  
150.928861  
234.3159039  
40.91149225  
27.41848893  
4.143616577  
24.7657297  
82.71190144  
10.23711808  
80.81442119  
106.9553915  
76.11210409  
12.03472134  
56.01309184  
72.93259588  
21.99652126  
38.21798373  
12.68959646  
96.18099989  
13.42296566  
20.66668693  
79.93086662  
46.69541761  
62.70370084  
116.7517188  
128.7372261  
148.7089411  
125.5378556  
86.47265795  
105.5906923  
100.4794374  
180.3784563  
35.81587358  
64.03125681  
191.5842176  
154.6905063  
167.3789828  
40.76612359  
13.79087938  
67.77506275  
114.7820826  
73.63941013  
93.44416446  
35.53465197  
79.13258557  
225.9363052  
63.73374144  
15.08849547  
46.57591918  
22.95575491  
5.62904204  
72.05187376  
269.0544569  
403.9119269  
161.1049327  
285.5049533  
202.4580018  
435.7931929  
137.8811098  
218.6833553  
806.2020128  
207.8378406  
402.9837761  
22.53059629  
293.4904921  
368.8518906  
18.62995937  
140.7210099  
225.0225207  
582.0381967  
444.1704335  
866.5219415  
1003.253806  
208.3397453  
9.934184376  
858.2480319  
1098.56842  
977.8830563  
127.8960594  
295.0722133  
280.1383689  
512.1274401  
638.6733639  
15.79223173  
1027.438238  
298.5522929  
1610.753258  
74.49372762  
615.2804953  
157.3793907  
3.905482987  
174.8894084  
67.35705098  
67.05921696  
287.2849326  
67.2315214  
392.6516329  
1.25040943  
46.9644326  
48.15142797  
105.0501196  
57.19214732  
310.386789  
41.99368053  
29.55532994  
221.4278758  
4.242293912  
52.61466195  
4.993401967  
261.0170587  
459.1897311  
141.9050113  
20.15702224  
5.510760625  
26.09676211  
81.35041213  
91.08913352  
34.05116798  
6.373052281  
58.4948969  
197.9543195  
19.2710185  
201.2657715  
819.6204287  
20.27615184  
618.6175626  
413.7002456  
103.0246035  
36.83790026  
279.3646319  
191.3581347  
240.639449  
28.93735647  
210.1349699  
67.73008453  
44.25133172  
33.85525476  
152.4993935  
12.55460695  
109.7196535  
35.05362403  
1.536934261  
5.917497992  
716.1069868  
309.8390375  
350.7095284  
429.4524804  
126.3828871  
606.7728561  
519.2879372  
146.3560583  
378.482538  
107.7210342  
311.578493  
200.9303146  
313.3329464  
774.1419666  
1529.607149  
1615.572623  
197.7565294  
2036.300273  
3391.147441  
869.216225  
5621.912609  
6808.430049  
806.203298  
9151.96703  
454.8507056  
47.03575608  
2465.058212  
10564.2951  
1215.078218  
466.4853804  
538.0643165  
62.37464174  
2604.210181  
187.3999299  
105.3257807  
1037.232142  
963.5949795  
207.7129524  
1.366364849  
211.6560122  
8.182335356  
16.83898619  
115.157864  
54.96720299  
335.4591671  
85.35243326  
24.36846203  
165.7258792  
83.55322129  
133.2034997  
12.10228606  
170.1310686  
211.7731469  
80.60311547  
0.234678361  
1.606332318  
74.08183198  
175.5747262  
142.1974075  
67.51431211  
92.68020058  
17.68284627  
2.566652545  
