665.0683351  
3503.872173  
2826.426198  
680.9850897  
490.4370192  
2705.361549  
1012.4992  
483.2573788  
133.9575661  
3179.201342  
63.14081756  
1437.701375  
1789.62704  
2764.425603  
48.09283972  
74.8368542  
896.2248074  
381.9595231  
983.8391776  
338.1704102  
124.8677952  
387.643738  
761.3336116  
989.8683285  
214.9352664  
328.9177978  
2.934679498  
1819.101435  
598.3948999  
1593.152723  
166.5337165  
517.4128681  
543.2463385  
136.899795  
163.8379488  
663.4259373  
1607.269796  
99.62360727  
30.34207224  
1586.519125  
183.5770031  
515.6476081  
636.2345777  
141.7914044  
127.9351876  
523.9633125  
745.1549298  
181.6405498  
538.0310657  
177.9499368  
754.9982961  
580.5121853  
320.6988415  
124.4061726  
173.8465383  
840.2400364  
500.8795587  
611.6386662  
237.0126132  
52.78472918  
110.224784  
1128.596202  
627.4635009  
59.69515825  
148.7351273  
241.1562843  
1036.059337  
187.8593279  
27.32036978  
1093.530585  
4275.064283  
326.3430442  
37.62585379  
1408.77253  
376.702924  
1317.714532  
1280.946494  
259.7589946  
441.1078128  
816.1667386  
94.74982649  
981.538201  
130.4560856  
185.059075  
488.2039023  
96.32334979  
111.0591871  
172.5838632  
26.37360057  
181.0164512  
386.1613495  
120.6799161  
518.9452951  
102.4623298  
85.07187612  
328.785805  
763.8129358  
302.3224272  
691.1750222  
154.5718672  
60.39843092  
29.28421391  
620.9144841  
19.92543831  
13.25788976  
181.6886862  
127.3665065  
22.77755128  
9.362806874  
174.0838628  
5.400558136  
399.2448415  
17.86506424  
141.6595143  
16.79318667  
60.667596  
416.8170302  
158.2687152  
198.8467815  
149.6380138  
34.80762688  
63.54017311  
547.3212338  
294.2063179  
1016.543832  
569.9140557  
208.6023786  
276.7727547  
136.520513  
411.9052868  
69.2335158  
440.1650777  
100.5238767  
130.7390779  
169.2151214  
92.63894905  
206.0119191  
514.2001164  
271.8329696  
344.0850728  
489.8185634  
42.33146552  
198.7866003  
84.79606884  
338.0204608  
637.1994957  
120.7895996  
86.24925517  
221.9322362  
25.3286775  
210.5001918  
137.601224  
55.12246663  
538.1568364  
272.2658468  
44.028547  
18.8359614  
337.0582711  
342.7580853  
27.32685675  
101.515687  
569.717338  
125.4367072  
49.09054075  
35.94592151  
37.69872079  
9.37322092  
107.6830514  
281.3149496  
270.4886478  
10.57087667  
1595.548551  
50.03102752  
264.5076866  
23.50414826  
220.1204485  
53.63243011  
201.5386879  
532.7810923  
143.5998308  
571.7318247  
23.96377546  
52.94946998  
100.6249175  
315.9106789  
85.61618181  
65.9141988  
442.4823199  
249.461268  
155.1596901  
9.506498772  
165.3874521  
295.008528  
320.216375  
51.46759389  
373.6609822  
18.66124622  
111.5915816  
8.249087384  
33.36278017  
347.7855721  
33.47738432  
127.1005244  
65.18996077  
51.51415025  
53.89039276  
59.44407202  
44.85987317  
78.51185933  
309.5344086  
