4285.324043  
2016.5508  
1307.294594  
1813.298587  
1033.749166  
828.7199677  
265.5604814  
555.1664341  
163.3687908  
202.2964362  
235.589455  
547.9616143  
160.9167504  
1105.198717  
86.56499021  
188.0810469  
184.3783285  
936.0545933  
367.2212575  
838.4119579  
193.5805977  
83.41796839  
1149.077558  
586.1744896  
1517.229779  
117.8189147  
1013.264992  
109.8033071  
956.0083325  
66.80189532  
654.7721443  
545.904611  
47.47621192  
505.3652466  
492.0102572  
1486.554083  
570.9436207  
20.88832205  
202.4783062  
109.5926  
845.9910302  
67.1970992  
103.3351095  
772.8490928  
943.9186318  
450.6795297  
349.1124643  
265.3697813  
3.336082483  
183.4782118  
21.75142591  
280.6702901  
122.5874467  
422.3066193  
226.7648641  
1021.080256  
44.54955671  
608.7535339  
22.93497587  
918.6318679  
382.2988899  
265.5721915  
744.4049133  
62.15478056  
1071.855276  
357.3510144  
1227.345455  
147.7765169  
81.42515592  
61.02113166  
14.34850648  
1126.27757  
1260.321213  
94.64865856  
991.5731298  
712.6259076  
354.7152114  
1077.392565  
459.1560055  
946.1938163  
762.3130048  
397.3410676  
192.328699  
102.9347854  
558.6087559  
288.6122123  
81.43339513  
0.1387269287  
251.8927204  
312.221198  
40.73327469  
334.7776595  
87.77357105  
1856.548044  
65.59217699  
194.1752659  
443.7297883  
396.7738763  
844.0471263  
34.81274423  
174.180919  
19.26752644  
36.50132433  
476.0551271  
9.466663813  
619.4311935  
435.311488  
24.05164084  
56.4958898  
42.56368282  
83.6386099  
219.6422369  
1022.223124  
79.60469938  
907.113696  
248.7989009  
1238.616369  
242.3591991  
373.1601626  
341.6923312  
381.8340043  
18.44938676  
161.0834579  
15.70461548  
100.361542  
176.4352357  
660.1485504  
1297.831993  
253.0465196  
74.11780375  
100.7286801  
724.593361  
358.7212132  
107.1368488  
224.1252865  
162.271721  
773.6178781  
4.541756877  
42.73867261  
156.9614524  
194.4153932  
9.931591946  
876.3558263  
1070.245308  
339.0017871  
77.54707053  
128.7200889  
453.3356119  
42.8420915  
466.824158  
83.87646502  
100.0378055  
25.15936357  
337.5217101  
1073.16954  
951.4358698  
1214.085915  
208.2776657  
50.97794263  
455.5495427  
343.8948092  
172.8789252  
331.6552499  
494.9113496  
502.775582  
932.0802731  
422.2110073  
22.78353207  
335.7419368  
80.61043049  
587.1332172  
471.9878775  
60.71168935  
239.7148931  
161.4401938  
112.0817733  
543.9714957  
48.64672006  
66.60470145  
521.8690699  
193.9672473  
64.74813674  
177.5297442  
28.61388189  
188.310685  
844.1840615  
22.28729936  
113.004649  
97.43436356  
62.63993758  
89.15081089  
88.21264429  
70.72041525  
273.2842507  
47.92585048  
20.1153103  
139.0636259  
453.0880774  
154.3422008  
154.3431152  
238.7290877  
890.8881787  
240.357164  
106.7203001  
484.5045122  
8.86355609  
208.2958008  
370.1357582  
1161.491143  
55.98566781  
