366.8060569  
77.01884978  
4076.477723  
932.3852787  
2161.390183  
966.0553967  
583.0516788  
145.2103645  
345.6189092  
8.541678663  
763.1342937  
54.56252913  
323.8314893  
692.9079828  
57.5422263  
1399.406853  
1441.945496  
152.1945131  
174.6820815  
324.2331794  
1693.700023  
1053.126413  
1129.416664  
705.3119993  
118.0538554  
247.0935121  
633.5236402  
1148.271151  
1212.775283  
440.0775933  
946.0673037  
162.675626  
268.6092922  
223.7991353  
40.0952362  
98.74142948  
115.5288708  
52.40257254  
69.7468975  
177.4215449  
388.3913978  
577.7018839  
393.4323499  
71.77516865  
509.9697818  
416.7545114  
733.251044  
680.8147102  
846.7049433  
283.1110336  
938.9893543  
1132.125205  
126.0085761  
420.7751792  
1418.916773  
789.4036853  
1983.840873  
631.3908101  
448.6614651  
431.2142759  
101.4486637  
252.8274489  
649.0755965  
785.5920946  
1554.383087  
57.55896428  
482.5113945  
547.2876567  
1027.296395  
2050.802277  
829.2302537  
62.72912401  
2368.754979  
490.0710739  
1486.031322  
322.6195505  
686.6595223  
364.4285033  
757.1979413  
317.3816144  
1152.528501  
176.2459833  
399.3798076  
549.0570934  
252.8004414  
296.9407753  
625.2847866  
103.333045  
141.0334698  
235.6984837  
82.66931655  
565.3972184  
1563.160039  
101.0981426  
1019.889898  
307.0195921  
44.17494136  
817.3830605  
75.32188395  
74.75107711  
49.267868  
234.5302302  
102.6029947  
1.286712664  
85.81591174  
140.0455574  
168.856699  
552.1643071  
290.5895521  
80.82558909  
41.51906651  
126.484071  
440.7169825  
113.1554791  
169.1245972  
647.364441  
628.1918093  
18.88791636  
9.110751626  
23.09223756  
801.5701125  
493.9569494  
62.0712804  
1042.395227  
773.3478013  
55.14934918  
146.8217729  
942.9511905  
114.9353513  
466.0701743  
328.1412309  
269.7189845  
353.5493497  
49.3440171  
266.9338854  
225.5804034  
12.16586181  
58.00951022  
309.8605777  
19.15073979  
58.5552345  
143.9423333  
164.9230916  
227.2275053  
262.7608851  
52.89493276  
50.89889296  
6.656203705  
0.9232287091  
110.2439215  
184.6150887  
94.09887002  
666.9046373  
144.5739773  
308.5548465  
308.2164226  
179.6405941  
553.6889055  
7.074837004  
610.0593761  
41.05204402  
41.41115914  
337.1706835  
74.7208688  
523.862905  
874.1900334  
277.9608093  
56.89675912  
388.1720189  
73.59804893  
66.46315212  
100.9864759  
239.3693257  
22.65408504  
667.3209914  
582.1602116  
228.6854243  
27.79133094  
748.074816  
154.0212426  
381.9397107  
47.53358942  
139.1597282  
37.55956274  
19.73303374  
113.6690243  
343.2750817  
98.64782219  
205.4223306  
233.5530542  
360.0960642  
380.4217764  
131.1353134  
107.6493704  
108.8756914  
95.54761118  
311.4009581  
8.811442463  
105.6984417  
52.20200302  
272.4106368  
142.1846875  
88.24044051  
188.7797602  
82.15246786  
85.74101107  
143.0476877  
350.1821481  
390.8494798  
3.969018756  
