54.08681869  
290.2885025  
627.321119  
1170.198986  
454.1160996  
457.3948334  
166.0891978  
843.4464307  
171.160479  
1167.008818  
467.210194  
67.45425602  
739.1379937  
153.3511415  
63.87349402  
519.4020871  
1229.470218  
2028.224491  
48.95573142  
56.96287143  
946.3521107  
401.9168727  
1584.949327  
340.7846703  
4.784023116  
25.85146565  
79.97493971  
60.45252511  
172.5011783  
1379.525013  
840.0430537  
588.1830884  
24.25765298  
1502.405876  
220.4210912  
83.78694955  
65.85492367  
736.4327345  
112.588766  
483.0016824  
99.84995949  
137.0070469  
581.5571234  
586.6562129  
1857.872785  
1047.930423  
24.8016024  
219.6188526  
52.92841516  
288.5217909  
869.900126  
231.6306982  
109.0303609  
530.8547316  
160.8074441  
14.98825684  
506.8354985  
1140.528375  
345.8051506  
115.3329559  
626.8817829  
28.35518107  
448.7357022  
89.14296637  
193.4170033  
802.9076328  
185.427054  
282.9008464  
172.0999676  
136.4283575  
1893.85091  
516.6428843  
459.6317782  
764.1519694  
1583.317408  
19.47159834  
1.954442868  
654.8455095  
39.16279816  
8.16516869  
1047.70823  
974.6103436  
15.23003621  
194.9183559  
219.6008483  
171.6123883  
37.12693059  
20.53263146  
406.3850662  
99.07795645  
186.4691178  
153.3419589  
166.0940226  
131.1141541  
59.35872222  
169.3868892  
545.4871213  
26.1120637  
134.7137465  
60.32095517  
123.1402272  
278.3655697  
15.45283236  
245.5358103  
179.8025495  
158.5963513  
556.2950101  
426.6648818  
42.98157971  
138.3726121  
1507.902684  
282.5262782  
449.2120642  
151.5383093  
252.1309542  
368.9311307  
453.1194575  
521.4761005  
96.50559091  
18.7899456  
146.7116078  
542.3590194  
160.8153375  
378.1621308  
214.5570174  
340.2681439  
6.656256472  
811.2723196  
414.8768433  
1243.050882  
595.5287627  
30.24014392  
817.2994617  
638.2734285  
0.01032949145  
465.9340029  
719.5727728  
352.3365114  
205.209367  
292.9121058  
875.6258023  
616.9515931  
451.7863728  
347.7729217  
324.0635868  
23.61070721  
478.7108829  
433.8455673  
225.2549575  
124.7457926  
96.76031445  
194.0301331  
434.5234192  
165.3097436  
6.67196091  
267.2900124  
23.75425714  
407.8415826  
205.5112834  
83.85442309  
1139.024964  
121.9948066  
499.1546668  
970.1501658  
789.0949253  
792.4474463  
461.1877205  
623.9053781  
187.9327845  
3361.113825  
629.0134148  
703.851714  
326.9000478  
187.5249489  
379.6045054  
468.5251766  
611.459533  
1264.327094  
451.3135574  
258.2960771  
737.7464616  
145.2385913  
553.7213316  
448.073541  
157.3910871  
756.0432172  
84.58042448  
264.2951884  
854.0771051  
925.7631899  
572.3621636  
402.2402461  
55.70323341  
120.1130505  
437.5250519  
276.6909491  
392.0255029  
51.88960693  
41.60688291  
911.4507392  
172.6248963  
891.1492614  
415.9919083  
219.0385449  
120.2547283  
28.8511399  
45.13241708  
61.46175088  
109.6421541  
1.638334972  
