111.5059029  
111.5906785  
256.8938038  
212.8295924  
772.6280857  
316.6798222  
1901.847732  
527.8046387  
370.8010857  
28.34468681  
806.2478855  
1039.717528  
75.7432117  
595.6342671  
1931.303084  
109.3492756  
1076.124176  
808.9364128  
691.3275868  
998.4359941  
275.110509  
1025.865008  
664.0849335  
396.871215  
84.08609285  
641.5659479  
934.9491927  
323.066137  
207.4347575  
57.60850677  
24.76271135  
204.7583024  
703.6221259  
146.4733791  
835.0158961  
138.5357543  
108.081592  
245.3721468  
28.63570269  
596.3581928  
170.4797859  
79.18955921  
473.2519508  
495.0549933  
18.02130029  
300.5898026  
120.3628605  
1702.841713  
1940.279665  
926.4695367  
22.25506007  
660.6172057  
181.3803865  
1501.848616  
236.8078236  
806.5819853  
385.8034815  
359.5123117  
521.4397493  
556.4700344  
1008.516462  
501.6340558  
103.9771642  
1081.936403  
108.9215091  
4384.544881  
960.2766394  
1171.349011  
1391.455154  
623.5122449  
507.9749654  
2922.091878  
712.4761584  
126.6534428  
167.1328016  
1422.176843  
891.1649675  
41.70556895  
498.9542594  
260.8484065  
2534.56792  
543.9890156  
21.72021622  
16.61681614  
64.77381264  
316.8564542  
182.1034685  
102.2097194  
224.0130559  
123.03344  
411.6742666  
57.92968966  
155.2464367  
26.75862329  
356.0883474  
741.3543399  
47.2448166  
36.8822735  
108.5530663  
1.647181618  
57.78766785  
489.8318231  
197.4371955  
118.4540525  
323.1146718  
11.17285085  
164.9030076  
140.4484506  
123.6482012  
216.0790814  
23.83197628  
358.0506955  
1007.865142  
82.50883255  
4.660039561  
63.534618  
175.9235807  
0.9290997851  
115.1597487  
389.3910419  
131.5807744  
49.66916583  
32.84078948  
820.6410071  
221.5431321  
707.9669679  
88.15931911  
1801.510102  
314.7720615  
612.7481847  
4.088119798  
436.890392  
73.29683489  
38.56144721  
89.25908009  
558.4801346  
417.4142796  
261.4537446  
127.4857998  
140.6371477  
98.91422542  
96.83094444  
686.2384584  
348.7420554  
345.6267342  
914.1795325  
538.7344489  
704.5935261  
34.08101042  
195.3671354  
540.4965106  
307.8787392  
304.0415266  
164.5558598  
63.88308179  
17.5582622  
128.8271093  
1447.751045  
529.4110502  
476.9213979  
0.6060823499  
215.0309059  
120.4445331  
16.3550351  
97.78347084  
1385.641922  
418.3135217  
388.6427685  
16.75262333  
431.876169  
12.63348195  
766.0705578  
313.4467566  
184.6294967  
188.6265244  
44.65247665  
130.5755404  
798.5835017  
306.0203164  
118.6244996  
8.332740746  
1020.696928  
207.0775928  
4.22476627  
410.634273  
56.56535099  
241.0980144  
35.80027556  
11.38196074  
594.0099597  
83.17767845  
365.3711253  
268.2482313  
14.4067409  
4.400285673  
126.7934527  
8.846910805  
13.25779739  
425.5231241  
22.5429018  
783.6120283  
340.2359958  
90.48995483  
390.0144698  
250.2508599  
16.2870378  
393.5620031  
69.4372464  
33.08267026  
2.274740139  
