1098.747178  
1133.051117  
218.080964  
640.5943067  
120.4997  
310.8996324  
1085.806035  
860.6873507  
532.7354452  
1108.615707  
168.6186878  
2267.119027  
101.7713039  
497.5194082  
186.5537998  
720.5144108  
1442.588456  
151.5561395  
20.80969636  
200.6826949  
822.4448296  
1056.841551  
20.05742962  
116.9044069  
229.7087572  
332.7946031  
86.72539437  
643.7619809  
425.9439069  
479.6969176  
281.8917345  
1568.366709  
253.5628386  
1354.021003  
152.9224262  
558.8967636  
1163.805293  
836.8965004  
247.6691505  
453.7851689  
560.6883146  
273.6182673  
562.972503  
71.4624996  
366.6844516  
1043.823135  
232.5932546  
383.2332292  
313.7230174  
649.6334492  
43.77887633  
72.56597367  
63.98789471  
805.5083038  
0.9233868631  
273.0871535  
305.4749386  
1355.031934  
428.3419451  
353.1222334  
45.85257088  
128.5124038  
2800.581919  
327.9631893  
1668.264714  
353.5490201  
1472.67376  
3683.575428  
219.1996277  
536.4528976  
867.2774309  
770.8350426  
504.3473186  
19.24381525  
1229.851686  
1589.725015  
691.7732043  
151.9829596  
618.2099717  
8.398771465  
118.5982599  
97.89548163  
114.0167491  
723.5669762  
72.41645804  
564.4918547  
281.5034197  
161.9242033  
337.8335576  
151.4612744  
104.2037896  
583.3965949  
289.713517  
109.236899  
222.8190235  
151.5733889  
12.9085316  
109.9948242  
180.448961  
32.23308275  
118.0688493  
94.65554241  
61.03485664  
83.7584665  
133.1217689  
228.8660858  
124.0003292  
168.1146552  
264.5855511  
557.6402735  
124.2707873  
207.7392634  
419.3008052  
298.0284895  
101.7945388  
577.6230694  
329.9464265  
4.81603803  
100.5714163  
73.75106986  
284.5239104  
348.3493099  
123.5271915  
117.5958718  
298.4325817  
242.271428  
1153.76195  
1655.163334  
229.771552  
1826.68057  
308.5261045  
724.8542197  
199.0833505  
271.0103622  
880.8784046  
256.3739302  
27.01368211  
252.7121773  
345.2281146  
230.6879802  
484.9931544  
321.1180541  
96.85592562  
1041.437278  
165.391728  
169.9631388  
753.4605922  
250.3341845  
105.3863154  
434.8682099  
180.0945434  
59.51981768  
375.2898597  
7.483659317  
725.5643202  
41.41714735  
878.9527776  
66.36489582  
280.6687221  
76.73476799  
99.95485473  
602.9566466  
778.9176808  
47.7763327  
936.9751172  
970.6244993  
102.3166279  
346.1007122  
428.9969568  
305.6090864  
260.5154898  
279.2862187  
683.6386622  
759.2079055  
311.321863  
95.49953129  
336.9678863  
59.02793042  
80.561319  
25.45472762  
242.7563711  
12.23910494  
51.05803753  
423.5822686  
93.56364027  
378.619676  
188.6751496  
89.53916227  
595.6763978  
77.35411924  
30.09366354  
158.3921611  
19.28425946  
527.7409658  
140.3837738  
22.57510829  
553.2784176  
38.5293527  
196.0273179  
71.62950966  
46.47548013  
51.24194046  
90.94290808  
971.2447758  
193.5145738  
424.3466262  
10.69735151  
8.36989751  
116.768081  
133.4913553  
