187.5213318  
1519.793245  
105.4181287  
155.0860009  
401.6010299  
129.5661871  
1149.839715  
697.2829859  
1831.501214  
539.9575414  
1481.298648  
524.8212516  
250.6721612  
684.4003455  
740.6786871  
3155.121265  
608.7016791  
194.3254299  
134.3066354  
89.66556914  
14.14140166  
559.5026577  
1678.906242  
2542.108875  
4184.359021  
62.64525169  
445.7982947  
124.5276027  
1707.426783  
107.2557026  
763.1657683  
106.9325655  
251.0233786  
1841.733443  
495.0944467  
803.7221898  
153.3843779  
657.5116853  
973.1225689  
307.3287926  
71.47712238  
441.2484058  
46.4494424  
129.0380793  
100.8742621  
1646.652827  
221.1523211  
567.1108142  
519.9228303  
521.7917858  
187.9494735  
315.8650924  
1404.909466  
247.4960952  
154.2245589  
168.3370752  
426.9643001  
316.8269644  
428.6573088  
1047.033828  
255.7308384  
378.4833177  
97.26588461  
126.3825789  
1733.500683  
938.8387268  
477.7409402  
535.8545745  
254.1127139  
521.7315792  
159.3311953  
176.1702097  
787.845576  
629.0337593  
1483.889236  
699.9583752  
1527.849725  
3.890677325  
693.7082278  
223.5643132  
98.83308978  
631.4174754  
312.7420084  
1035.608943  
189.5596395  
480.0808006  
1039.837233  
199.3954032  
169.1866335  
527.8762757  
65.64383464  
364.4034922  
103.8043813  
34.52956609  
251.7709826  
263.5915125  
182.0498201  
72.16145537  
178.0573598  
205.1202862  
296.4768416  
20.53830479  
460.6473385  
184.7134617  
11.67309887  
285.0085325  
660.019596  
222.3351975  
70.86576455  
186.3179098  
125.504648  
68.81878293  
249.7865874  
273.0507168  
33.19995323  
56.29742408  
578.3665879  
97.84386662  
397.2574583  
162.8981996  
107.8982176  
371.605061  
620.0745158  
467.0885136  
255.5944362  
462.9397154  
340.9498248  
287.6480884  
24.91722955  
57.26497989  
56.01639483  
647.4266253  
15.75267646  
19.93992075  
102.434293  
185.1032966  
86.09384789  
258.8063081  
76.08811698  
70.99958657  
182.914601  
41.54616068  
3.218792567  
7.644289842  
82.77510074  
13.16978984  
377.8037239  
57.05786278  
72.64460345  
19.72768142  
345.1828876  
437.0447872  
54.6091798  
644.2040827  
115.412961  
247.8139694  
132.6821206  
210.4929913  
437.0048112  
384.6750948  
59.40347549  
40.46957922  
142.4500408  
212.9476015  
168.6288403  
97.91231627  
369.3310184  
482.0918038  
99.2194826  
656.8153721  
1980.093662  
215.8419517  
564.2904774  
220.7003459  
1119.155488  
588.2900375  
226.2757354  
156.6343547  
159.103835  
1031.566781  
19.51911088  
524.0016473  
280.95986  
313.3857101  
179.3391719  
318.0893466  
523.057553  
75.70122111  
301.6935301  
95.16437912  
25.26800919  
96.22233046  
85.54396242  
21.84935905  
186.0730527  
268.6695164  
697.540411  
34.95651232  
352.567191  
242.1259313  
254.3551951  
320.0440867  
726.4279132  
602.0888338  
48.9162454  
48.4217406  
4.147757797  
54.31357004  
291.8833761  
293.5567713  
