189.3554094  
466.0181226  
1046.701704  
931.6074949  
28.93467849  
5.707216705  
309.7050985  
611.6557987  
992.9666537  
62.08776231  
726.9093687  
1005.162101  
132.1292823  
1438.537523  
944.1607565  
319.3785374  
575.0690618  
1017.955413  
732.0453544  
306.4788234  
3023.112755  
89.34690466  
2309.236207  
1079.891303  
353.4390839  
2099.525471  
734.895908  
627.8345388  
232.7660299  
317.1319111  
774.89401  
233.6839138  
92.44519001  
800.5184204  
169.5896675  
1926.629253  
83.45109254  
75.50023933  
810.5517575  
142.7597484  
99.31757255  
1074.756982  
1413.282634  
439.0305733  
48.11168524  
132.3304313  
681.7975419  
1117.41026  
456.3378024  
258.5560299  
98.29053126  
436.459571  
28.09022421  
193.4241689  
257.206716  
7.791400984  
441.1016177  
117.7052514  
215.9801737  
22.16901532  
588.9613564  
361.1271983  
200.9141658  
1380.539825  
46.56562598  
373.2275491  
231.4754463  
844.3480225  
568.7348636  
1055.133201  
1333.112864  
70.61568935  
1787.590109  
631.4188437  
51.06142402  
1014.846411  
66.9702134  
107.7420438  
175.1918846  
56.25943628  
127.453893  
283.6535275  
117.8610449  
66.46480094  
17.31442505  
193.8519747  
565.5265589  
19.32339045  
400.4507071  
163.0315862  
349.1836238  
233.5042514  
274.0992856  
94.4348905  
18.59874363  
133.3862754  
306.5410595  
18.5638568  
63.41290561  
6.341328895  
1029.098261  
35.26368868  
367.8387812  
196.0815671  
119.1287405  
201.9080337  
689.9405958  
276.463008  
308.9695712  
322.2588978  
36.08355136  
4.074956666  
255.3817605  
40.27637348  
263.196863  
332.0056284  
802.5323865  
10.37798897  
682.273335  
159.5022464  
757.7252094  
14.11190929  
44.02472305  
276.8107059  
933.456727  
1327.406133  
354.5908519  
327.2786937  
1076.209109  
461.5429296  
257.6112107  
856.6458119  
248.929114  
148.3998486  
84.38373091  
846.9962388  
342.7193418  
510.632975  
218.5979835  
77.29447521  
233.5547614  
176.8609068  
906.0681845  
949.8849774  
95.67962536  
6.566914796  
48.95904295  
391.8334727  
142.315223  
265.9694575  
505.9929109  
145.4909342  
503.0251127  
137.6559608  
333.5996366  
724.4824225  
442.9319963  
232.4151779  
231.8066609  
166.3548896  
235.9006412  
91.46346708  
766.6147006  
342.2551354  
320.8006185  
658.8860149  
416.1203422  
72.94314281  
162.3304509  
612.7533854  
57.51126341  
162.8908982  
32.21942997  
804.7724016  
656.8487509  
467.0279441  
220.5718872  
144.746642  
18.32073923  
97.84089857  
128.5078885  
133.7843553  
218.6219521  
729.8502683  
1332.067161  
272.6952152  
165.1985581  
335.2345599  
229.2882315  
127.4237758  
287.3790187  
678.7095809  
113.8721737  
346.5694797  
0.1444050494  
6.315277641  
411.7543168  
376.6416721  
790.344805  
159.108559  
221.8907606  
124.7324292  
257.0128118  
172.1323526  
101.2683583  
943.3324827  
808.4104552  
254.3854414  
193.3061708  
59.94490486  
