254.633809  
3485.941725  
44.6735139  
1382.890333  
428.9747123  
1252.054762  
956.9755682  
94.35140102  
598.3856943  
119.8314585  
904.400048  
129.3663796  
155.7637567  
2127.855671  
595.3256107  
880.6993733  
490.7075415  
1104.129472  
343.703744  
9.056604336  
568.1881765  
1727.674955  
1298.127768  
533.6554625  
668.2492171  
468.0625406  
209.8305741  
875.0500728  
43.7046289  
755.7883077  
2304.910675  
533.2528432  
91.38606403  
307.0730025  
173.504975  
1331.511455  
594.7346533  
101.6678895  
45.28421644  
181.4477482  
429.6118996  
863.2950419  
583.2769783  
410.1502283  
408.5224464  
804.9140634  
58.3006478  
86.30349576  
530.3807912  
668.0610886  
116.7760612  
1161.956914  
134.6527073  
27.43998066  
7.220606087  
1624.928419  
1013.180002  
134.5300401  
1511.222422  
208.6488141  
268.0509261  
739.1919397  
49.73376582  
1516.572013  
189.147052  
543.4788476  
1.470644227  
341.7824916  
76.59459502  
1236.081998  
508.9900702  
925.0268407  
890.6170208  
837.3606689  
614.0620456  
122.990641  
426.6712054  
158.3290033  
180.9108299  
1053.428288  
56.85755445  
256.8929226  
144.5176765  
351.7024521  
1102.932063  
124.5355898  
132.9383751  
488.8214678  
389.6668315  
193.3139872  
4.794501713  
802.9618371  
726.9343386  
467.5381287  
8.872897288  
179.554716  
587.7040864  
1182.817704  
223.3929605  
75.67952962  
705.2640112  
0.2670315562  
239.2109634  
164.1314056  
368.0787599  
119.1349478  
116.4925268  
33.53544099  
384.6622693  
322.3151219  
149.2187577  
11.18013464  
111.8106485  
256.8997626  
256.499777  
92.29687376  
46.63680428  
145.2949505  
443.3119202  
1.015452573  
687.3659117  
657.3265396  
71.81401486  
609.7910956  
266.8639356  
306.8073716  
258.9023773  
182.4192811  
187.7686984  
82.5856248  
354.4618054  
62.21177278  
194.1691627  
182.7161607  
141.9228967  
69.01350856  
300.8158751  
36.14198801  
620.3023654  
156.8236409  
348.7264793  
42.32165778  
1094.56392  
293.5051184  
261.812379  
537.1158919  
136.8219775  
248.9630875  
295.4169158  
368.9411496  
7.140362509  
189.7690446  
518.1340863  
95.37376105  
209.4465544  
62.06802335  
789.0761288  
664.4287461  
526.1064573  
229.5678875  
50.55055971  
234.4494858  
21.38278038  
7.11678078  
110.6928419  
862.5693088  
1.560524607  
820.1530991  
300.1131705  
1459.190312  
563.5796848  
1.371717166  
253.0045445  
1211.761326  
357.7431093  
215.4983912  
68.99089505  
127.6142324  
1138.096505  
100.6828692  
307.1231981  
512.5119792  
207.1911725  
1117.245785  
113.2509664  
217.122256  
174.8867976  
122.7158559  
645.659133  
83.90605837  
155.7708136  
343.4807087  
485.5878574  
36.31920474  
298.0676235  
10.97489825  
7.640353787  
59.56946958  
194.2566676  
138.8195455  
453.6527163  
2.452363693  
36.95387929  
100.7703473  
289.7378464  
37.33602562  
13.09939125  
215.506588  
91.09759215  
310.5399908  
