1027.531202  
418.7565312  
623.174284  
362.4313337  
686.7806506  
344.631225  
101.1383633  
950.5651768  
289.1561942  
1715.953902  
732.40409  
260.9786124  
346.0424435  
325.8664532  
367.9734475  
1013.703293  
318.7899717  
723.4578175  
807.6863626  
1634.44213  
1417.275585  
13.5243795  
493.4854357  
326.4589291  
1726.618484  
457.1755616  
432.6669238  
35.41309673  
579.3355895  
556.7392025  
82.65001187  
1125.905676  
1134.054831  
749.64464  
349.5126372  
1171.215648  
407.3495927  
439.7939086  
1371.988024  
842.1975179  
17.84899626  
1171.574307  
230.2932796  
397.4703891  
89.36892105  
193.1440779  
595.8858903  
162.6461874  
1217.762113  
198.8390864  
434.8680224  
586.9878575  
531.5071583  
25.16132371  
1115.15545  
135.5515269  
16.79462348  
377.9194438  
352.0782871  
160.1522456  
908.1995039  
1013.097159  
729.5793304  
1033.830102  
261.1812529  
66.76387088  
877.680756  
228.3136725  
751.3523084  
1698.404366  
726.8297959  
382.4722485  
103.7451497  
1314.622414  
473.3240893  
43.95234932  
428.1264764  
421.9096006  
1591.296598  
107.5368379  
148.6344291  
335.5056277  
240.6041773  
590.957788  
272.5540182  
44.32300446  
56.01359653  
313.03751  
489.0856787  
350.4613434  
106.919112  
19.21001949  
243.6134159  
745.2041906  
73.18335505  
109.2920046  
37.0464146  
77.20537057  
508.8416164  
16.79128032  
38.81314567  
184.1024563  
8.997135238  
287.263444  
58.55367614  
574.7868835  
558.9050434  
43.59070157  
40.20725841  
65.53251156  
100.7226397  
25.96640393  
228.4459653  
179.5807574  
694.6903447  
877.087268  
1182.347721  
489.8869904  
158.9042878  
538.2624265  
403.807783  
629.2613964  
391.9474541  
127.0090031  
105.5266117  
808.5482144  
364.8889439  
418.1891666  
435.1727851  
40.74280067  
21.20185788  
419.5463868  
33.31585379  
563.292704  
394.6234862  
471.4609596  
394.1747465  
41.70493729  
652.0241088  
159.6281447  
66.0948285  
726.4620556  
24.86543432  
1736.019782  
92.63041398  
75.16910773  
379.0751174  
71.55270444  
8.625796233  
395.590364  
452.0356895  
436.6516174  
147.2624406  
569.721258  
788.4174518  
127.8160957  
283.9296698  
469.6433806  
186.092313  
0.2324441561  
692.6224425  
37.82436766  
228.6507496  
527.9332847  
120.4798162  
787.4290674  
280.3076772  
75.31641829  
182.4455189  
509.4751927  
473.6766769  
11.88848244  
378.5108407  
854.8321951  
88.55884485  
22.26665658  
36.09204456  
295.3094065  
168.4135731  
346.3386285  
101.4969967  
761.1829941  
114.6589805  
90.7438617  
46.81065039  
103.9356008  
879.1894698  
962.7500765  
245.0993385  
413.7181039  
141.8093448  
14.44685557  
436.91733  
30.00416591  
158.4536263  
142.6750288  
65.45825645  
602.2080639  
141.8184034  
334.8952419  
167.3677666  
588.9093464  
53.60742789  
453.0324271  
511.2439849  
144.0880207  
106.3158673  
269.9253166  
78.3967468  
1487.37254  
