2112.215826  
2849.961629  
699.4191716  
628.8349665  
2000.940344  
880.0710408  
389.05148  
1082.046107  
282.7625649  
1584.084931  
3.102340014  
96.42465179  
173.7594134  
331.485688  
301.7673161  
2579.565  
41.273153  
64.13898961  
10.96203123  
252.6405793  
340.9379393  
528.6681083  
170.9944078  
6.398260617  
578.9226865  
597.2164061  
103.0271798  
49.94827498  
86.48030661  
186.1484323  
437.1054164  
481.2248079  
59.1361942  
116.4073898  
47.50676754  
47.19371011  
67.42289562  
3.577761911  
257.8249988  
274.9932673  
86.82103644  
219.8059616  
111.6999993  
28.42191087  
11.84448107  
138.0600274  
1.253806562  
28.40161741  
2.889813236  
83.79329113  
278.1782732  
22.30919147  
11.52544378  
104.9909412  
119.7184327  
30.14886224  
3.035613437  
23.15643149  
148.2296794  
49.90569344  
118.4084045  
89.86391552  
107.617489  
767.75653  
100.3840449  
497.0907383  
48.9869403  
714.2233144  
975.0057064  
18.48461547  
191.6533711  
27.04959724  
243.3307935  
50.41894167  
26.58913573  
0.4688048505  
23.20712842  
138.5462696  
32.84727155  
89.24399779  
397.1042676  
39.95101969  
170.7308429  
88.38814299  
222.062252  
38.88592105  
17.28525266  
77.09861714  
26.826628  
214.0664318  
43.87614852  
151.1773263  
137.2729373  
7.907547697  
148.023651  
7.407410381  
5.578503763  
33.05892017  
5.259089102  
51.19672209  
173.4352137  
181.6274015  
40.71631151  
127.0085556  
106.9388268  
81.81715531  
1016.290036  
24.92627475  
90.36172564  
213.5507812  
19.88565594  
162.7371311  
22.64283795  
7.971995021  
130.9032366  
585.4594718  
247.4190567  
954.0486106  
560.8574858  
395.1520414  
119.5187226  
1836.12292  
1285.92585  
1686.299066  
1249.617537  
3154.816258  
4414.664957  
11163.46163  
489.2561992  
9256.979265  
1631.263284  
4040.411179  
1717.962957  
1283.085256  
48.95848118  
356.625471  
768.3483813  
449.9837626  
703.0375169  
509.1174079  
1426.025425  
1145.433797  
73.00946411  
114.2154431  
478.5006179  
133.575903  
560.7394204  
0.654641599  
256.465126  
16.80737572  
104.4794077  
317.0960722  
13.63574414  
37.1241606  
90.27923773  
6.025763848  
278.3833766  
4.90068398  
34.48691208  
29.73658008  
25.82677893  
1.700312308  
30.48951428  
23.66283802  
24.90388105  
142.209444  
8.998195366  
147.0007449  
27.39812575  
324.475952  
56.74383298  
385.2397419  
18.04732007  
80.43649  
26.89850447  
86.7398517  
65.00359372  
7.06700373  
68.15136203  
27.22244317  
9.605023189  
231.5973665  
92.10520491  
7.870305914  
6.384675394  
49.32126641  
2.816863962  
4.983194375  
80.58913441  
15.63370928  
3.178268274  
168.8354767  
38.33689775  
72.79312664  
14.45428987  
6.148055399  
2.26062156  
10.50095379  
83.28514418  
315.7945865  
25.3811221  
28.6500547  
50.39556596  
43.97784853  
1.440842343  
29.00003899  
20.8415663  
5.979214468  
103.6461453  
2.057732693  
