44.46302227  
788.4147803  
1058.44387  
413.8001849  
550.5939109  
108.7645683  
889.776005  
490.2194264  
1549.339738  
1449.680716  
93.66045346  
396.6477858  
371.0314494  
60.94945636  
1102.812358  
721.8367374  
3311.02189  
3.963879633  
6.143503228  
1089.215852  
523.0097462  
626.7102842  
2036.723839  
69.66185585  
1101.149833  
126.008646  
255.3293399  
341.5676138  
32.25841061  
136.1395168  
72.50462761  
260.8750296  
1073.756413  
877.2488595  
118.1670371  
170.8290595  
638.9741776  
830.8392996  
210.5003011  
957.187185  
495.0533262  
957.1147451  
160.1144052  
841.4965804  
76.61833503  
111.3235309  
1188.536274  
72.00587772  
857.2337749  
90.06147785  
196.0384033  
167.3435272  
1233.445528  
1614.727535  
78.68012554  
275.0053145  
8.776594408  
664.7775534  
1967.130638  
94.81634859  
248.5758944  
854.9404824  
405.7263054  
1339.726718  
846.484708  
271.0525596  
768.6538159  
887.4883354  
1124.716906  
2336.837986  
149.317771  
339.7609609  
1430.322572  
1197.673158  
413.9469522  
139.5082244  
129.4030955  
366.2579157  
219.3860914  
96.22662805  
1006.919567  
590.7292081  
321.9314021  
1198.577837  
140.5935854  
71.71509676  
235.0005446  
29.65518397  
634.5581018  
19.19941015  
929.3902771  
70.25178015  
521.3868345  
187.9987025  
48.85633087  
286.4530856  
487.0032504  
274.3256908  
716.5514478  
165.0397788  
139.5331801  
164.0545238  
75.78629258  
469.6066729  
13.99829004  
45.549667  
117.7116945  
3.51746153  
399.2586432  
96.3015425  
23.62378901  
516.9367989  
657.6517643  
238.1248688  
321.883744  
208.2368135  
96.12097085  
554.0510528  
36.48391911  
716.5762646  
100.7930278  
364.6934623  
82.46949095  
699.9410905  
749.1959733  
582.995867  
282.7883529  
323.9091679  
851.274654  
236.079629  
77.30457302  
30.20677482  
143.8698902  
64.83433221  
441.7523258  
114.5939246  
883.3615902  
220.0722396  
93.03052715  
91.68620863  
190.4338346  
216.8150258  
67.84676784  
18.52423786  
113.2970179  
2.086945889  
63.84186838  
106.9905637  
28.87257181  
567.9344206  
544.7629904  
324.5624707  
90.57722015  
374.1011764  
117.4688164  
191.9908176  
135.1318137  
350.9665537  
1505.996573  
399.262517  
59.53888267  
290.3539828  
349.2758598  
906.0009249  
11.47682739  
821.4839102  
29.99906599  
199.3823949  
462.7449565  
458.0604096  
488.6108259  
211.3864924  
60.54722978  
230.4491734  
460.5397163  
842.6497499  
1797.816462  
539.8941973  
18.69587668  
130.334702  
44.03298452  
194.9330623  
317.8355716  
68.80778518  
181.5314663  
20.98393128  
80.02058153  
151.4637313  
107.4937169  
160.3426021  
599.6390687  
6.894741526  
67.05014181  
757.6996442  
10.09113304  
98.46834316  
11.72266787  
119.9775275  
166.3216403  
315.6130865  
92.05375428  
107.9626178  
252.2855482  
225.1388693  
293.3095306  
31.02062266  
57.09201674  
643.0836821  
63.09154379  
41.6134644  
