478.9254268  
386.7754399  
27.1072883  
358.533623  
357.8925649  
78.67060914  
2146.374312  
68.47743979  
1042.687593  
381.1768993  
1126.437688  
139.102211  
4538.899703  
179.29969  
3009.260699  
2319.121328  
1666.221198  
1130.62798  
18.57445115  
863.3364123  
3124.098334  
1434.341038  
1459.789878  
2944.674451  
985.872094  
746.1151052  
1821.675448  
1034.650675  
179.2738364  
40.1587738  
2252.788253  
394.1576588  
2282.383857  
1209.270174  
678.4755982  
67.39034397  
7.085779016  
1182.714103  
301.4327139  
459.1970823  
184.6848525  
335.8773384  
738.2737792  
390.954932  
914.4726699  
445.7808053  
1789.062116  
378.3809528  
204.5022575  
197.3664208  
350.8802523  
812.9994386  
698.5293864  
119.8189998  
316.6859551  
823.220408  
1799.289966  
1062.244495  
1026.997492  
2671.716743  
1806.270477  
1034.272162  
1246.459176  
39.84909131  
20.94734728  
223.3117953  
688.6079376  
62.38823659  
422.9195348  
1482.681047  
203.7763395  
162.8160093  
459.7280239  
496.6147019  
1659.946281  
153.4648321  
1453.173339  
1458.305314  
179.143749  
47.880363  
12.02657745  
112.6656525  
376.5896658  
9.972014245  
771.4506797  
347.6779436  
19.97149392  
29.05553483  
404.5384459  
85.27215887  
313.689866  
177.9257294  
4.577676773  
116.5142379  
310.2131918  
92.85545207  
183.8433663  
245.1589898  
66.37570078  
149.5501723  
11.56714099  
22.54324775  
66.02318532  
14.42668914  
101.2552421  
15.74295454  
205.1523593  
129.9304415  
65.4654541  
22.86592172  
177.3254388  
66.58116021  
125.3705664  
74.37145489  
41.18077823  
33.52384688  
49.17722298  
323.1428797  
51.31721863  
41.48975436  
132.9467891  
60.17508607  
55.63609589  
176.7134097  
57.34894278  
288.8294157  
129.365392  
62.41270915  
7.667090417  
55.97029849  
684.6618365  
28.65379109  
116.9390156  
150.668006  
50.68130508  
31.62366794  
153.685093  
69.7045063  
33.71936097  
285.7540898  
239.1788428  
81.25072454  
27.52231385  
11.9684099  
86.98280394  
135.5580546  
5.915377037  
274.1323925  
293.8119508  
176.2133048  
99.18273883  
190.5434016  
313.7338254  
58.18650797  
61.46959906  
84.25877263  
30.30530729  
480.4272121  
40.28040351  
63.7194868  
46.16070586  
39.27544957  
107.6814829  
1.650662557  
212.8650673  
44.2129859  
14.07777534  
264.1802373  
550.3148313  
3.981292234  
292.2445683  
159.7148156  
198.7114863  
81.12879752  
348.9170902  
89.17490472  
26.69900956  
57.09867319  
81.31887332  
17.36948948  
133.9734651  
134.1612438  
300.7099361  
19.48014086  
108.5893398  
275.3747249  
199.2295798  
153.0706107  
13.12135819  
4.172779606  
95.93007078  
9.207154575  
132.4621653  
104.6618458  
12.96823341  
53.27802697  
40.19532383  
33.37810244  
101.9633474  
4.875128452  
59.98979085  
1.116485616  
97.37928936  
4.360804236  
204.3130928  
106.57104  
51.51393112  
276.5390853  
36.34373768  
481.5487105  
