291.8743564  
29.6004737  
627.8580807  
461.7655089  
341.2295544  
606.0886816  
393.3792703  
204.5307211  
835.1467876  
485.2116479  
68.01589019  
109.1668152  
1219.857691  
2300.065994  
502.4018337  
872.818384  
1642.754619  
1488.160424  
338.6951249  
1161.390304  
142.0485361  
615.2502735  
1305.929674  
457.4849212  
322.055834  
35.38140683  
404.2476223  
361.7101482  
79.24401816  
1432.726765  
413.8043047  
213.5869502  
803.7957507  
934.3363245  
521.3286191  
2.392375606  
285.1372592  
1255.918579  
1310.832735  
567.6726316  
465.1873896  
87.7679166  
498.6308016  
421.0903017  
664.5989253  
1795.489708  
32.14785017  
223.1033531  
554.7883955  
225.7978973  
4.440492351  
33.40502501  
172.1800259  
555.0854004  
98.70602741  
936.5941248  
210.0074914  
715.9909068  
279.1869801  
120.5170031  
178.5895724  
437.2071272  
586.9310203  
799.6802945  
116.9120858  
3940.182738  
2536.690675  
917.7696641  
661.0987146  
232.4795124  
1274.23618  
581.4305658  
2430.447215  
74.594004  
256.3583219  
1726.017899  
192.794879  
156.9487521  
278.1530511  
25.31641022  
289.3102571  
230.4018109  
6.302708225  
163.8081523  
279.8982572  
446.5972411  
205.0697356  
264.4977113  
409.0094456  
248.3809447  
9.687984455  
76.4072761  
245.5351795  
71.89803702  
192.8702962  
235.0697852  
156.636617  
109.7678777  
109.3095183  
162.5260786  
185.8184182  
27.05859513  
15.04714648  
286.3287709  
8.632734297  
251.6969835  
462.6844529  
542.9938653  
192.8140581  
26.5484769  
76.473883  
101.3844488  
252.3739639  
278.7845223  
25.51511151  
400.5238049  
726.6072665  
8.19299706  
110.6168511  
56.09059455  
669.6150687  
35.69107068  
601.9296838  
361.2138876  
1567.856709  
487.7493867  
132.5890198  
112.1327103  
378.7278387  
1146.373203  
240.9522381  
542.7586129  
138.9110089  
43.4337517  
486.2018628  
320.3117331  
46.48637756  
614.7083295  
239.2777896  
112.7082642  
193.9881361  
68.30882485  
680.8705928  
536.9331851  
317.8046369  
199.1129132  
28.2017469  
250.8634124  
340.7333599  
698.2540531  
42.71513741  
499.2897478  
414.0199532  
465.210159  
59.22945228  
66.67155124  
364.4691817  
422.3680547  
29.73936457  
81.79150042  
53.09916813  
834.5580309  
755.4863622  
98.67193939  
619.8368714  
244.3680199  
67.10927903  
276.778334  
174.9493173  
2277.074994  
104.343013  
3.478975551  
107.9735282  
306.5139969  
168.7558697  
110.2526957  
22.31469262  
63.51397771  
510.6366304  
1030.38616  
411.0297837  
299.9398465  
339.0747951  
300.6055994  
200.2132789  
62.28665018  
5.072566299  
308.8830702  
160.060503  
253.3440242  
173.5307266  
459.3889452  
414.9981681  
121.9333116  
305.2565595  
202.4345472  
220.8077701  
18.4144013  
85.57740528  
330.6705258  
10.28388629  
346.3168452  
250.3570681  
184.0146525  
544.4558275  
185.4018143  
778.7616011  
83.43642772  
136.0560256  
68.92911368  
