65.9028269  
1714.251023  
2610.151261  
1304.447052  
267.0035592  
1993.303856  
883.5551316  
20.60739436  
36.75065091  
215.5972822  
1023.663064  
853.6351985  
37.57909846  
322.6011175  
417.2078397  
0.6320045543  
866.43256  
31.04519854  
76.16310656  
683.786759  
237.0951046  
461.6776316  
343.0863554  
457.0681952  
77.923412  
408.7319931  
22.20427388  
100.5946968  
263.8653638  
544.8656363  
1270.424383  
861.1482101  
507.6277074  
111.6038179  
565.0957498  
74.89691126  
20.35849173  
300.0576897  
221.503862  
144.5810243  
124.4147271  
392.7225045  
327.1898825  
849.2807601  
176.8169485  
960.8951922  
35.42204342  
392.3604078  
1037.501391  
933.3980105  
477.3340709  
295.4119089  
1037.068896  
1402.003661  
85.67119817  
668.89307  
579.2651166  
709.0753988  
1337.295541  
2980.430885  
262.999777  
695.2422138  
2987.319883  
667.8611198  
48.04612676  
232.2247416  
4430.281818  
310.7908901  
914.3299232  
85.00820083  
317.3122519  
2065.168927  
505.7252155  
199.7728505  
436.8914594  
13.78297445  
577.3766877  
845.073866  
60.74640976  
958.0635695  
324.2400617  
300.7563258  
336.0669565  
505.9477946  
663.4551832  
16.54701873  
207.8436415  
2.357230618  
137.7607718  
132.4095122  
22.79114118  
240.2799464  
71.70136098  
116.5757556  
735.9134562  
49.73006149  
93.55995941  
439.304099  
24.31426486  
23.61477056  
94.57092566  
941.4277444  
256.7539866  
215.0052938  
2.990324718  
60.3985306  
261.1322205  
459.4602899  
77.2242266  
209.4037701  
10.27743281  
175.439736  
27.94721996  
132.441803  
198.7105499  
56.3195986  
130.6060593  
304.83053  
298.3008545  
39.86685304  
253.2783795  
200.9858088  
504.871617  
29.60697838  
1054.729209  
88.3406753  
277.5872705  
171.5055235  
453.365282  
1525.69002  
1783.1914  
277.5466818  
55.83167671  
406.0625108  
670.6144742  
94.44711065  
178.9858364  
253.7269063  
456.7967337  
39.92535183  
60.25997954  
195.5713009  
36.18378501  
238.1537172  
306.9026401  
408.3462073  
511.5253746  
212.8657377  
31.90588377  
54.5003682  
158.6340465  
58.91336993  
627.9056753  
299.4155802  
82.61556706  
33.00651261  
66.84781976  
237.5124576  
3.821776817  
199.2470291  
626.5803302  
274.492756  
157.0645319  
49.96366514  
22.39083573  
3.93626247  
80.92246635  
445.4583517  
208.9974973  
380.4761498  
285.9443536  
11.38013372  
702.4814977  
216.49815  
120.8027198  
10.56021971  
272.9315169  
48.81473421  
523.7738917  
61.89696122  
342.2997779  
1103.697465  
682.781896  
251.3681477  
246.7012192  
160.5048473  
163.0292321  
236.9624654  
487.2585461  
205.1272951  
1338.874241  
311.1014616  
55.31061404  
806.8855377  
22.72725826  
663.2480803  
67.86749843  
244.1639053  
620.1909568  
342.010652  
36.78755167  
135.9555896  
264.6692594  
211.769638  
105.3390389  
795.6133405  
84.9763145  
242.7692648  
373.9309254  
92.0248045  
