3608.484988  
911.345638  
406.9767198  
294.6335724  
1534.226612  
162.617356  
888.523662  
60.74279033  
145.1902402  
666.691644  
2445.206066  
913.6646965  
775.7442911  
748.4638386  
375.6653549  
2754.49475  
261.897236  
139.9967647  
110.9630939  
1582.359223  
984.3338607  
1525.609745  
368.2933874  
388.7538502  
475.7257416  
123.2895055  
665.7838606  
963.0310982  
146.526696  
81.0114288  
601.0135136  
318.100281  
202.7037341  
407.1173943  
189.1002376  
188.5742248  
780.3734649  
705.3638885  
119.9275714  
751.3204908  
127.5037648  
761.8260089  
21.1250546  
231.5403936  
233.195674  
172.8505849  
870.8044667  
895.8888865  
345.3132363  
134.0087519  
383.2376745  
49.35820296  
957.0386133  
311.1540038  
773.7640527  
238.0337101  
1446.092615  
311.7949938  
273.5358896  
235.1985333  
1583.085334  
104.2964908  
229.5003887  
651.9581902  
1245.751344  
1767.87494  
184.1920576  
1226.873569  
2089.032495  
809.4888793  
617.0759028  
16.00746392  
911.4763017  
1237.690334  
2257.734908  
1040.965769  
572.3853354  
782.6309077  
172.9471899  
400.5082213  
30.6095154  
666.4511523  
11.64507772  
858.9726444  
23.84121678  
0.03160421792  
802.6836863  
10.17929268  
249.1845129  
17.78401166  
301.6929301  
98.28540281  
148.6450084  
611.5815152  
650.7820869  
21.49439086  
206.1073937  
266.9291853  
305.4133002  
411.0735983  
231.5474723  
441.8967604  
240.9022486  
173.3044742  
353.2195689  
166.3704358  
386.4839291  
63.77758807  
159.5923556  
694.7853552  
113.3052495  
9.696442126  
329.9071017  
95.3276098  
135.4429051  
97.08028933  
432.4133853  
77.44736115  
83.89405938  
58.78759914  
41.42611632  
209.5756454  
106.7557659  
119.7603277  
69.27007258  
76.82025445  
302.400214  
204.5606751  
62.59092  
411.7175605  
41.39295211  
652.5593392  
109.0237913  
13.49060929  
557.3363666  
27.2975167  
150.3708995  
99.36878797  
686.1043017  
397.5667353  
221.4628466  
792.0935689  
0.36579165  
353.7505724  
159.6097238  
437.0016296  
902.6037865  
38.23945335  
21.60659953  
6.497231035  
67.43680306  
4.051924507  
457.3673367  
121.3083933  
221.2184376  
44.27829105  
110.1600247  
17.14782103  
383.6090303  
333.6292678  
32.92314997  
508.8888103  
411.8289702  
1043.871204  
39.72675691  
269.0224045  
16.04608289  
98.80965738  
199.4958825  
445.4309222  
9.505524507  
457.9487713  
233.6203626  
734.6798562  
44.53367711  
196.8629523  
644.4032046  
776.0785004  
333.2252163  
146.8188561  
141.1679506  
45.1736122  
40.77901578  
160.2138722  
481.6070362  
371.4202261  
33.04352748  
146.1115137  
211.5196019  
109.2405418  
146.6523996  
7.520594006  
237.0236996  
435.9719483  
397.8061205  
97.30055112  
32.79206645  
42.16928285  
97.54549334  
356.3987642  
345.6079096  
537.9578778  
396.1272962  
12.64510096  
775.5014551  
619.2236854  
81.80905188  
187.7503211  
236.3214015  
83.79314527  
