125.4168339  
71.63828648  
521.9595283  
557.503269  
637.7221913  
784.9794784  
795.3103316  
365.9570269  
486.3374732  
875.124675  
107.0664211  
683.3808961  
14.56556594  
802.7294722  
868.4306475  
0.06405975909  
393.735657  
1204.374239  
141.2090261  
331.8489162  
52.48903799  
608.6964252  
179.0490746  
283.5999447  
317.300676  
479.1818912  
123.6840796  
206.4561706  
177.8066652  
731.9224579  
445.6124727  
472.7874951  
568.4711693  
981.6774193  
17.35229186  
144.9365854  
1700.8708  
741.3581799  
48.21191517  
433.3520477  
322.4533671  
603.4564341  
229.6530979  
827.8770985  
306.0476978  
374.0010857  
404.1806465  
618.8086013  
315.1718151  
85.05910183  
96.52421423  
512.0340616  
809.9283376  
166.8872455  
1700.790348  
67.83077202  
545.1244928  
271.0497908  
374.3810717  
1110.091766  
838.0376006  
4.455451805  
53.10902754  
775.7463442  
401.0502404  
1719.084797  
876.6346929  
201.4248207  
907.5797342  
593.344249  
89.3829266  
78.47019501  
66.90096933  
540.831002  
703.3358425  
73.06970118  
204.7790679  
260.6705863  
1519.568712  
1221.228105  
198.8425417  
1165.523447  
256.5720048  
355.6079065  
1144.502639  
235.489402  
734.8138378  
156.0494996  
84.43044657  
274.8695463  
36.08068106  
556.2979246  
337.394986  
267.9397489  
154.8103663  
62.86577083  
169.3794549  
6.377879268  
19.92219989  
5.126352018  
151.2855677  
217.0448658  
308.3385689  
62.70566669  
193.9554036  
134.4947038  
134.2613109  
106.1987149  
75.90788041  
284.6544184  
608.1217992  
269.5349604  
211.2205534  
108.8891485  
797.0552918  
9.98342044  
19.74065055  
161.6709565  
232.8982363  
547.9678596  
222.2791435  
58.75604153  
255.0806043  
1871.960334  
263.8676433  
593.2812101  
61.67932038  
1635.305335  
163.4629266  
876.156241  
29.34458586  
185.0703525  
407.9456557  
349.159825  
279.9372821  
191.3297462  
44.12258675  
434.9578977  
166.2002715  
254.4832023  
91.60111183  
213.3590715  
19.51970634  
337.4851863  
749.6504519  
695.1485784  
810.8229959  
214.7798967  
148.3826534  
681.2084163  
479.6777765  
665.0378108  
641.9203179  
523.2199114  
250.2011159  
443.371031  
2276.717004  
88.35988073  
377.4270304  
131.2461325  
149.0802212  
267.9704757  
1302.706454  
1.6410565  
269.5897905  
747.5738595  
125.5526559  
559.0001234  
403.2443636  
2553.578389  
336.5281107  
299.7858898  
4.63735145  
523.5858487  
1913.678718  
135.7652679  
300.9339868  
344.3894164  
220.8837056  
152.2329511  
212.2731433  
426.1600506  
517.2183017  
907.9437285  
118.4989932  
47.49746646  
420.1307795  
401.9527516  
589.119955  
94.50412505  
242.1794047  
223.7957035  
64.84366389  
1063.065649  
277.441062  
653.3340987  
300.9138395  
348.2717423  
406.3619811  
181.5826208  
7.754140894  
99.64104221  
43.76346031  
135.7177668  
275.30106  
281.7752911  
257.3696992  
234.7552727  
116.3543085  
63.10291777  
