80.30670904  
744.8714651  
44.92121383  
232.7715186  
1060.298619  
1212.403398  
325.7586716  
672.3126284  
262.2032854  
272.8965526  
1567.435215  
144.0535719  
9.488736982  
145.15972  
181.6614574  
2723.311357  
1286.858825  
322.4701126  
877.2633591  
278.0010773  
118.3329397  
473.4836645  
1875.619514  
503.9991553  
372.4903772  
235.5709089  
218.7266701  
1134.423814  
245.5106837  
1069.250851  
20.0930584  
49.30054387  
1043.852684  
221.0653095  
106.8428762  
726.2124589  
703.5218309  
843.2344684  
282.8168361  
19.99979036  
1078.279643  
979.3194718  
1029.541976  
338.8968826  
21.52970796  
55.13684688  
93.35988695  
72.10833781  
917.5064941  
566.2946604  
864.7455126  
437.1771353  
41.86286011  
759.329875  
1158.941329  
918.2354367  
1133.433995  
856.9293071  
1177.410678  
104.0540024  
50.03176498  
1864.540309  
263.405921  
144.7660587  
1487.839037  
193.1631367  
231.9483235  
350.2495115  
735.0892989  
405.8797039  
2505.591896  
1567.882605  
1318.302298  
637.5038355  
557.0099592  
177.7301862  
45.2826287  
941.0327076  
55.99900787  
540.0142264  
440.8766548  
295.6484877  
27.24817426  
76.771581  
613.5340288  
224.5273667  
54.36761943  
59.6084309  
366.3136508  
32.30592413  
513.5667895  
14.03738524  
77.18204266  
218.4040912  
268.9281162  
58.29234026  
196.0701918  
362.3035274  
1.185055731  
75.24659745  
414.5744474  
467.0741555  
293.8126875  
23.09309159  
65.44548737  
680.2182008  
111.29205  
140.467719  
248.9251174  
395.3912265  
406.8812026  
509.3272115  
4.258230766  
1353.622937  
16.13919989  
67.28292713  
225.2178441  
113.8335025  
150.944058  
372.2642921  
333.3564349  
529.9178539  
530.0693299  
190.3007079  
434.902903  
481.1497046  
83.42734058  
1630.325868  
207.3576147  
623.411516  
85.90186933  
1235.395745  
917.7713654  
1281.189764  
279.257771  
71.03676024  
118.5681422  
755.4050287  
574.7397427  
695.8290244  
160.2843302  
693.5029394  
141.7084785  
67.74293921  
520.485322  
76.10738581  
336.4992921  
368.6492353  
302.5376753  
74.57192972  
78.29602319  
43.23321316  
166.0343471  
74.20235862  
217.8129519  
44.95417875  
93.09035482  
1543.040018  
206.4841947  
228.4741375  
118.8874011  
120.9627416  
327.7217595  
170.8445014  
186.946184  
187.3121794  
66.21838218  
425.3510198  
57.35096998  
59.46776194  
637.0268298  
115.3383138  
744.4188723  
42.90171248  
769.7964562  
73.52848729  
242.4055789  
50.65841773  
719.1649348  
82.62390455  
122.9176826  
69.92745443  
547.4808834  
54.62839471  
105.9398273  
16.05257824  
284.8477354  
81.90724227  
147.4733836  
184.5204641  
249.685877  
534.0179342  
98.86583661  
117.1731101  
544.3253212  
37.93884398  
139.8163549  
514.5230568  
200.9480253  
200.9257523  
261.3228108  
319.1595435  
848.2138917  
104.469716  
75.31779961  
97.2803028  
23.63488221  
484.6506557  
365.6951908  
75.5024424  
