770.2695932  
374.8940132  
366.8576132  
1337.161348  
2215.209943  
256.4872999  
186.4986706  
429.5235408  
953.7214504  
258.2494683  
57.2521122  
2052.511883  
855.7451147  
360.0864175  
1462.4128  
220.8243444  
1301.957112  
55.73260895  
996.3328766  
273.8956962  
1534.895357  
452.6284129  
563.4001177  
1125.411771  
1712.636985  
382.8906858  
207.7903092  
37.62400163  
792.8738638  
55.61335658  
438.7006461  
442.5037084  
17.10294512  
8.412307144  
360.0219169  
155.8960941  
127.0936669  
890.9187648  
842.8702055  
347.2657439  
264.8349324  
52.03846177  
520.4945719  
745.1536896  
623.9448899  
246.0363856  
197.6982647  
578.2334024  
975.6611333  
228.7075849  
288.0325414  
665.3955146  
162.1962616  
207.8219695  
750.1709984  
170.825672  
101.5937622  
579.3061773  
1232.453694  
902.2463592  
560.8440021  
1629.251208  
436.8375833  
988.4262997  
285.7010454  
716.901447  
177.2137714  
1191.119422  
2496.244018  
1030.042482  
1355.542411  
363.446871  
27.1874862  
957.2074071  
1522.962227  
839.121123  
444.8151861  
138.6825626  
2185.841587  
28.91399041  
61.14668123  
352.4809217  
180.3135079  
189.7699057  
243.5257765  
82.2153085  
246.5693951  
407.225347  
448.3965898  
44.04118381  
61.2736225  
47.46383603  
637.4107116  
248.3097233  
100.8481559  
232.1640416  
100.4538197  
11.75468909  
1353.242975  
287.3438146  
544.3382841  
266.1440965  
120.9032415  
320.9859299  
198.2599039  
251.1228501  
2.59271521  
624.8286386  
259.6281093  
48.12611282  
154.1784531  
208.0373026  
48.79468092  
536.0289665  
450.6672227  
60.02481266  
156.4709052  
130.7077985  
111.664189  
793.3026691  
274.4413434  
775.9566124  
392.4395822  
376.0634192  
75.72160467  
64.87420137  
115.7112315  
2590.899198  
270.3477571  
260.7793699  
32.16976384  
272.9747244  
965.4317565  
309.2288183  
486.0917969  
66.53747656  
390.0550394  
118.2193285  
573.2139566  
400.000796  
237.2022347  
161.4119395  
29.1388657  
83.12268037  
247.7350482  
518.237587  
33.10561878  
928.8047645  
42.0142931  
44.93366457  
37.78589515  
44.30838519  
103.8229755  
236.1704992  
270.8104831  
87.66171655  
46.98111567  
880.135626  
117.5517735  
528.0547972  
252.1494919  
165.7407426  
335.288672  
190.2093561  
98.76965255  
272.15399  
136.4014147  
775.1522957  
174.8981241  
117.5396114  
343.7042229  
861.1320257  
72.14581986  
222.2612612  
68.89739464  
50.76880709  
219.1918054  
201.3503245  
264.7480778  
652.8353357  
297.7731066  
75.26720615  
692.5546758  
44.95832408  
743.0854094  
8.517957661  
129.5921712  
10.96861666  
385.1028843  
829.0536664  
134.3532044  
14.42001052  
201.4301858  
18.49469908  
23.00066342  
209.9397765  
87.8783091  
345.6209177  
362.0602474  
411.4641475  
78.8202492  
99.43903954  
87.35124809  
70.06493766  
49.00644783  
50.83598162  
483.4046442  
134.4011418  
160.1613761  
22.82507163  
