310.5542846  
116.2192533  
2950.039537  
353.3095556  
971.5410655  
261.857036  
28.72103407  
1818.220625  
341.3910943  
55.93085838  
80.96382293  
230.2325555  
53.78382386  
89.40633909  
571.9200611  
716.0387256  
128.3719639  
211.2602584  
156.6548115  
810.3192347  
63.30434186  
554.2944651  
368.928899  
623.5895107  
2212.375435  
396.3022781  
2133.922699  
24.50271647  
119.6589346  
677.3406554  
179.7756326  
449.6575162  
154.0303796  
28.35647881  
1309.262995  
56.68148451  
1030.78407  
190.9229536  
452.4240942  
1612.715571  
14.77568886  
539.5469504  
436.4084371  
295.6580833  
91.1863843  
75.90239307  
21.82863262  
226.6262713  
423.9843126  
882.1463295  
454.0094763  
898.8220234  
35.62886551  
200.9499  
684.0009213  
275.8215406  
415.9155693  
22.80420566  
145.8479351  
21.93320915  
1467.694974  
1301.109857  
194.882092  
111.319161  
515.5774678  
53.10658789  
1429.367797  
293.0553371  
688.9538309  
968.3975979  
586.0500923  
2073.18212  
670.2129317  
363.1158273  
2984.658312  
338.1307364  
610.3852516  
152.2218268  
299.9287182  
151.5195136  
437.8767266  
345.1942796  
609.0536668  
207.8689903  
165.0848766  
3.335726503  
369.1660515  
128.3684483  
384.5952875  
443.0086558  
293.9560699  
725.2710203  
417.0171058  
513.931873  
17.86706892  
705.1623602  
536.3102054  
52.24929261  
74.46719054  
69.68080216  
135.9847175  
14.42287297  
176.0291641  
473.1096341  
1402.797311  
71.8237633  
384.7318236  
60.21554902  
156.3882592  
16.45384862  
282.776406  
269.7631175  
88.71917865  
28.26654937  
484.280053  
330.8668294  
300.5292892  
132.7657709  
371.33121  
232.0993887  
132.8027217  
102.0101711  
514.0716434  
132.2492349  
1381.963769  
275.8847799  
772.4610587  
600.0356638  
71.21416642  
394.584425  
690.3202608  
140.5936969  
20.05790155  
281.5615425  
92.97116692  
93.46540391  
5.253550297  
28.04135718  
598.4938343  
40.27979687  
86.55108793  
1359.601015  
1569.770128  
347.338891  
108.0155849  
511.6773222  
255.3042392  
44.02210836  
350.8178617  
317.9200441  
713.5068398  
277.0085634  
57.29547152  
381.4319195  
554.9844592  
166.4003434  
35.59222585  
844.0747759  
26.71509647  
260.7389699  
543.5011137  
1171.956991  
412.8111489  
1319.541475  
276.3399135  
47.27403026  
65.07669222  
1294.639001  
42.26542358  
1106.349459  
142.4689934  
135.5013187  
955.1616231  
204.5228274  
751.072455  
82.51195659  
147.5246251  
110.2755247  
481.7370032  
227.4059456  
997.8976593  
646.6311617  
12.32293832  
312.5109219  
136.6633222  
24.83331273  
45.91372671  
172.4887038  
519.9632788  
191.4886174  
22.67129201  
358.6631223  
266.8973824  
80.44891094  
247.3107905  
259.0905104  
23.33135707  
54.77366269  
388.0576617  
556.0490899  
379.1422904  
301.357816  
62.38648391  
177.2419624  
277.1277799  
265.3645885  
334.9754465  
109.9195283  
355.4676489  
57.86754669  
