321.7922273  
739.1004474  
127.7969297  
1787.324808  
952.3834458  
1198.417425  
832.2854636  
562.2293871  
42.41083271  
44.74887208  
1219.120309  
570.3551431  
687.9953859  
316.7709023  
79.15532803  
1031.610576  
902.2750634  
33.14939802  
693.3447819  
544.46481  
483.1016802  
881.9292337  
97.52930682  
303.2928409  
151.9276294  
598.8178283  
70.59764934  
614.7847528  
56.83446793  
771.1965166  
505.3244217  
1134.770049  
488.2456505  
200.243072  
935.7026784  
1965.452557  
3.068836722  
189.3633953  
102.9332753  
202.6432218  
1340.782907  
538.4156108  
1191.998334  
0.4805519258  
478.7819776  
2102.576116  
63.08093927  
215.6761057  
1067.021035  
7.739443421  
712.4020498  
594.3764274  
199.8361404  
1558.082646  
86.16715285  
13.78770275  
34.79309744  
1315.292589  
1456.547123  
662.0609856  
368.582142  
2180.055414  
160.8289735  
2847.275584  
677.391872  
15.42330453  
1873.491345  
1072.375601  
238.5476843  
43.29417545  
673.9565575  
627.4895105  
226.5013383  
388.8983919  
498.546457  
328.1028822  
514.4511524  
38.55543559  
397.3907496  
584.1732464  
849.3945715  
31.30822322  
56.57494231  
42.52454843  
77.93461607  
470.9853353  
142.083731  
824.6605942  
204.0701573  
276.0398844  
64.78228654  
143.7177396  
1369.677859  
44.90231626  
568.3277141  
114.8323916  
42.97811843  
786.1544686  
353.1754623  
29.74585338  
19.37806733  
93.816201  
89.05508932  
28.78564484  
166.6716  
66.60487084  
328.7782598  
354.3935196  
886.7029278  
757.4068809  
256.833218  
194.1919008  
364.351574  
92.94971221  
67.03324161  
67.43365086  
631.7283891  
40.05903311  
144.475344  
146.0912664  
197.1002028  
315.5057816  
699.8971097  
33.1480684  
86.02591185  
43.6020003  
1177.738084  
1050.118984  
47.55645827  
780.2515311  
217.8194026  
160.1455545  
349.7719657  
238.97509  
383.5716852  
18.13475541  
786.9855995  
456.3566446  
169.4912998  
265.6818933  
228.4273113  
660.7986148  
558.5401385  
557.1333182  
59.39546633  
180.9095169  
157.3495231  
370.3936735  
838.2374431  
399.6942485  
326.9557044  
1316.266205  
48.59692001  
32.31559077  
35.53474987  
246.6165899  
27.28446134  
976.9284445  
37.73613022  
276.2096851  
249.5336535  
235.2518936  
379.8137866  
113.2001876  
36.73259223  
142.3185267  
221.2974493  
337.7657433  
221.3163533  
56.97576615  
106.8436212  
1900.19319  
218.7589405  
143.3729921  
443.6583446  
127.4286065  
192.9752855  
218.0119262  
518.3040481  
226.74199  
18.90162501  
179.0352082  
81.66279311  
237.6329628  
502.9260554  
289.4629137  
538.9194549  
198.9906341  
353.8952693  
289.8312314  
9.329745172  
531.4098473  
409.1134346  
0.9388628904  
59.12678629  
128.292494  
95.88941704  
4.673726321  
114.6025142  
69.33117066  
267.6548394  
165.7755038  
172.8712903  
54.20675752  
382.2928531  
46.23874635  
210.7777406  
244.1564033  
77.55882367  
440.9433646  
