93.84611353  
3.109752431  
26.58152479  
185.520329  
71.01466442  
122.9597268  
29.55280906  
73.66862363  
41.43640573  
34.98477999  
6.396194989  
94.36833312  
14.67420012  
26.58911138  
62.2103646  
107.2302767  
51.21293452  
6.670076356  
50.35657883  
15.94369022  
112.449005  
10.18891713  
6.66034726  
12.09917441  
79.07223521  
58.24456305  
136.6202307  
67.38728589  
3.654603411  
54.35013732  
9.917841616  
60.20752509  
19.52163186  
0.6447697525  
120.6703669  
39.85100768  
5.751093467  
18.2763986  
75.91546097  
113.1142747  
11.73869949  
45.06865027  
79.84557713  
3.406252542  
206.2812681  
27.21677245  
67.38642628  
17.38616863  
186.4906974  
111.9054691  
117.9834874  
39.02164108  
103.2668907  
20.44299836  
91.94599602  
271.2439845  
148.6049252  
453.6574295  
83.92497976  
93.29711449  
283.3710543  
605.3654137  
221.0610284  
183.491925  
922.2101519  
226.0170044  
400.2801648  
199.8150545  
789.3978928  
336.1318095  
113.2541897  
256.5839695  
154.1988276  
934.8732476  
201.2972796  
624.777004  
679.9001659  
294.3249757  
489.4975169  
955.0216986  
1143.747977  
1467.656573  
258.6951924  
203.3010693  
1445.865383  
311.1869802  
391.4844471  
44.35701572  
1369.287352  
64.70372028  
2377.582632  
135.3522147  
225.6876796  
215.3494213  
75.71587473  
102.4799112  
2.217444884  
10.50899558  
44.60701168  
30.80407821  
172.9973084  
115.1189706  
23.03990298  
249.5936061  
206.9654551  
78.78459474  
189.6498109  
80.537707  
89.51450812  
224.0807519  
77.34276122  
228.2311792  
20.07738837  
70.98536533  
287.1544776  
198.726773  
194.945086  
79.27483092  
3.707668136  
58.99077391  
62.14578658  
31.3461729  
18.70978702  
79.30990329  
193.4949192  
43.33894828  
241.3109351  
893.692926  
232.9976653  
146.0458299  
222.6108167  
202.7605735  
96.55792763  
214.0063035  
137.0185465  
393.9185591  
78.30342741  
257.6182878  
103.2753684  
87.31481653  
480.0264644  
133.07791  
9.809637474  
227.8226049  
49.8054134  
273.2906162  
364.0151265  
879.0306181  
296.9644662  
123.8662542  
301.9936542  
584.0718218  
215.366085  
522.5649985  
634.8260615  
179.8246851  
6.022277071  
21.64539129  
219.5106257  
190.3440152  
368.1840866  
1061.895528  
2414.956621  
89.67338167  
1951.838971  
3727.462144  
524.8678491  
4893.415131  
6561.940662  
1865.985314  
8823.252546  
826.3239824  
213.5601589  
2026.293358  
6525.771305  
1790.913864  
634.9417798  
143.0976973  
356.0996103  
2073.516559  
797.5309863  
700.0226143  
1065.378875  
443.2808192  
182.547382  
76.3805195  
126.292751  
142.755698  
47.68540718  
80.61833321  
127.2296206  
326.8733132  
356.1087097  
287.6332083  
84.41236298  
48.61051117  
23.44510617  
69.81011142  
1.176252175  
178.5837317  
97.652075  
64.08831848  
29.58963517  
149.2858741  
21.53928097  
219.1192194  
102.3902336  
42.08738273  
14.45038559  
31.11089879  
