327.3427654  
108.2214108  
1148.689815  
843.4169659  
87.89714355  
1599.905439  
765.7145206  
175.4978783  
675.7387251  
23.23867393  
112.5397585  
231.4232106  
500.2986566  
802.0841345  
199.0013729  
777.4227618  
123.9345732  
68.39349563  
1802.293844  
457.7014997  
704.233  
8.335098599  
514.8092046  
593.4645374  
244.0361032  
1040.648035  
924.2859914  
2.762555816  
572.5637934  
311.5811331  
1046.123935  
17.63472688  
358.493293  
313.5189773  
249.6904728  
61.2365875  
514.5945736  
513.0061893  
819.3273923  
265.9780944  
743.8100767  
637.5511952  
567.6018358  
243.9441519  
590.0254442  
285.4239927  
484.1538217  
209.3025428  
134.8821742  
1307.236452  
801.0513202  
496.6664066  
28.05764518  
862.208336  
57.9708072  
206.4004112  
1449.638645  
1000.058256  
340.9202801  
998.3719128  
366.0591756  
414.5934658  
619.3496926  
89.09316119  
498.0163447  
879.0553956  
414.082747  
420.7203962  
9.865548793  
292.4526169  
76.19683672  
1448.481118  
1096.898694  
453.7907664  
621.0426793  
88.08680979  
881.4557558  
180.4303954  
250.5368216  
101.4037018  
96.18893548  
366.4312951  
713.6684554  
71.14576588  
37.20420656  
741.1029264  
489.5770252  
329.2935026  
280.4379399  
70.34770997  
163.2881183  
627.8064817  
442.2261776  
570.7096142  
25.04315235  
324.6732424  
589.5997048  
11.67057319  
109.8032338  
317.2052878  
380.2246773  
221.5307556  
13.37975328  
54.63985509  
542.4926906  
914.6137757  
354.8189074  
735.2820775  
523.7552507  
30.87691471  
398.8237212  
385.5768483  
340.7325213  
53.20558133  
25.76333521  
208.8165585  
23.8156071  
504.9018786  
0.2389166816  
252.367301  
41.06620336  
177.564996  
87.58037994  
334.6526932  
152.8399578  
1628.79696  
472.9715803  
681.6772548  
72.43708  
1020.261118  
56.38725314  
1039.217081  
165.4935671  
200.7508491  
208.740064  
76.48218786  
287.5534285  
183.698684  
1365.353661  
42.08902099  
219.7327956  
146.0842167  
143.7317298  
82.61107653  
15.46539463  
152.7061212  
30.55609039  
184.3499926  
289.1732478  
1047.463061  
125.4712283  
125.5589147  
60.86492313  
364.8699124  
573.7638236  
90.05674464  
255.8823453  
79.01923642  
587.8896005  
129.5689306  
219.8842739  
347.0534962  
355.4685698  
1350.156178  
372.6234298  
331.0347574  
164.5361582  
246.8557721  
1204.316554  
361.7438477  
285.4482278  
256.6281987  
226.1713005  
442.6426963  
358.3470716  
134.9072162  
823.0153809  
197.0162004  
160.5398595  
1242.461322  
165.4932989  
527.1031892  
1140.818049  
266.2604029  
662.5985017  
250.1221028  
387.0466836  
589.1448138  
256.3011572  
1.438466402  
649.0549017  
1396.59136  
310.0618276  
661.5637346  
18.74493844  
586.1987233  
55.42396583  
306.3083258  
235.1179134  
339.4288208  
149.2897523  
122.1071619  
605.2271506  
1633.404595  
104.7392202  
7.422432254  
901.808091  
284.9054823  
396.2032328  
3.078683781  
