250.2731093  
1058.85812  
899.8563592  
324.7998328  
360.5248897  
413.568006  
53.62803558  
1226.567232  
419.6022986  
731.660534  
64.06989048  
351.4242849  
672.5399021  
582.8093407  
614.7386132  
563.7222717  
777.0623469  
1529.389679  
480.0809269  
695.0749289  
1697.26202  
32.58793755  
246.068836  
783.816905  
704.4016164  
127.0486977  
557.2195035  
812.6701081  
271.8310465  
49.47247235  
290.6629864  
965.9497235  
2.894388932  
279.94886  
261.5187651  
552.1766505  
362.3463355  
1865.275589  
149.3817009  
3417.585317  
76.95188109  
84.21896029  
74.03135835  
206.2903834  
1338.460449  
577.9925487  
379.559134  
389.5462082  
322.7599053  
48.58596631  
2294.776777  
157.2904057  
384.4981393  
73.78679784  
418.3678979  
579.1555118  
1236.792454  
507.8605721  
331.4536075  
416.2611139  
50.80077323  
272.8719253  
666.4023909  
734.689633  
824.3464297  
489.9137808  
2297.316519  
40.01731115  
38.86698323  
1093.675717  
558.0394626  
448.1057528  
29.77554382  
242.0382044  
561.0958418  
1685.310278  
1364.476588  
261.1134269  
129.9335946  
298.1053681  
273.0759816  
386.6478782  
395.6500235  
63.5546833  
972.6599065  
117.5205351  
437.4765892  
162.0192324  
95.02483032  
906.6512496  
47.50301403  
447.5465872  
170.1640379  
72.77660119  
219.0645847  
54.65417782  
144.3258973  
326.4336481  
304.273315  
82.59168552  
483.0292053  
551.8452207  
530.6148538  
175.0160366  
444.8660203  
13.76368738  
54.19614354  
331.502974  
20.45894831  
361.2161714  
238.7791362  
145.7379166  
158.8269709  
64.71819791  
407.1980326  
117.4937504  
231.9360949  
19.30498804  
149.580609  
279.1304319  
57.23145594  
221.3794182  
62.18872713  
641.4614446  
686.7168219  
258.5884582  
551.691319  
940.1072667  
299.8009936  
277.6804987  
495.6743112  
198.8361355  
559.8150094  
483.0447233  
131.0987618  
332.8278023  
951.2619121  
1114.702993  
309.2591767  
27.00379359  
335.3823498  
47.12590738  
38.49236596  
303.4654912  
657.1142572  
387.875498  
1351.723419  
230.6060603  
600.3759483  
165.3053743  
452.2103332  
278.7969406  
201.3532817  
173.5611868  
413.3797291  
965.7227154  
1294.53604  
471.907858  
297.6489941  
16.51858528  
75.00956696  
422.1092087  
62.58400079  
73.14896517  
1049.141325  
283.8563968  
469.2859849  
27.55816883  
272.7790967  
31.72646854  
64.29117686  
142.5822937  
28.34737985  
81.62596306  
434.7135578  
69.86534909  
129.7656548  
160.5870195  
786.0787953  
263.4994244  
172.3376659  
135.1449393  
383.9985999  
18.97262708  
211.5427903  
176.220526  
617.3257767  
49.78771392  
122.534493  
129.0949614  
395.8227072  
40.97633521  
13.28895311  
545.1216982  
524.9070518  
12.07707127  
13.90089265  
432.4826559  
938.4857744  
59.47553046  
1649.451294  
86.74372728  
108.5948385  
253.8128656  
227.3511993  
47.76242161  
72.00243012  
227.5602335  
158.5802858  
15.75455771  
