441.6649875  
761.2884123  
216.2841852  
164.8935515  
2716.671835  
652.1906971  
256.7760097  
19.8089561  
491.7317308  
645.0355906  
482.4801472  
585.1637298  
453.0253138  
52.67530587  
720.7910682  
230.4992427  
62.71704577  
13.09991709  
1470.78281  
629.0423293  
598.0577323  
929.7555565  
86.82169138  
20.5884371  
118.2533952  
354.8976619  
530.8318494  
454.4649163  
368.0367584  
590.7477442  
233.0649948  
379.7504576  
361.227365  
1276.638893  
572.1165623  
206.7043617  
443.7049012  
1604.269862  
27.56274645  
21.74310822  
391.2433576  
117.2397067  
48.14187164  
277.0749127  
302.915278  
1159.418844  
54.06171973  
408.1109428  
747.2797112  
911.6534376  
134.5322546  
466.2929539  
136.4762914  
103.8729128  
1690.012979  
83.09637699  
243.3769526  
647.1543516  
612.5123609  
258.1596414  
3.423142312  
409.0058574  
148.0595366  
314.8276946  
456.9504532  
655.8216768  
1331.94653  
1958.762347  
2439.307312  
900.562158  
116.0839935  
1016.516694  
247.1674564  
396.2224498  
676.8746264  
1550.468378  
394.5796639  
410.1241273  
150.5158345  
188.0016051  
25.71667177  
655.0969008  
183.3088963  
81.71203607  
29.22470054  
65.26734668  
609.4955209  
260.8780564  
74.08218117  
12.48695561  
102.3411348  
264.2752397  
485.054294  
41.49313429  
609.5022081  
130.1739268  
149.4685785  
150.8961197  
177.7691659  
463.3503907  
635.2452402  
78.0765659  
436.902554  
377.3681343  
327.7494753  
151.8653844  
1128.583194  
34.00006015  
343.6042862  
364.5816085  
780.4420652  
265.4757081  
124.6676226  
14.15086308  
228.9554618  
124.8808768  
70.58077609  
36.36010802  
969.1322681  
541.5604776  
152.0449783  
258.6519183  
86.29798192  
66.25807468  
282.4631918  
658.5443225  
209.8622142  
309.9771201  
223.8080117  
1385.708418  
103.1634271  
1467.92211  
26.14957093  
497.7056073  
669.6584261  
411.3871976  
81.87082699  
87.20226867  
217.9651556  
7.214556431  
107.0015244  
436.3100338  
322.115811  
504.3961811  
2.415916313  
432.5560158  
685.5024029  
947.6312379  
403.4073117  
281.9336657  
101.4778279  
42.04548765  
476.2010777  
107.1412321  
706.3063441  
302.8832303  
105.5348138  
400.2426561  
278.3281345  
343.0337627  
893.7245644  
1396.515736  
1215.816222  
111.9315916  
168.1517913  
401.8837741  
849.3429232  
181.9562013  
496.8915136  
345.2500347  
765.0299537  
173.2646382  
90.35195691  
164.1276987  
100.2577993  
30.92351307  
689.5724942  
26.66223096  
465.4196764  
126.5605717  
280.5485547  
32.50054714  
1051.499556  
94.17214641  
108.1908183  
152.220148  
905.2310913  
1.737993431  
299.0149261  
231.1945774  
485.4206182  
142.9727865  
424.9148426  
386.1542035  
470.9385321  
818.9744269  
371.5169184  
821.7265761  
603.9476808  
892.6792442  
76.77021821  
861.5384253  
83.3311972  
151.6107041  
42.28865619  
177.4140124  
209.7663837  
5.706776626  
435.6476985  
153.8567315  
