220.6713813  
2134.455717  
631.7844973  
599.8351075  
585.9754294  
794.5209932  
39.84201144  
335.7304188  
866.9642008  
234.2382474  
48.8208181  
792.5614149  
225.6530417  
1603.267444  
165.5281211  
992.5968076  
313.9627159  
10.12787533  
431.5896627  
2998.78776  
120.3467109  
384.023202  
471.7989896  
1150.315472  
129.7008017  
1371.024564  
181.1392813  
266.589194  
563.5814664  
654.7590617  
546.8928446  
143.8314251  
699.6712859  
381.3202491  
101.2736428  
19.67453767  
30.77223578  
742.67064  
64.30588266  
125.0506384  
142.656744  
1448.558417  
125.159998  
781.345179  
2074.633059  
2187.046168  
488.0639168  
22.10952379  
13.59068859  
707.740795  
869.6662836  
0.7585813958  
558.5908884  
120.6894437  
1394.362147  
252.07145  
906.1523937  
2551.689079  
92.02636117  
311.5599959  
1004.109391  
1109.01761  
1148.7847  
943.767745  
1888.593941  
866.8805116  
1052.804241  
83.96725048  
821.7453776  
1978.660181  
1564.157863  
56.66200494  
308.6565015  
234.1425192  
531.4543205  
260.2854986  
638.6432252  
535.930027  
216.707998  
699.4169375  
326.895562  
317.2119798  
229.3880032  
58.44250516  
461.2476066  
255.4442993  
59.11712275  
14.40022442  
108.3886841  
563.3905347  
103.0878345  
141.9308098  
382.0134575  
457.0562945  
213.2396548  
345.1190018  
37.83659026  
42.36711916  
43.13115716  
289.2798949  
269.4906415  
272.9913059  
114.2027286  
75.4946575  
102.7422522  
165.1369419  
117.8064767  
391.9905718  
137.9274774  
60.59438475  
45.35164109  
691.3432704  
18.93623881  
32.85982858  
20.58112262  
466.6789719  
496.8316915  
629.8949147  
90.73427229  
273.8061549  
85.23774928  
861.8677954  
199.1234307  
259.5177311  
329.1900836  
233.8514316  
126.3815157  
327.7148557  
892.5819347  
130.9124557  
359.7517622  
74.09943931  
775.9528729  
140.7643374  
361.6014304  
548.1145701  
245.3958578  
333.4702429  
98.93005349  
41.34682504  
358.7405868  
342.4656977  
6.97371803  
1.628229168  
297.0473043  
620.6079734  
129.2106945  
518.2845997  
60.85048312  
758.9237882  
177.9022274  
0.05810781281  
7.1308337  
307.8968393  
179.9185134  
39.79022522  
169.8712531  
89.75888963  
123.4232673  
99.18150328  
149.2521734  
127.6404962  
79.03467742  
637.5180209  
1952.225897  
202.5501155  
135.5181795  
241.3639493  
586.0829671  
624.0830999  
496.8081069  
525.3965379  
40.94397115  
389.1099042  
222.5814614  
252.9669123  
218.0984729  
124.0065242  
28.09389441  
624.422782  
63.39881962  
200.380901  
63.0246872  
120.6190699  
127.2644874  
265.9821584  
349.1061996  
253.0208657  
130.4255538  
197.008523  
207.5926099  
809.8101274  
302.5146224  
359.3835628  
171.39453  
466.4048507  
143.2432766  
94.5620035  
15.06728392  
306.2756028  
293.8314435  
256.2371008  
63.91090927  
66.79356242  
538.355536  
4.465331423  
343.9675405  
141.743447  
1142.631548  
51.03192996  
