280.667975  
307.593239  
250.4776228  
671.302597  
2558.804334  
351.4807238  
944.4487867  
31.47201692  
481.0135333  
604.1639528  
341.4630547  
145.4391448  
1298.173758  
1309.702206  
185.246461  
1633.238568  
256.6788487  
456.5756262  
38.37266835  
514.3111192  
951.8087874  
1616.474318  
239.4627609  
433.6832913  
742.5040976  
40.28600323  
320.0865193  
76.86523452  
88.73777806  
316.9561255  
423.2352311  
1691.226119  
155.4541519  
2144.135671  
538.3217185  
656.696887  
1578.074964  
483.9926464  
638.1250574  
135.0086555  
325.7557587  
484.1286214  
287.6476786  
1020.930064  
4.558574911  
203.9859682  
458.5312928  
13.99183074  
635.0324556  
176.2758716  
384.6408899  
221.244189  
125.6089339  
1365.33888  
403.985001  
364.5902572  
121.2454469  
3461.851155  
281.7441283  
235.9570181  
1554.901704  
1071.072458  
435.4161506  
52.68382965  
453.6020451  
904.0875869  
868.2131708  
526.2032301  
241.5189577  
1525.552599  
1172.690414  
62.80722926  
45.98987013  
1213.88039  
800.3314496  
413.7615951  
663.9802433  
230.7725779  
568.6278882  
535.636468  
602.6897145  
336.962969  
13.25947163  
951.8254182  
1122.684579  
89.85049648  
380.378557  
510.5958819  
366.6523503  
1124.707968  
62.01130043  
192.9756818  
218.0125565  
203.3228767  
296.1123821  
50.47730426  
395.884445  
57.42776073  
369.2018937  
207.3074863  
196.3190792  
741.7815772  
108.5843414  
224.0763693  
45.99795219  
26.77034684  
242.0921682  
456.661949  
87.96293857  
164.3033593  
489.0131701  
140.9663125  
121.9806646  
49.85925114  
462.1172884  
38.15778075  
113.6091086  
307.1562693  
293.2032244  
56.34775057  
510.6557394  
159.3533535  
547.1716201  
79.50892363  
132.4549785  
1033.570553  
302.0967121  
775.5418889  
498.1006091  
1368.996668  
8.480862623  
874.24864  
625.4987952  
735.6831342  
894.6808463  
124.8858128  
179.8934958  
777.5322406  
245.9368741  
297.3380043  
56.97586859  
253.6970831  
93.26997242  
4.350064112  
90.4493512  
31.1582457  
505.0846469  
583.7448043  
262.676845  
2.784884241  
456.6093644  
18.36238461  
981.6598597  
398.6241604  
113.2730379  
259.6428296  
674.3501458  
7.65827741  
227.4560356  
72.01743305  
253.3779854  
180.9222003  
200.2396987  
80.74221952  
134.3697795  
70.00991794  
75.66576431  
431.1917871  
239.2405871  
171.0928168  
410.87615  
297.8024782  
47.36500798  
136.4088799  
15.52577691  
80.12427715  
46.50983895  
277.3069831  
181.5154442  
698.436073  
150.0713633  
982.5588884  
174.0866059  
298.8730185  
90.6235642  
190.8612197  
209.1260753  
16.39534251  
62.94450309  
620.9387328  
72.52570519  
379.2092969  
413.7720099  
55.27892825  
362.5609148  
416.7664922  
276.6786038  
94.30813703  
303.9396563  
41.20802875  
17.02392064  
65.90532012  
68.32104275  
3.037365474  
169.845665  
374.2655466  
215.8518235  
67.18926236  
715.513866  
32.56453067  
