478.5064803  
416.8923409  
632.2903713  
528.7679586  
947.5150663  
98.20471747  
108.1459663  
577.2131263  
792.8121785  
3.166732331  
517.0539534  
906.8278911  
30.18045893  
340.2116422  
435.698627  
458.9348325  
257.37212  
237.036098  
290.8686543  
218.7887325  
139.3410154  
289.7751211  
178.5684004  
246.5363931  
1025.991674  
318.7019336  
597.7055373  
338.00841  
959.2065639  
348.9517946  
38.89000607  
489.0887448  
1515.775843  
951.3471907  
541.263662  
139.4104928  
702.9061938  
450.2387579  
23.47384567  
430.9988162  
461.1301607  
780.1992021  
465.6876846  
129.9025222  
101.6941591  
876.4172693  
1047.635834  
586.1804093  
176.9011777  
908.8188977  
461.749785  
984.0722443  
372.0797457  
3184.448258  
591.7796855  
224.3530534  
2.079796215  
1579.247621  
806.8950077  
486.782201  
183.7006885  
589.2064711  
717.6039267  
827.1253258  
984.3770834  
181.4277087  
1014.013191  
764.7102414  
1105.948925  
941.3170977  
304.3114901  
4668.915078  
317.2121466  
118.8287567  
729.3327912  
4.412435649  
466.5320327  
405.251182  
106.8619605  
84.99918808  
871.465039  
166.573461  
208.9383995  
300.8447703  
434.5336697  
334.4867501  
252.4335981  
21.55008455  
143.0480854  
1111.012057  
89.96946889  
211.4841922  
43.00350268  
2.375001197  
14.26749759  
478.1801397  
311.7898294  
61.19414715  
78.10270633  
115.0468361  
317.3076466  
148.2170048  
141.4550259  
102.6358956  
566.0563046  
209.117781  
362.7407531  
63.51281463  
25.70955676  
297.6601896  
240.2468126  
9.020127425  
566.7585319  
445.2603569  
302.6240969  
534.8798627  
486.8496652  
453.5989579  
171.3824434  
454.5894726  
77.1212042  
546.9147174  
206.2212039  
173.8122256  
98.62520177  
64.31732933  
431.1792946  
96.35007962  
235.5149207  
335.5021881  
120.1632524  
1209.009914  
581.7081162  
40.00442246  
333.627512  
320.32802  
326.3504152  
176.0180153  
112.7809486  
178.4749877  
255.0365816  
147.6029083  
65.37364222  
97.60276576  
99.7779229  
286.6299281  
12.21322596  
136.8355656  
461.5563444  
333.8388393  
242.1164292  
547.7324799  
158.8414843  
645.9099127  
366.8446076  
677.9570887  
77.66429358  
44.52816716  
696.2419451  
1274.225201  
177.1673984  
119.1906086  
58.99887925  
32.87007946  
54.10709334  
120.0705751  
409.368557  
27.57100437  
630.4380539  
2.539044865  
453.2320909  
54.20609112  
111.0669006  
741.3542955  
1434.288283  
111.8069429  
149.0290888  
111.0357238  
449.2238692  
322.5888114  
368.5662954  
1222.750573  
589.2682057  
499.8243764  
239.3305854  
127.6871203  
731.6544696  
36.29432767  
886.3381656  
242.6212828  
371.2531699  
263.6892754  
63.53942585  
770.6431754  
551.1182464  
535.9827519  
158.8746202  
12.16364215  
129.0377511  
43.27275789  
721.5943742  
150.3157657  
184.5915304  
1150.166039  
253.647796  
764.8436797  
333.6599881  
180.1436077  
130.7784165  
1033.817146  
