215.1025447  
508.4159104  
671.0092866  
70.02073189  
219.9242611  
1343.739672  
175.7189576  
253.2575997  
178.7797648  
49.5782011  
1596.056535  
421.574811  
384.9195422  
196.9086431  
1035.452272  
259.164317  
544.9757159  
700.2047051  
327.5195609  
776.3603624  
190.2711182  
32.59253533  
237.1786474  
264.979879  
189.1484545  
330.8361338  
1133.285176  
138.8450788  
73.29913873  
725.019304  
879.5060739  
148.8247479  
519.4539424  
185.7904537  
691.6347359  
764.9274487  
206.6383711  
364.8692005  
197.1209778  
787.6617312  
709.322338  
732.4697291  
287.2446326  
305.3352199  
473.0856742  
501.3290577  
0.01346170766  
1319.011651  
80.14572923  
1209.862279  
363.890761  
99.78773365  
605.9605069  
284.9267015  
320.873299  
206.1561921  
120.1532129  
33.93618197  
1690.517353  
429.8581477  
476.2792063  
13.18755766  
424.9008042  
399.4734162  
17.69818104  
165.5050962  
56.74584086  
981.5784932  
1076.216773  
189.880926  
222.8385366  
164.2916789  
1022.145106  
1039.710681  
25.16457026  
498.7352004  
215.2970097  
839.9152596  
643.7090494  
31.7039401  
680.0108806  
85.40377215  
457.5088109  
1083.576685  
16.25171303  
67.48121512  
37.99380981  
357.7824189  
56.65922529  
1129.542801  
291.5088141  
120.5754574  
372.5765036  
116.0947371  
243.5496042  
913.537538  
123.0092089  
204.8818424  
66.12150833  
84.62365476  
353.3131371  
106.0950831  
757.0391246  
176.4746531  
1015.553032  
587.7472691  
449.4660206  
96.67211342  
79.24745309  
685.1983924  
199.44659  
593.0883602  
1034.398617  
368.9986126  
333.7039012  
1075.357182  
59.7857528  
223.8321654  
307.1739175  
3.096127618  
704.9323663  
105.9136438  
252.2057398  
237.5721503  
428.5788116  
456.1122937  
1312.063073  
116.4594095  
147.4259532  
1052.043635  
137.7733526  
1939.357493  
566.7999868  
323.5236809  
65.54240427  
191.6995641  
1108.742922  
748.3692216  
578.7135582  
100.4024249  
120.9506818  
907.5471842  
381.8720931  
43.29129752  
172.7860666  
89.12417487  
26.82766364  
21.22590952  
430.1978654  
62.54709306  
31.99581282  
483.9059181  
595.6994384  
1464.473667  
508.6019421  
546.8828345  
36.39516529  
115.2760577  
5.719152381  
129.7921973  
213.6379714  
346.3181548  
664.7421478  
51.90190838  
659.1265701  
110.2281803  
408.5423114  
1805.241701  
1130.623968  
88.32302238  
842.83403  
639.0635333  
10.95190558  
88.00628218  
554.7426603  
383.8457982  
45.65693463  
94.83304459  
405.2916777  
1344.717021  
69.61848095  
1653.879647  
16.50809652  
1.205395869  
1248.368226  
150.9070605  
146.2543856  
327.0305094  
15.90571304  
17.65002505  
196.5708735  
395.6615313  
549.5919095  
938.3817648  
280.9243631  
21.34470775  
307.3740196  
234.1740375  
1182.866389  
14.42713353  
157.5644349  
135.1799316  
25.08300688  
182.5713398  
180.487802  
91.15445283  
871.213351  
467.3370268  
171.982128  
34.01619567  
