180.8486661  
573.4138597  
399.4918442  
1917.870653  
22.30374948  
437.9482256  
319.8843348  
161.5086023  
155.5221858  
1031.188607  
615.3754721  
1209.926947  
117.2088213  
1998.190327  
735.2648032  
89.23308338  
222.9680591  
178.9900255  
90.68300646  
1014.24535  
1014.772125  
271.9580033  
1321.588018  
283.3881783  
1153.085278  
973.4826196  
281.780053  
154.5527138  
241.1628619  
719.2010248  
1134.294168  
198.7985175  
1277.255282  
2051.612394  
112.9789068  
220.8540923  
20.24913184  
98.52514138  
298.7099314  
696.5365035  
359.9982866  
1531.88915  
1172.629456  
172.3778034  
85.56185296  
575.1348292  
25.36852572  
1357.162136  
347.6043466  
544.4343524  
25.27577835  
4.335802128  
313.7582653  
241.7809193  
232.3963281  
877.8639133  
20.41636593  
110.7794762  
289.4108436  
483.9394764  
1111.736042  
911.3061752  
3.370537593  
2091.394596  
505.4103736  
1151.695702  
3593.859692  
522.8372517  
808.220755  
63.39778595  
1020.408648  
46.92753183  
1081.714665  
100.2592243  
39.11718876  
237.6654307  
87.26218216  
596.8816524  
81.26542004  
210.1948155  
101.9626332  
491.9277902  
2719.321614  
460.5604723  
1218.205193  
69.7920567  
907.0660537  
32.27040969  
140.9937321  
67.41128777  
755.2267057  
646.6140643  
119.2518658  
222.1254422  
249.8620446  
20.06956313  
537.9376426  
3.465417581  
307.7972793  
58.87963859  
69.58117367  
504.2373463  
299.4138022  
321.2845755  
69.44295296  
11.82360978  
51.14981541  
31.29816106  
146.9870059  
81.40578487  
94.95567245  
509.772672  
108.1136845  
52.69605267  
255.8626497  
334.2131595  
226.9344071  
612.4890675  
113.2934908  
121.3637842  
123.6327954  
155.246724  
26.56132114  
427.4835508  
81.63729738  
305.9195669  
93.22775853  
585.9407106  
549.6741314  
255.5415483  
454.1242263  
162.2965887  
709.9911123  
292.3481228  
18.06391102  
80.73540937  
299.9908603  
51.59897654  
1086.53309  
201.6126922  
123.5580888  
220.161587  
30.1048211  
1694.136164  
51.52105833  
284.4807049  
216.5756852  
228.8124412  
179.6048647  
220.7883963  
447.7679122  
24.29671184  
246.7568327  
803.1713408  
128.5286729  
370.3090055  
214.2445196  
1348.872206  
186.4100569  
1280.987642  
276.1466676  
449.9117442  
2.36673604  
433.3644184  
178.8641684  
15.02893336  
158.8145445  
57.75202073  
441.2942159  
183.4758082  
82.75156491  
44.7555998  
0.09190033791  
222.6989484  
31.42108345  
622.6333647  
634.1725685  
199.5562442  
524.5256623  
1016.929608  
244.5184192  
108.7995569  
226.9519864  
543.159984  
680.7495019  
668.2393839  
169.75155  
87.49892972  
740.3266794  
202.7040406  
264.2950705  
118.4801521  
189.4652254  
648.2303144  
274.1396528  
26.32323038  
75.00345306  
15.84150642  
81.05582425  
113.9806713  
81.98300558  
125.8686933  
444.3412676  
799.0974778  
83.28867347  
228.399062  
546.680602  
15.19982654  
61.91298194  
205.9069031  
