45.90043057  
205.8783133  
538.1740077  
14.07472092  
1087.326491  
973.0136512  
91.49992125  
34.34022582  
508.7013194  
403.336665  
232.0006897  
787.4226302  
121.4079637  
306.5117655  
447.7997031  
494.8742474  
351.9648584  
453.6639547  
722.6534607  
498.0393437  
818.5604558  
662.8440493  
1062.517078  
367.1011362  
104.1778905  
401.2072215  
203.8316637  
408.4934315  
695.3763601  
653.7071312  
309.5860769  
222.4720249  
89.44803258  
150.8223926  
30.38659405  
271.390087  
368.9808432  
496.9946238  
26.78387841  
843.6457103  
193.7571797  
243.7488413  
486.4951388  
437.5961807  
1207.982854  
622.4191258  
1042.056079  
20.16454138  
592.7688355  
1030.831751  
266.4193243  
101.6969716  
296.7101444  
238.6003168  
12.62382179  
649.7292983  
131.4019659  
2899.595147  
145.46904  
0.6530657754  
417.1332612  
715.3624222  
1394.825177  
881.7351218  
2295.970362  
3242.886073  
262.9961283  
339.2528298  
1468.489446  
132.8893137  
574.0981828  
2517.234855  
184.9864571  
1078.731697  
420.9552635  
193.9107039  
561.9421643  
210.7434516  
567.0270459  
180.0072248  
94.41889626  
25.02850872  
218.3077512  
811.7171807  
219.4660705  
38.23050632  
74.67894692  
31.04967427  
13.89128236  
900.6086665  
82.41944156  
50.26123178  
184.4434135  
395.5321779  
765.0998342  
48.66091405  
490.8591276  
325.9718629  
278.4776537  
333.3501116  
106.8797246  
931.8716133  
286.7886709  
31.13196752  
337.5519832  
548.9157716  
642.148305  
7.777742495  
218.3466794  
212.7811255  
488.5898614  
313.523849  
71.75246861  
135.2086743  
315.6367827  
128.1869912  
171.5991891  
419.3748326  
278.4417858  
33.39864687  
100.3137323  
419.4076821  
82.64724355  
776.4738306  
481.4348644  
495.5141619  
605.2403999  
169.5197576  
575.715378  
56.08159855  
50.39399438  
500.0574  
1412.848332  
177.2389892  
205.1870976  
63.81303862  
125.404513  
1033.246323  
83.94473865  
92.78231936  
52.45840832  
353.9175302  
116.3857665  
179.0520508  
409.7064484  
652.5271808  
279.6569813  
40.8538687  
279.3605117  
1786.740811  
146.2361158  
321.2846779  
451.6724439  
584.9802931  
312.7272432  
853.7855767  
221.241773  
292.9338633  
390.0312175  
117.8294931  
67.01654656  
465.1140376  
478.4989851  
0.545586387  
236.7378463  
51.39782652  
112.4915143  
1417.158879  
203.4101588  
162.3406451  
1101.297719  
283.6769941  
161.7065078  
667.8366871  
1104.652897  
355.2068985  
163.0403484  
516.0168008  
661.7898939  
149.973997  
1322.016824  
377.2416923  
1177.276161  
51.83926029  
242.5965276  
9.632840707  
262.8285118  
104.2086739  
131.2554793  
381.0117606  
169.6232959  
124.6517012  
180.2405117  
156.5168597  
288.3327991  
311.2805216  
82.1546728  
538.2573806  
282.5596829  
95.79611513  
179.1848434  
271.5045291  
94.60920126  
13.86620137  
394.8566299  
250.2832921  
703.3448612  
55.73537021  
193.1126406  
4.869948926  
