95.89495722  
305.9067551  
4340.457665  
1367.318125  
25.65838935  
424.0607957  
346.7060947  
380.2787995  
150.6983779  
197.1994127  
1041.398472  
366.3937199  
75.82281476  
240.9395144  
540.4415513  
3.125925508  
329.238571  
677.6870341  
469.596894  
1823.465862  
920.6667053  
880.0880079  
463.8079614  
805.2348755  
921.2467966  
204.6045057  
1029.151812  
253.7380649  
54.14565451  
65.06444608  
550.3533672  
100.0526912  
1714.944281  
486.6119735  
1490.038023  
579.5793785  
198.6957792  
84.13308047  
61.0878785  
206.3082531  
368.0129139  
85.59696707  
309.4278411  
398.4917208  
803.4310147  
70.20265055  
519.3477229  
275.3002308  
6.338585311  
7.473944155  
1099.428108  
1295.965832  
1948.205379  
1055.500904  
959.7052303  
937.5003163  
857.0612552  
432.0871256  
784.4549996  
391.2657323  
964.9670692  
1729.04958  
49.79551248  
286.7963569  
1304.431906  
100.3152345  
118.6348728  
245.8711544  
567.5889557  
2308.911285  
209.0882177  
2056.385744  
551.6298194  
2138.75393  
1014.386264  
86.76087759  
466.0135699  
2020.820474  
401.6075259  
812.4393649  
504.0406918  
85.88946214  
149.2386245  
26.46144984  
224.5502364  
22.34623003  
424.7886947  
164.0065177  
437.1827901  
457.7937508  
193.8169394  
91.47593213  
251.0240732  
417.3230492  
306.1460862  
18.09798153  
225.1001376  
544.4981675  
33.41088017  
831.7701381  
954.3307263  
233.6640628  
35.92885579  
27.98319082  
264.7780929  
184.9947057  
10.30619319  
235.3276277  
68.56962913  
88.35199479  
35.37143043  
46.2010403  
5.236629286  
279.0348887  
311.0787092  
122.4597213  
156.5602762  
420.2712566  
127.523424  
556.5616317  
77.25289018  
402.4949307  
287.1287183  
735.9924955  
156.8774744  
386.4824107  
214.7347772  
1041.576218  
617.0842724  
277.0978928  
82.70643524  
251.2300495  
341.7694336  
98.83666042  
195.5678084  
411.8175668  
182.1354009  
115.5894454  
33.33591925  
82.71765781  
87.42297164  
5.408062714  
113.3215128  
84.59708201  
0.8026489095  
42.37199847  
522.3844422  
124.1739295  
416.7049247  
416.3966483  
115.5991656  
367.2381879  
4.111816757  
196.0717419  
313.3614759  
44.08114126  
265.1710882  
66.11563281  
60.55251502  
313.2274174  
210.2245823  
52.19407083  
207.728994  
826.0469687  
103.4277426  
168.9256376  
498.1811873  
97.71910809  
147.1245268  
934.8938583  
834.4131049  
865.2295885  
6.363566881  
264.6936596  
1266.857656  
389.1296425  
6.09207243  
280.1361768  
529.1221853  
127.8326097  
9.612128151  
51.54889472  
720.0107383  
1.278434595  
439.8152955  
377.6542601  
39.75972543  
167.303085  
76.04967547  
440.4815327  
63.03743097  
128.7526556  
129.2482  
84.05375889  
55.01841225  
208.0804062  
300.7523958  
379.2571125  
68.30754661  
13.01334334  
937.7770635  
67.07802227  
87.49412018  
153.0117198  
50.33777574  
349.4162844  
1225.118561  
54.5692588  
13.89597186  
92.00203304  
