1668.419468  
436.9492589  
127.5059764  
586.8892919  
137.900502  
125.1590023  
282.9555724  
1065.766668  
487.1277135  
322.164701  
108.1206347  
220.0862405  
14.45149656  
341.880213  
765.732054  
726.1720854  
428.3514954  
303.8346378  
222.4579197  
704.4845037  
18.97697177  
867.313953  
18.60999337  
16.23954497  
232.650262  
92.46223759  
287.8422659  
7.395465965  
397.5325326  
113.7371195  
888.7559157  
12.86762335  
356.5611976  
137.1870273  
37.11836401  
257.3935692  
34.54799502  
194.2044597  
284.3879301  
326.4004692  
304.7047214  
305.9634717  
67.25415602  
107.477713  
321.9681733  
291.004534  
294.3371658  
215.9886724  
220.546022  
493.7604484  
107.6340605  
80.18143562  
90.28685641  
161.6765686  
29.60046008  
14.57319439  
40.29631154  
103.7428816  
227.8286243  
476.0433246  
47.97098436  
25.75133923  
40.13757485  
9.078815415  
113.0391249  
1050.701621  
26.65584846  
363.5549798  
143.9461989  
337.8118688  
28.01783334  
373.6819552  
335.9188839  
408.5731004  
171.7371208  
22.20594348  
10.85438207  
56.51402754  
115.5616199  
148.6100114  
85.63055021  
26.11768261  
119.113293  
43.67322725  
188.8669197  
875.0879436  
189.0162053  
17.63554794  
27.40629901  
7.406332126  
97.94921331  
465.1521511  
134.7833616  
50.57095435  
20.3108174  
322.1709519  
3.38090752  
142.2837671  
171.0857664  
100.0561422  
121.4962989  
77.7678517  
75.21743143  
27.98172421  
23.59548295  
360.2307007  
160.9896225  
89.78504581  
154.9683199  
230.9299109  
963.9968418  
293.2331474  
99.04736157  
512.98444  
29.37220313  
27.40448743  
262.670626  
885.9688541  
1376.86438  
1301.372732  
1290.076326  
187.1244822  
216.5863859  
768.2310379  
324.9067659  
6036.273934  
1519.934951  
274.6696008  
15781.76371  
2008.883999  
172.6942942  
3542.593315  
567.598984  
1672.522674  
1477.096936  
899.2376874  
573.3108598  
279.0134194  
783.9101491  
136.5202642  
378.7218592  
1657.709093  
142.5801767  
178.4444361  
415.1059127  
558.3997789  
468.0884152  
405.8603054  
366.1394834  
92.34173877  
1196.035102  
77.18443079  
938.5284928  
771.6498562  
101.4946794  
49.57989069  
234.953984  
141.5435079  
353.9310287  
25.56560519  
151.6630921  
372.3070373  
291.189984  
6.542618134  
44.07062349  
561.4571206  
144.8602793  
96.06623187  
270.2867065  
106.1384184  
651.8187308  
68.62005171  
183.8952891  
406.4664422  
84.0460697  
100.1088723  
24.53664555  
347.7543974  
194.6490225  
21.05813293  
26.24620245  
746.9345941  
741.7192162  
107.9266114  
17.49869027  
122.7555407  
356.0165365  
265.0495956  
74.84641898  
266.8235962  
162.171283  
59.32343651  
24.01897871  
23.50284432  
13.94206166  
131.8301936  
10.97129287  
30.34964494  
179.5029467  
154.2241461  
51.85602112  
157.1414097  
542.7689041  
184.9534008  
138.0871667  
5.477083939  
77.91604086  
375.7854867  
91.37726399  
94.55642709  
