160.3213755  
53.35165574  
89.05410669  
2464.993953  
404.7725564  
907.7854802  
515.548126  
436.67373  
1041.331117  
654.856318  
1165.488092  
2041.641984  
284.1056579  
814.9026808  
269.3351065  
510.2336214  
519.5120208  
41.03780695  
1287.121441  
217.5903725  
245.3321877  
9.110690642  
16.52665623  
226.8041349  
189.991061  
722.5650679  
1123.0913  
223.1785551  
266.2696468  
1880.702416  
111.7560195  
548.9649218  
323.4276124  
386.0187182  
328.7564457  
106.0628338  
98.45681146  
70.16565815  
314.6608999  
16.30126274  
566.1875855  
767.4911342  
604.5647265  
24.93919722  
513.5528242  
596.5363259  
166.7750486  
233.6265491  
16.88820195  
1810.499952  
89.08973602  
437.9455379  
109.8277656  
813.3048578  
107.4225428  
456.8945938  
111.2156801  
505.5791886  
576.1781847  
457.7865913  
420.4896642  
723.8765742  
1780.141999  
299.7978728  
666.5549553  
398.3107511  
1043.917984  
2446.423205  
307.8510487  
457.1862711  
144.4152341  
21.47665206  
151.4963448  
356.0372488  
913.4635957  
165.0288769  
80.02526985  
936.8845761  
272.5869553  
69.11432465  
70.58047158  
1628.928009  
52.53970383  
166.8801439  
41.92334986  
232.3383606  
262.917587  
237.3780496  
604.319466  
112.5911  
685.2600737  
377.3115768  
92.29185101  
406.7089849  
475.0543043  
343.9962696  
142.0593444  
173.114259  
104.007321  
10.75552123  
37.7187052  
239.993939  
138.8761738  
412.2699717  
22.7281855  
336.697947  
455.083743  
348.9026852  
104.2267201  
18.02003395  
481.6531504  
145.8805086  
90.78673681  
297.5251905  
95.58548039  
37.25898744  
188.0649096  
170.9045925  
112.4989129  
243.8015672  
608.5250058  
986.7392956  
255.7181759  
656.0488631  
153.0207686  
18.87276275  
802.0035882  
671.9910856  
1471.27424  
1287.738822  
78.04625314  
998.0740896  
163.0468573  
11.84591758  
306.6572595  
61.03105158  
907.553623  
41.15693978  
5.104320387  
347.3575218  
281.91991  
425.0712641  
14.98236013  
102.8027506  
486.3853445  
302.1187563  
79.42565695  
196.7295565  
351.0034081  
13.97584009  
450.5344354  
34.29604914  
598.5221134  
497.3775005  
80.77689943  
464.3771298  
390.3124818  
138.8089459  
296.1497521  
158.9495089  
725.2979751  
158.7055006  
596.2025818  
648.9076499  
86.32767581  
390.028967  
211.1211346  
112.7324  
540.1649386  
1020.106563  
488.4434961  
106.465898  
460.4363883  
507.4784759  
215.2086125  
482.9657298  
605.8775864  
80.40405932  
78.05119063  
215.1873571  
796.6968229  
293.8303258  
1136.500593  
16.2702417  
589.4557103  
129.0163491  
138.1493367  
509.2024759  
622.4145889  
493.2864216  
3579.519572  
514.6767733  
75.3999343  
683.9817674  
83.78874859  
19.1146589  
106.3333866  
124.1349187  
434.6675232  
64.12469052  
268.548388  
183.2257299  
50.4418146  
328.7915035  
10.25841622  
100.5821248  
1524.370723  
100.1142619  
15.15263038  
325.7793282  
