22.0444647  
3137.251128  
774.815721  
470.7981686  
144.3413563  
186.4809836  
423.9283096  
692.2040622  
152.405502  
315.0729833  
1034.784228  
36.79966657  
1965.591159  
41.60767208  
136.1785599  
910.7732886  
533.0779694  
2667.174855  
438.9932166  
259.9342405  
521.8598503  
110.194694  
1460.510932  
115.7346619  
1591.472389  
507.7797234  
1975.36292  
100.1250852  
235.2557607  
448.910296  
387.2601765  
153.465708  
32.3776074  
1938.751349  
72.25831384  
182.5606371  
860.3607016  
1092.607984  
549.2025657  
388.4614017  
510.6765154  
207.1648365  
109.9467899  
844.6662577  
416.4556545  
251.0942882  
301.8014241  
1551.516233  
143.7730637  
251.9334518  
435.6081027  
1526.431873  
566.8792504  
937.3633008  
2143.82457  
2062.876536  
1385.97072  
1990.68507  
297.5635237  
1712.638349  
384.1205716  
489.4036806  
200.7943988  
413.3860909  
118.1259842  
444.7528614  
2371.629965  
761.2918428  
494.1161273  
390.996444  
2568.154636  
381.2652705  
2398.531567  
1650.275865  
481.7604798  
596.1560676  
1081.033379  
274.2539644  
460.1613506  
166.588905  
744.2856432  
435.6739871  
342.2596739  
880.4324623  
737.7301167  
326.1547341  
242.1147014  
32.93347064  
52.37062733  
565.776208  
11.27727688  
25.34221312  
159.0733626  
199.5131345  
118.7720203  
73.54308307  
34.51120518  
180.3775042  
78.96035958  
76.29745737  
27.81337186  
75.35127127  
196.6354605  
103.5256541  
185.6335703  
81.68633415  
171.1710199  
0.5947284342  
344.0487781  
224.9083225  
39.76950508  
93.74295631  
322.6396304  
190.8484998  
17.47798078  
29.91427824  
468.1098052  
680.5688943  
62.55622149  
56.07117818  
127.1976246  
115.9363784  
206.1159981  
96.80342684  
421.5373105  
31.78270716  
87.95348398  
73.40450046  
291.5237779  
398.9944458  
291.8653692  
1003.868278  
123.1378805  
254.6020203  
137.5030442  
82.50950851  
436.0857124  
413.8112479  
353.804542  
24.39371638  
194.9266102  
77.15047983  
225.5824882  
507.2565119  
565.5982743  
79.57270831  
169.7134155  
273.2602931  
764.6865592  
199.9238655  
189.0858207  
170.8807319  
155.4729947  
88.25096688  
36.40348038  
89.93928388  
138.7560405  
547.1817484  
39.13069076  
147.0144957  
149.759018  
136.2560819  
112.5230425  
289.3826847  
225.2563226  
1063.899721  
51.85888703  
53.5933086  
85.12334381  
166.8004808  
431.0669303  
127.5756624  
183.2364427  
587.2478149  
136.8400218  
91.61360148  
642.9735906  
93.51016642  
7.932547772  
173.1822673  
163.8220156  
238.4806955  
257.0688779  
309.2423503  
79.37704301  
62.98879125  
34.11569865  
24.70278545  
693.4446991  
25.18306693  
87.43064046  
172.7389532  
71.32238267  
86.24741796  
123.3350465  
158.293888  
137.39202  
55.8488434  
126.3940704  
171.4800297  
48.52569429  
61.75214371  
192.5694099  
135.417278  
61.16413255  
188.3496789  
109.5034401  
12.51417985  
108.6269234  
31.02235183  
