4.361855334  
335.0986103  
492.9232592  
1681.717547  
1943.187172  
238.8604824  
367.0620145  
1149.228403  
134.4074347  
305.5284732  
39.12826177  
73.73338324  
82.98700826  
231.5313691  
604.2002979  
43.30025204  
454.410656  
3134.772862  
1465.28429  
172.5901695  
1407.23576  
1382.580474  
328.5765919  
52.40685186  
55.49041849  
412.9299905  
643.4687487  
550.0018108  
132.2260513  
614.7024099  
525.3231179  
104.1401738  
773.6425809  
34.11921411  
53.76840049  
221.2686476  
443.1887853  
506.7413987  
15.51374284  
1044.228347  
103.0974247  
22.05322694  
570.4587189  
236.2500286  
416.2933965  
132.9663344  
672.8919525  
890.0575161  
223.467943  
337.0317943  
296.9454489  
163.0245325  
899.8512126  
743.2003359  
1095.85782  
225.479631  
724.140313  
146.6398828  
466.4283974  
664.4292057  
1488.385541  
350.7189713  
1046.736991  
1423.481138  
1419.49039  
1774.450092  
2786.643123  
705.0134785  
5911.026918  
1108.362544  
419.2261566  
1448.77563  
722.2302348  
3208.98775  
1505.854832  
783.0810405  
419.2014738  
274.2338702  
21.25697835  
203.2814694  
300.8106356  
145.995258  
179.8594836  
15.57912588  
146.8888504  
531.2897345  
95.61914601  
299.8973109  
219.1204795  
214.2793214  
14.95843162  
174.1562673  
23.4077647  
231.9274198  
127.0507313  
20.55287413  
349.4945754  
120.5660756  
587.329736  
141.5183617  
191.5700696  
0.972780853  
75.33783881  
68.78328462  
602.1326684  
176.294824  
7.670561701  
63.65584502  
141.4615062  
56.89657592  
334.1219989  
247.8867573  
143.3886928  
551.5022648  
189.5571493  
507.6355308  
344.4842034  
175.2868928  
2.619594356  
208.6838807  
84.47417562  
628.4095231  
105.9655844  
42.50144678  
347.1534445  
59.63373263  
137.170255  
196.8599614  
272.5520865  
317.8927722  
630.3081261  
399.7018849  
107.4391979  
66.39042218  
2.301500487  
625.5252766  
451.2945299  
125.5417305  
56.83434277  
216.3675152  
61.06626504  
76.06173319  
7.276687248  
192.6281912  
197.7816893  
0.9682743186  
30.6392674  
103.602879  
76.23209335  
303.2713457  
89.97207565  
565.5883809  
407.660819  
132.5606121  
133.3298985  
20.86457765  
46.18364009  
392.3974372  
1295.740009  
183.2900599  
24.68944613  
237.9656752  
116.8206773  
71.28098249  
494.4093299  
159.8648868  
705.5137213  
790.2274283  
12.00358045  
101.3939504  
348.947217  
84.95442634  
280.5023291  
286.068663  
14.76574495  
200.5078394  
404.018359  
567.9150837  
152.5778502  
207.3092579  
640.3874166  
335.2952138  
14.95594351  
51.58540712  
289.9535279  
221.277703  
10.82325783  
871.78747  
75.92440886  
171.3286249  
38.71786457  
35.21033739  
262.5388457  
633.2297459  
18.57287125  
168.7151938  
138.8052916  
36.75806005  
20.98633051  
110.4687072  
498.0314668  
45.95490345  
277.1891015  
328.6427453  
558.3222781  
550.3892764  
443.0341225  
102.3612508  
42.75792183  
411.4185146  
