650.4781162  
935.0647497  
559.3966283  
2.3487664  
136.3826126  
251.5852723  
39.99857008  
1793.302208  
427.7777477  
66.04350482  
129.6989077  
160.0573121  
438.5013067  
0.2984070164  
1892.686399  
1327.332143  
195.3921281  
817.4495159  
1079.609162  
2322.455672  
756.4839957  
2938.941547  
655.4012748  
1195.904827  
819.5517698  
412.1678986  
121.2620403  
366.4403551  
192.2617109  
470.3577098  
362.977381  
371.6847016  
293.143098  
391.2998571  
160.2767167  
55.58385915  
54.25074359  
188.2652471  
79.12677328  
116.0549269  
125.767556  
453.2277298  
2.383530525  
129.1242838  
244.4318172  
460.4871922  
17.57970688  
38.91214845  
127.2049408  
82.06963761  
39.71791817  
85.93549997  
263.6172582  
1277.843203  
1130.695372  
910.5548343  
41.67098662  
2781.084871  
27.47474435  
1118.213316  
438.1774328  
196.4246748  
343.0136068  
919.9569823  
132.6074157  
231.0143927  
2023.514572  
153.5661651  
589.1021104  
247.187673  
292.1385049  
938.7460533  
933.5270596  
168.4108533  
1033.019095  
233.9248376  
5.57557985  
458.7335866  
83.54412933  
208.389073  
856.2367937  
311.193396  
10.32812727  
62.38414763  
81.35699856  
83.30442958  
326.3531705  
17.13012941  
290.9839075  
66.42601072  
426.9095427  
313.5653518  
128.0156602  
348.3432965  
1031.373411  
99.80990953  
190.0076501  
489.7588595  
216.3169881  
230.3353216  
72.20104075  
394.5752821  
329.6916787  
161.7255606  
258.5133853  
16.23219335  
139.5576261  
908.9221173  
119.7458156  
375.6988928  
599.377618  
498.4916162  
221.2599239  
413.6065917  
530.9495993  
589.324498  
327.9888287  
82.61317153  
61.40312528  
915.0791334  
192.9947538  
94.59538833  
782.3575728  
92.41005019  
946.0250891  
229.5375788  
819.4808296  
484.8221245  
885.9010669  
245.1100661  
516.318516  
215.3954637  
1472.051589  
1018.740895  
33.65411055  
40.574786  
0.7682468949  
629.7949772  
233.9448915  
67.61388831  
423.8728614  
298.869131  
100.2092252  
457.8924719  
334.0145201  
9.408143519  
226.5818778  
61.89946815  
184.3979222  
19.49401144  
15.47375525  
583.5390559  
55.85948534  
123.7103587  
310.2062671  
789.4299624  
665.1258676  
74.1547612  
123.4011024  
728.3223066  
743.1209014  
362.0008546  
24.06201213  
107.3937897  
478.2011216  
631.883182  
583.6494616  
31.35233037  
279.01661  
8.996705129  
76.52288373  
559.6692645  
11.86390431  
1118.533039  
1079.196186  
177.1138382  
1425.99582  
216.5623644  
126.8912359  
710.7725793  
73.02963362  
1548.339349  
203.059665  
196.6492844  
900.9910532  
62.23712882  
177.5458515  
413.1396147  
251.3716038  
995.7138568  
187.7831203  
12.6082301  
169.1644443  
139.4668487  
112.5923438  
1070.187451  
546.1325688  
616.7763078  
330.011541  
196.9121852  
18.15823637  
306.2547772  
517.080519  
117.1386767  
100.0248119  
208.8064975  
229.7928894  
62.4105446  
18.48527448  
108.8529183  
