56.18388838  
339.9386488  
516.4962214  
125.7099419  
238.1913586  
80.78352792  
573.0767741  
756.8499755  
68.59620083  
162.3679592  
898.2660641  
848.1080186  
206.8478405  
1120.401943  
826.9405081  
486.901001  
25.40493984  
914.6173805  
636.9925335  
407.045578  
1136.261753  
11.8757801  
179.4300995  
1378.991515  
82.80830631  
506.1472961  
408.1986691  
195.307415  
1345.061498  
515.1427635  
239.2079551  
1820.702302  
1684.523392  
215.7755978  
849.5390964  
168.7949976  
1216.233397  
110.786519  
577.550741  
675.4450545  
1502.837792  
386.9305691  
476.7635859  
453.8484991  
1252.556486  
34.92595045  
954.2684844  
61.09272864  
408.6584633  
201.6712881  
241.0716907  
503.8815577  
304.7804196  
48.74605199  
1599.523009  
731.4147882  
1326.703703  
12.19586232  
189.337075  
1988.575622  
848.0854708  
379.8819664  
3118.275186  
1711.097872  
633.5417983  
969.3974784  
488.6643815  
864.7954073  
28.00030592  
753.5671361  
418.3305302  
852.8046146  
1145.786279  
323.6721786  
466.1885716  
849.7470771  
599.5382546  
506.9589493  
34.29640797  
7.361209934  
591.9929274  
177.6314214  
94.80471333  
92.1702646  
219.1459647  
15.91212678  
385.7472275  
200.4754969  
630.238002  
564.6091672  
965.8455431  
284.2240052  
95.98319145  
433.9567754  
461.1443048  
15.70271387  
160.2259092  
373.240426  
216.0384301  
172.4626613  
230.3828922  
173.3071652  
11.10334384  
78.39165513  
391.7106655  
237.4049208  
791.3990607  
467.1604687  
201.0094346  
29.91161868  
424.2721176  
67.57556752  
31.56268603  
530.7906805  
764.3003814  
63.8286222  
460.5207178  
246.1591773  
57.60368296  
51.70959442  
108.2294725  
163.3457513  
473.2556705  
263.2505776  
15.35281185  
148.664873  
400.4219064  
796.0872417  
150.8619458  
416.7896486  
449.5288818  
426.0801352  
836.9853141  
1206.757564  
3.888045516  
43.4639315  
223.0175735  
1141.735135  
257.6370526  
467.0161465  
675.6707186  
142.7346657  
519.1887417  
322.8784607  
80.51496543  
5.565726102  
761.8408369  
126.4792234  
94.19457144  
63.73120214  
770.6894008  
772.1503841  
290.9613183  
1020.911427  
109.1521541  
210.0647761  
243.5571671  
595.7608357  
63.34737511  
582.9775198  
292.8147213  
234.1215221  
12.64158411  
191.3181817  
75.51591538  
267.5527927  
303.9851548  
74.98866942  
184.6605901  
76.0528941  
288.3698231  
47.68303024  
50.91925259  
504.362352  
231.4202159  
11.37188426  
254.1588198  
329.2429983  
212.1469916  
119.9320764  
228.0110098  
2.510452071  
142.1267706  
1115.389214  
14.8824934  
790.8869842  
93.08206974  
470.6292611  
346.2948045  
396.2975899  
64.57139068  
1057.780505  
93.86211191  
22.35552369  
78.06948263  
51.61045846  
246.9598214  
12.91232334  
261.0207  
3.166224718  
249.1820939  
903.4359807  
59.25315802  
16.70815284  
100.674418  
66.94258034  
41.66922717  
14.51941815  
26.13722803  
124.2461086  
