910.999008  
785.9646367  
27.44025164  
123.8197319  
85.71011308  
1028.681072  
602.8901664  
1653.268121  
1045.377078  
143.0764642  
175.7273545  
281.7328532  
1027.892948  
71.33810796  
86.48638479  
52.3485206  
388.0726928  
28.59134795  
223.9784532  
2688.195115  
595.6475124  
102.7688291  
441.210483  
56.73171289  
1126.788661  
261.6674702  
1533.839251  
849.4932412  
3302.590937  
1176.539912  
522.1422531  
344.0822746  
447.5651844  
829.8158751  
86.89233423  
15.03243788  
575.51282  
312.2898017  
532.4391107  
837.6995126  
303.0865857  
281.4271117  
469.296565  
46.05796437  
1730.119708  
638.3790231  
128.8058414  
419.1202574  
128.1465276  
169.4430713  
109.3626475  
856.2295146  
190.0463928  
165.0553827  
806.8978721  
794.1377758  
157.0940135  
19.10221951  
745.5471298  
385.2544528  
641.2926413  
221.5515947  
191.007196  
105.2907846  
145.1558795  
47.35421666  
142.6711363  
278.3283142  
1157.090687  
315.1190422  
888.7204656  
926.6557177  
1084.161699  
734.3270746  
160.5321938  
357.3432282  
827.571919  
34.8015902  
1854.366962  
223.0367866  
705.0944843  
265.576556  
312.2472443  
327.8598727  
550.5240138  
1050.491123  
206.9166546  
223.6347843  
239.1083431  
132.8521211  
24.87083048  
680.1235071  
280.5435746  
814.7272969  
266.9070981  
1244.238219  
274.5309785  
452.7699752  
607.5375808  
577.2896288  
264.4116528  
78.64928709  
328.6508902  
244.1736253  
308.0004049  
2.395337556  
931.8558727  
153.6816341  
424.0634112  
705.5627775  
218.247393  
100.5932314  
385.2741947  
361.3493142  
1008.128937  
632.1177603  
99.8838602  
220.7082707  
87.02946516  
688.8318487  
111.1170872  
116.5671937  
56.64170693  
179.6286385  
115.2888495  
32.93941073  
28.38652872  
787.9295859  
525.2050448  
876.6640121  
24.62138039  
1042.688218  
81.46239571  
391.0110237  
103.1607006  
55.63207844  
458.1168053  
0.647804129  
151.9801016  
207.5527741  
80.44582491  
488.5043596  
11.8810075  
193.2514665  
525.7951769  
161.6158339  
117.3154135  
1097.892569  
148.3788166  
321.2793134  
239.0072559  
282.1603094  
77.27732709  
140.6581597  
280.5015916  
30.04456367  
190.8913159  
474.1694788  
24.79633319  
937.3096802  
444.3581953  
337.3219912  
251.2963198  
147.517483  
413.3154546  
58.04545027  
321.986065  
95.47564664  
918.5255606  
459.3688739  
357.670143  
137.8415935  
308.35042  
2105.325249  
18.67737242  
206.0153481  
206.6388598  
540.9321758  
690.8722579  
95.17424854  
198.1187903  
418.6792286  
584.1290377  
182.7449341  
358.8486066  
41.67934828  
585.4745591  
563.1211637  
85.76474736  
724.4602489  
447.7852855  
2.610698155  
218.1591562  
112.367571  
14.93637559  
381.5715189  
313.9694745  
218.0691059  
10.02948201  
75.49517077  
42.63717587  
111.194232  
778.8742066  
144.9636596  
75.60163142  
547.2360491  
80.78593368  
513.6863186  
120.7823684  
16.63159877  
