492.9904773  
433.2017824  
729.6140338  
42.86348203  
215.7346616  
318.0045798  
205.0234004  
140.9463635  
1174.030243  
1155.314049  
1794.048305  
14.33803164  
335.9837484  
176.7772527  
509.3875779  
960.6612547  
179.5207793  
74.73447198  
383.8100804  
542.3691678  
564.2071122  
559.180476  
691.9433267  
435.6591295  
1068.418847  
1502.842767  
137.5883407  
322.062113  
1135.703415  
254.1163073  
188.6007355  
655.392847  
1187.38548  
1.245809444  
301.4741315  
761.3266217  
917.3349839  
1563.136407  
176.0171416  
2201.642889  
283.8106368  
105.5057741  
166.2844137  
703.1822877  
27.35991328  
49.75577145  
1319.264002  
625.4068189  
20.62288811  
530.531116  
148.9659352  
954.1074747  
43.73120959  
190.0020369  
1476.167363  
469.7205764  
417.6904903  
480.1336916  
2993.82102  
270.4147424  
377.8535702  
472.7690844  
174.9028081  
6.823873061  
1451.740633  
1737.002923  
2892.144766  
428.2573817  
1090.164637  
414.8191533  
224.508332  
710.3046712  
95.1873687  
330.0270794  
789.2470685  
647.2569342  
270.6537252  
776.617215  
184.5887268  
124.2720608  
271.246883  
248.561308  
337.9492429  
132.0947173  
190.7381434  
174.6405032  
1296.593851  
56.90149989  
92.1307299  
714.5108598  
211.0102269  
167.3073007  
221.0249946  
473.8576052  
58.4441397  
79.74385448  
157.7529775  
25.90055783  
160.642283  
178.5215741  
347.548102  
101.8403641  
98.79326811  
278.5325022  
68.4607113  
137.3763421  
103.2105806  
808.9929455  
77.52333814  
172.2686404  
517.9263641  
102.1715297  
80.04694844  
64.32877233  
109.46199  
801.66415  
73.09878648  
484.3648373  
90.11695669  
292.1518682  
487.1784606  
409.9318212  
131.1862512  
341.3510059  
1252.618543  
345.7260509  
170.2741741  
485.2661253  
670.4121839  
1482.856422  
347.3749328  
88.9430787  
220.452928  
102.3764034  
564.8935913  
362.1813447  
374.8865256  
11.67648106  
5.216684183  
508.2649833  
567.8207288  
17.81534656  
496.8784784  
233.5372796  
256.4637913  
105.5607364  
921.4950803  
253.9975472  
264.3947557  
276.1540027  
118.2380511  
251.358255  
395.0965013  
459.7621821  
609.6819816  
26.13074095  
926.7830943  
127.4926099  
744.8665405  
923.7031671  
354.9267517  
42.16332547  
95.83711862  
196.9846909  
431.6183595  
445.416719  
219.5377161  
299.7063015  
394.8088732  
9.127903009  
42.08373495  
900.6490825  
104.8714724  
551.7916151  
182.9056889  
588.9564396  
480.5488113  
31.07168147  
54.5315582  
195.4828902  
56.0998463  
460.7996937  
87.69307603  
1166.052215  
679.4643775  
42.1713612  
391.7941184  
837.3745638  
213.3662847  
94.28986884  
37.48159249  
19.17596894  
24.85948414  
27.32183831  
308.5701638  
71.18237172  
37.08837821  
719.0762814  
51.19919359  
106.4884745  
3.404567558  
64.41298017  
52.27191973  
37.10075327  
129.2643474  
630.2084355  
51.39622129  
92.22957502  
400.7721236  
188.7305629  
