1031.829361  
1778.510203  
412.010966  
218.8189157  
193.622194  
86.78211903  
853.1626795  
145.2323482  
90.27375543  
294.9715851  
664.5720535  
461.7913368  
187.0512908  
361.6806427  
126.3702425  
313.9905082  
384.5075736  
333.4995371  
345.1873702  
228.645105  
273.5769185  
1106.277841  
182.5365096  
350.1421543  
259.0788689  
182.9556053  
185.2458159  
306.7187529  
271.3263202  
146.5205045  
355.9616358  
159.7230693  
986.7502704  
138.9160662  
359.2235569  
719.1290507  
1120.784836  
389.7170733  
217.0576631  
941.7038071  
412.0931131  
1417.772044  
984.1976016  
44.07789525  
123.6594944  
254.3099845  
430.3439032  
720.1956405  
251.3296528  
113.7927829  
40.140849  
139.6527313  
399.2588682  
554.2226562  
312.4349256  
36.19802604  
30.07509997  
392.1921815  
412.0679253  
1089.806084  
788.3333634  
436.9441572  
75.82362041  
2016.827489  
1144.126894  
912.4129889  
661.4805116  
1325.830671  
1519.20974  
2239.970719  
345.1305594  
1449.029095  
168.8800876  
201.0819029  
847.3947966  
3801.850946  
67.14335731  
429.9414328  
98.96660811  
443.2669222  
68.33639135  
2.92949298  
1404.015106  
75.29218986  
86.2341973  
289.9732525  
276.4799025  
47.67595393  
15.84623863  
455.7858536  
305.127535  
271.8976928  
121.5397575  
43.47198808  
206.4008645  
147.0466856  
81.23069521  
331.8465581  
135.0101657  
150.9901055  
340.4269794  
12.47193199  
158.262891  
874.616465  
167.8048108  
18.67941705  
332.4950027  
530.6675617  
140.904644  
766.5541763  
80.41515342  
530.7534067  
695.8183329  
20.09333847  
1069.488924  
309.8046299  
4.185356635  
214.5352056  
350.3603679  
358.158026  
8.016765997  
425.7832538  
66.75098786  
701.3458193  
152.3500422  
928.7395019  
219.3717183  
1345.69594  
457.2684033  
484.2397611  
231.9951104  
66.67286858  
1242.805833  
242.5066157  
251.5240005  
105.8524662  
1300.343114  
240.8934809  
69.17955401  
1405.272056  
76.5201039  
975.0645991  
530.2528745  
1170.213711  
57.24297748  
158.1634546  
59.44047007  
653.6956525  
337.2538258  
171.6651141  
386.5445715  
436.0287201  
1227.145321  
856.5876716  
112.6540209  
15.35433465  
88.71098359  
226.161619  
738.4074527  
90.84531195  
354.2307868  
240.6019503  
26.20152624  
741.3752822  
194.8854175  
510.6325769  
66.98179425  
26.44158411  
159.8978709  
532.4224072  
1246.411745  
71.01679786  
133.8830497  
85.18643768  
275.3804088  
610.5280897  
63.93890947  
315.7123441  
954.4720356  
325.0215418  
37.95561218  
547.843645  
339.7585289  
221.7084225  
27.53108418  
6.959856685  
199.9523505  
439.3528162  
39.81546727  
481.059421  
64.15861456  
12.07978816  
3.000301838  
56.06852243  
70.26141995  
40.72274526  
358.322697  
269.8471151  
39.02260989  
184.438768  
405.1389188  
36.5770214  
16.12315651  
605.7219527  
249.7630906  
269.0389627  
395.8215494  
647.5857402  
26.96863516  
1713.335738  
