1790.639266  
27.72930788  
1796.045892  
768.0131322  
255.6025712  
65.65796385  
482.1449551  
394.8503447  
166.4886455  
182.4072962  
268.1006526  
647.0734507  
247.7801354  
1187.006106  
312.3498239  
311.8902409  
1444.003217  
1774.18804  
33.51092665  
1155.929031  
677.0927043  
755.8533083  
272.6237821  
31.06555314  
3357.980981  
494.8534386  
621.5469231  
452.1002279  
1400.023382  
1035.457952  
1010.759077  
208.4538868  
174.5195693  
62.69919407  
87.75342749  
10.99120169  
178.9607424  
1140.622394  
332.6283456  
192.8119731  
598.0855129  
903.7770982  
1802.162704  
209.6016434  
183.6929576  
440.6458766  
628.0906383  
214.506267  
721.4533176  
399.1822042  
1247.013624  
12.80783275  
381.0720173  
2381.236601  
750.416366  
1341.074504  
34.88632258  
952.8050969  
662.740256  
229.4528268  
2251.298896  
195.7172962  
472.4913482  
253.2169239  
600.9499963  
820.0827116  
227.9821071  
464.4991459  
577.6966437  
335.5193775  
87.1126219  
732.7999412  
536.7469655  
880.2660342  
359.6435269  
406.8131558  
2628.261165  
36.93323582  
456.2463431  
178.8321741  
141.8702296  
114.7208206  
534.3018052  
541.9500816  
191.8633225  
297.0119863  
634.679676  
757.7099367  
433.2465123  
146.1537663  
406.77189  
422.6653361  
55.02241464  
370.9034961  
379.6081338  
60.9419565  
136.5793346  
205.942295  
717.7701416  
948.4026677  
21.70330928  
60.39625761  
23.7287734  
926.1155082  
51.95453202  
57.89933301  
311.8685398  
275.4387441  
73.23318218  
282.8539173  
298.0887071  
100.0524462  
230.23889  
302.8267479  
214.8616225  
233.8059544  
405.4760612  
232.6305792  
172.0902531  
497.8367941  
684.8417856  
645.870881  
735.4237984  
3.436387103  
122.7516266  
306.9364872  
97.79205301  
448.0471184  
151.7140764  
422.4336886  
105.6674545  
20.52543164  
124.6192365  
166.7662153  
565.8386439  
131.3380432  
663.0708172  
529.9356552  
517.6927367  
89.75330049  
582.4239693  
196.9633749  
300.5355401  
337.9833582  
214.246869  
904.5737534  
29.16517107  
318.7168189  
237.1315463  
231.7458561  
269.115483  
103.0803119  
4.419130499  
197.4122658  
108.8666856  
787.3188854  
326.3857231  
192.9512115  
96.22974484  
7.833418385  
155.6544539  
347.6748528  
83.6801563  
139.7163046  
941.8485179  
17.74256102  
151.3993948  
201.8552969  
645.0160892  
174.3932171  
837.1786247  
487.6218554  
524.727666  
278.5017943  
131.5538922  
273.2726898  
234.1925524  
420.9944688  
8.420286547  
328.8922777  
119.7799506  
124.7585119  
55.75393378  
198.2246751  
289.3008162  
120.698034  
11.13265716  
27.78196007  
29.11666518  
170.973261  
37.7824334  
72.35544413  
114.5791135  
108.1692383  
176.4688448  
8.772602193  
226.6316678  
9.572684717  
27.3478261  
508.1656411  
139.673208  
107.9240135  
285.5122642  
33.38034042  
512.8848107  
376.4220088  
404.4734533  
93.82624798  
519.5890233  
67.63773591  
