1890.101605  
2229.75679  
309.1904399  
559.2625402  
124.4266248  
514.5172416  
860.5070329  
380.6461838  
1097.856739  
380.5974331  
106.8221148  
706.6664463  
4.572879364  
917.5683914  
1275.290762  
848.5062181  
1580.93988  
19.53524373  
917.2463879  
519.7718954  
378.045378  
308.48609  
556.4594929  
380.9041763  
577.2424806  
72.97473914  
402.6667255  
401.795607  
1750.731467  
3383.163527  
507.8030288  
1006.049396  
343.2038953  
416.9000532  
1087.452758  
286.7819592  
258.0894849  
330.9681111  
62.43275981  
133.3824798  
179.2547235  
1758.862432  
1007.953849  
326.5998843  
640.4066776  
237.8185084  
459.1335255  
1211.465055  
569.7884654  
661.8769547  
443.4537712  
1028.969156  
1171.164204  
907.5783107  
101.4198159  
211.9118428  
43.93778851  
1069.363568  
1740.728022  
1743.318503  
1328.558787  
115.5229106  
207.0666083  
2447.687167  
0.7154307003  
1048.241398  
295.5169018  
204.9820645  
881.1890026  
336.0255382  
246.7097049  
1261.230704  
397.1378563  
655.5809148  
63.98737456  
581.3944117  
928.9913549  
691.7968741  
79.68469644  
58.54053746  
271.3520002  
61.69551413  
804.2824064  
253.907369  
10.69737611  
727.7195136  
548.004787  
440.2745954  
252.2213445  
98.89285695  
27.23985748  
127.055269  
1608.60804  
158.6502835  
43.39384342  
319.4013288  
189.9744366  
23.56005413  
316.0535106  
547.0438434  
115.7759068  
392.7045247  
82.4333263  
316.9090717  
52.98984981  
447.9820981  
27.24025383  
13.10767798  
103.8824941  
330.9311152  
220.4189231  
53.22786896  
299.6873744  
170.5763041  
699.914751  
107.3297054  
21.95362379  
93.17129599  
23.24932997  
108.0047077  
190.5181968  
62.81752087  
163.060519  
364.101986  
59.37919946  
186.8525128  
428.8196403  
816.4797705  
152.5091145  
53.66533866  
177.8224228  
1027.614345  
869.7494112  
87.40600998  
19.64802469  
168.5050794  
380.3405184  
235.642726  
227.8050864  
24.77646596  
157.8098248  
17.3047171  
48.50927881  
270.5759514  
765.1734127  
202.6449279  
18.14709191  
128.5649859  
850.9008986  
24.55354135  
315.5532802  
237.3557877  
137.1927667  
11.00528293  
181.0636525  
139.695259  
461.562832  
241.876965  
317.3629259  
75.25124878  
422.8103989  
1624.038711  
240.3204527  
238.7335619  
174.640656  
191.8667573  
77.74360291  
116.4453607  
583.6341586  
63.05043003  
17.01977508  
61.90352895  
169.5371839  
105.8574165  
680.5548526  
23.01067954  
124.3886603  
268.0747967  
81.18594693  
270.8687526  
30.90957428  
225.941566  
90.81455406  
447.6925918  
12.82950193  
18.01189201  
23.22856288  
38.15682575  
252.2400106  
171.3700612  
128.6468418  
18.90326049  
153.352407  
313.209835  
102.6376789  
688.0672006  
353.7413765  
802.193113  
36.80349926  
363.4864172  
40.53120792  
36.25828398  
120.192591  
326.7393653  
23.73762993  
801.9839969  
437.9035282  
98.73645301  
189.6171861  
120.7171946  
