251.2644839  
92.82020866  
202.7154415  
196.2110993  
133.6949283  
95.74214136  
366.1170483  
40.74065838  
270.5000113  
44.44789226  
238.1240616  
5.217466732  
41.8492704  
25.01727972  
101.954605  
7.159317568  
11.70718669  
60.71510217  
193.724322  
251.4964459  
243.3053306  
36.69516863  
0.1120748899  
114.6637209  
491.527621  
138.7882557  
178.6804072  
25.08153355  
305.1706513  
273.6341693  
1.440537981  
90.03222278  
182.6761745  
251.0917659  
209.3782406  
11.60742004  
27.6227566  
560.6932314  
99.37878801  
442.5334961  
947.8038892  
410.1209442  
16.37556406  
909.3231019  
222.6849214  
62.17303531  
408.9177093  
196.7630242  
178.1916471  
124.9239923  
41.41011609  
77.58684689  
20.90702628  
163.8419858  
90.29373482  
108.7479109  
66.87130711  
133.7484642  
130.0258256  
92.59360937  
41.32371625  
360.8140625  
119.1519684  
127.08569  
140.1923265  
58.18161652  
114.208313  
83.76019906  
186.6246001  
268.6128417  
140.3514978  
238.1913992  
89.83560322  
295.836728  
485.5101118  
17.1209613  
205.4537189  
393.7085542  
138.3903061  
864.6871284  
247.7569718  
646.1399376  
373.8086375  
155.9063727  
184.8604878  
214.5936416  
370.1432858  
52.37403818  
188.8434746  
65.0939894  
1034.457647  
89.15632759  
120.3270994  
119.0913572  
3.324528183  
126.6307868  
109.4653813  
439.7494354  
425.9698438  
149.5360522  
117.2478594  
87.49922458  
107.2104974  
31.97265777  
96.44555672  
199.9936159  
846.5651191  
3.182472098  
67.44000931  
354.0467369  
107.7031013  
48.54588305  
323.2242526  
293.5233007  
1017.502099  
1792.069621  
481.326184  
230.5379443  
487.7416846  
92.67573487  
249.6263964  
1345.535318  
543.6570034  
63.01760903  
141.8127805  
474.2786534  
2461.07526  
2688.39693  
156.5394445  
4813.320621  
1291.558517  
2844.489415  
368.3319992  
371.0300861  
198.5609895  
1031.238091  
47.00875033  
857.8886754  
683.3916182  
392.7476072  
1186.341894  
577.0111545  
234.9472964  
28.4105273  
24.90508287  
14.02794381  
50.49116439  
682.4195602  
268.2067614  
32.50805396  
414.5613573  
128.3904832  
202.7761261  
308.0550444  
85.73876642  
171.1035538  
178.9268081  
626.8596948  
303.2741782  
20.44223067  
566.6745945  
1083.062106  
1689.22892  
261.5871585  
1165.237808  
868.123662  
777.1032305  
4422.805953  
3556.774104  
1862.979188  
4418.97465  
354.0974421  
29.61554293  
1950.29724  
3676.788978  
1336.082198  
206.2697217  
35.62102198  
256.6231714  
973.3280963  
100.8096592  
98.24412762  
737.3797332  
113.5005009  
242.6524366  
13.32261393  
317.2713217  
225.2830535  
0.3415463307  
369.9692741  
220.048757  
49.17154975  
238.4211185  
24.37654781  
46.53139186  
4.677898914  
0.5019921137  
9.358996325  
106.0204058  
579.8582238  
49.07617821  
58.39004936  
227.0343456  
323.303549  
372.8630436  
44.65411597  
113.6200695  
74.03448751  
64.53121559  
238.4243492  
