427.085006  
1360.313314  
532.7729982  
5897.805445  
587.4165539  
465.414635  
1104.413532  
1513.322347  
1140.318521  
52.51713468  
594.4535911  
2907.758156  
1056.018998  
138.8721847  
29.9933669  
380.7711433  
1318.803159  
249.5269324  
593.0150945  
48.47272671  
629.6102185  
2110.757831  
282.5902669  
92.81426354  
605.2702588  
209.3097129  
684.2938307  
664.0916347  
237.2358534  
37.09866601  
100.719095  
369.7225327  
450.3936992  
345.272174  
253.599652  
630.1291284  
116.0716071  
27.60732045  
864.7977206  
1046.101545  
526.6293721  
250.3364187  
1243.412566  
261.860908  
502.8969603  
41.21048753  
252.2257965  
379.4128519  
108.3692006  
725.8662604  
914.6029814  
138.9540855  
274.4029433  
1233.99971  
811.6706347  
1262.254525  
113.8441963  
880.3476063  
324.6730055  
67.39823652  
89.93521609  
1048.635793  
450.5615409  
305.2141608  
364.506015  
168.6534325  
760.7503565  
1088.969617  
489.5955247  
171.6787848  
211.8411287  
103.2280717  
126.5101102  
947.1166098  
41.54386746  
405.7356579  
838.1174674  
595.6411712  
29.4115923  
148.1738879  
4.724554687  
376.0948649  
1025.768359  
971.4437205  
139.0925442  
197.2796674  
498.6323852  
171.0749129  
133.4989003  
32.14540129  
92.28618287  
48.73707421  
1110.3937  
116.0646047  
180.0974495  
28.37009562  
411.1841872  
153.457354  
349.1677409  
758.4601335  
511.1999682  
1045.301006  
110.2733361  
566.6560328  
1.37472903  
351.1932044  
745.5997137  
207.288453  
444.6277424  
989.5471414  
7.824768361  
3.642191002  
220.3679005  
364.562043  
693.7623662  
475.8949473  
351.4365388  
218.8656832  
411.5988199  
5.294428001  
359.0165448  
321.1954653  
215.4172864  
9.766367765  
54.89180932  
1488.361913  
347.1348376  
486.0632478  
685.2270002  
168.7200481  
44.69368938  
879.4750683  
68.22138349  
32.24139533  
202.316138  
153.4056707  
514.601186  
310.4680158  
70.88605542  
44.38329197  
197.4437387  
362.3157422  
184.1162555  
53.6866473  
75.56506322  
106.6530049  
765.2341586  
187.542407  
53.69001392  
710.8540191  
124.9158918  
40.80969229  
1199.034815  
267.5955369  
65.19377432  
77.13537992  
295.4422806  
556.4217932  
323.8768531  
96.03152635  
283.0832684  
498.5042091  
485.2826507  
264.6203018  
154.1279056  
429.8591641  
1175.657207  
130.3037155  
187.8489739  
34.79575282  
44.0915301  
50.6639544  
96.59393152  
80.44990281  
1049.549839  
30.97615204  
213.5674174  
337.472036  
151.3652192  
134.9765241  
94.87358799  
142.2492793  
62.64356438  
178.9145563  
49.0958861  
25.01715852  
33.80490955  
259.7170876  
223.0319009  
455.4118535  
197.3608822  
102.5360428  
425.0992604  
62.80964387  
376.4429007  
304.9591259  
246.9104576  
226.036918  
281.0864345  
102.0499893  
292.7052283  
426.2021645  
135.5687425  
531.9428933  
43.67362193  
84.85583634  
16.59649764  
787.3191323  
405.1422444  
2.164175506  
