61.67414005  
408.5172149  
484.3240671  
1874.667298  
218.0257906  
1724.881657  
807.5325104  
340.1146751  
1701.780489  
387.5018272  
177.5425973  
531.5935197  
30.38366178  
1337.455318  
613.9059044  
994.5886845  
1519.196293  
226.3950352  
1442.595028  
39.18062745  
222.3204462  
1858.356555  
489.4785386  
465.2486732  
401.5399668  
154.9420155  
490.5414727  
1307.512477  
982.5876211  
961.4842966  
587.4883276  
479.2984929  
1768.139606  
77.2763976  
754.6841088  
269.915301  
85.54460421  
557.0533631  
50.61802793  
599.1884347  
98.73839622  
423.5720285  
388.6867966  
643.9468861  
96.97429238  
6.643187423  
1454.249389  
171.5102514  
531.9071125  
107.5207503  
1389.532439  
616.1100962  
752.1245181  
414.0423379  
28.83046675  
189.5079804  
353.9824648  
670.181029  
61.47722198  
844.3924896  
1372.733531  
1030.029828  
820.2156663  
421.8560793  
857.3756724  
205.9941365  
135.0943985  
1361.727143  
1833.931494  
1501.89995  
3421.132816  
19.88127055  
1993.117668  
204.1025622  
37.5701476  
837.0225896  
356.3414287  
531.2930887  
181.0322777  
46.98105146  
197.8329813  
620.202285  
1074.127688  
98.74179529  
4.583969528  
556.2372397  
251.2960163  
323.7168534  
71.66751726  
101.025865  
291.9355822  
15.02036654  
273.5138822  
12.75786947  
41.95943555  
35.05462566  
146.2890383  
28.76105683  
48.47393528  
66.55877056  
853.965158  
12.57300117  
203.9322422  
27.30993208  
10.27140624  
194.6314455  
234.3052821  
166.6000052  
110.047659  
20.60769052  
111.2219706  
262.2351478  
40.00056809  
590.8490863  
291.811857  
362.6365492  
251.4902499  
282.4812675  
451.3592125  
725.2400239  
250.5230197  
206.7992308  
986.6922466  
553.8626904  
436.7620736  
135.3679385  
1197.26928  
338.6788089  
1222.64038  
55.50386574  
91.87715161  
11.5084671  
91.45707032  
140.187983  
207.2083358  
112.0576054  
33.41762288  
588.5322913  
877.8736249  
452.7784938  
51.53734782  
32.50840672  
401.0671316  
46.79412844  
11.03534017  
243.8378717  
259.6231486  
357.9561059  
201.6158674  
93.18111387  
183.6546111  
43.73012448  
866.0428757  
112.4644095  
7.741871839  
256.0146546  
152.009257  
84.16682459  
196.8399155  
561.5086401  
369.3364767  
1012.101034  
141.9582329  
343.3760683  
105.914632  
9.47723184  
59.90938813  
1113.854826  
161.3569641  
216.3593911  
11.85861698  
310.6403923  
14.61374566  
284.147621  
240.1170383  
6.461343079  
298.6526586  
682.6816236  
41.64163243  
294.7580766  
79.7392  
358.6688807  
505.6372354  
355.1104791  
54.98181047  
125.1848723  
473.4273838  
262.620925  
150.0171923  
350.2534371  
377.5955604  
126.8120395  
65.47081607  
107.5684713  
800.3132789  
80.89449792  
6.183863538  
598.6527241  
0.1903871091  
581.811793  
23.16584828  
80.4266179  
44.25760602  
79.5432371  
108.5160225  
348.2303041  
161.7103827  
90.19238525  
91.75177424  
531.7232481  
