103.2854978  
205.7248982  
388.2205933  
436.812203  
736.2350705  
1615.258744  
166.284664  
7.103433267  
135.7135689  
964.0791858  
374.1782056  
27.98993418  
407.5019793  
31.50924949  
433.8183935  
129.6083228  
26.1596209  
154.2444206  
1298.276441  
588.1781655  
839.9729103  
506.2834049  
1574.728638  
550.9099627  
257.3176427  
1642.492573  
65.97265629  
126.7397385  
1098.806183  
2179.995032  
564.1343283  
517.324615  
1474.293687  
210.2577142  
66.27023688  
757.914996  
702.0748732  
209.6427933  
207.7754393  
730.4619643  
100.3222744  
744.1583377  
197.4648198  
195.2124837  
1094.785087  
924.6193416  
471.61838  
195.2984181  
802.3645251  
704.6062441  
457.4189137  
813.6356267  
412.677806  
159.5478473  
130.5808454  
129.7953967  
126.2672013  
2203.102868  
45.44130706  
413.0783484  
261.3488087  
1389.880616  
1215.082461  
95.03829573  
421.0801032  
1006.955482  
235.3828019  
461.3687297  
294.3077488  
1240.371259  
76.93684638  
572.7070065  
79.24005619  
1566.284426  
448.6373878  
2884.616293  
536.5917862  
160.0111708  
405.8531795  
76.84305245  
226.8309048  
1105.005646  
69.78529434  
153.2885203  
180.5950433  
100.9970106  
186.597223  
274.456951  
183.8117372  
29.28653441  
74.81090358  
406.3069269  
303.0370473  
850.7689127  
70.35407992  
16.32622282  
65.07569927  
84.21157903  
312.6096922  
324.3240388  
55.39587669  
12.27035264  
137.1443826  
499.18083  
6.444717012  
136.7177944  
84.09623319  
111.3692585  
178.2373106  
25.73141547  
70.54843359  
29.76611183  
57.35881393  
289.2592881  
175.4853657  
67.79024645  
33.49227676  
90.70396353  
111.1068268  
21.81323221  
1397.648176  
1746.312459  
137.6791483  
131.3384495  
154.9563425  
1076.771753  
3.434972382  
2821.912191  
1282.029167  
307.2451091  
207.4929063  
285.4006348  
279.945658  
198.6050928  
621.1376557  
191.7977634  
76.19920557  
46.9867915  
499.2825969  
63.69257776  
68.14698684  
162.1172851  
23.63957602  
875.8987107  
122.934198  
151.3603009  
982.1851969  
175.7591983  
259.803762  
237.3730324  
137.9295254  
394.9164193  
293.8791359  
7.23215637  
506.3411862  
585.1094619  
766.219859  
210.9634099  
334.3104338  
118.0254687  
337.2739014  
297.5493288  
58.07738655  
117.390927  
1765.380815  
134.400327  
99.79079705  
1416.499614  
355.6866613  
409.38589  
50.43017835  
550.5268556  
4.132569482  
228.3172661  
232.6567791  
123.1620633  
57.24135537  
1312.896481  
178.0175665  
157.5230913  
97.90946414  
254.9060046  
1706.767042  
93.21974991  
35.25348687  
938.6193701  
96.65497348  
439.0895341  
299.5103432  
72.24068176  
28.86468041  
143.3208746  
191.7739128  
60.94213086  
178.6745821  
337.1404257  
234.9737719  
519.2778515  
96.01660155  
1396.06035  
161.5388994  
188.9007709  
194.0940878  
89.6928862  
219.8962087  
26.11036069  
454.3995872  
35.27495546  
74.00671942  
36.07524926  
