1031.407646  
911.7152028  
2508.415489  
546.0322208  
166.494881  
861.1176001  
416.8776379  
181.3270633  
2135.290197  
2836.705775  
188.7701519  
67.52248551  
180.190223  
371.2433775  
260.3811867  
861.3500182  
643.9191977  
710.5789928  
469.6276555  
101.2159982  
878.3842221  
101.0560685  
536.4438927  
152.2691122  
221.9811572  
500.8275123  
141.7695835  
369.3148366  
230.2357848  
1665.007823  
488.4998175  
142.7425895  
257.0731429  
214.0325139  
244.1280655  
2622.798699  
1538.387721  
441.6641443  
740.3158254  
468.8350678  
275.9228083  
869.3198636  
65.26899999  
194.4453498  
406.3286849  
2842.46742  
22.07458974  
271.8423893  
1197.880602  
64.47219933  
985.0614105  
1667.825033  
431.4136084  
54.36647627  
1.368615337  
169.3868851  
1179.269652  
53.0632642  
140.4736695  
429.8191471  
837.7647419  
49.28232139  
1284.542187  
2475.681425  
15.81425563  
687.9333992  
249.291979  
260.7733561  
126.8440495  
724.7852494  
2736.959145  
1557.883881  
924.8353552  
994.1190803  
121.7557544  
95.2824826  
171.8955531  
497.1866279  
273.9956624  
501.2163703  
675.4666328  
195.0882672  
90.61727958  
19.75341011  
139.0758045  
180.3272566  
168.2865524  
390.1083569  
291.0436793  
402.2451855  
789.4816108  
193.1049392  
638.6322655  
160.2467937  
254.5936546  
24.20552513  
220.7822556  
109.2681676  
107.6560684  
3.706843131  
120.2731678  
91.68696976  
184.9661446  
100.5253408  
1095.464819  
279.9224831  
260.4745784  
498.6219226  
458.8723604  
54.90398724  
913.6997452  
242.6748783  
459.9633607  
26.84802521  
160.9296968  
101.9564755  
580.6330771  
676.1215297  
45.2832803  
72.67085159  
532.5231809  
467.1526264  
265.4986016  
569.2919619  
130.3672145  
264.4472045  
91.71727193  
862.2355285  
47.52941278  
564.1468612  
56.92346493  
26.32328218  
24.73335106  
215.8974541  
380.5509486  
692.5517549  
275.73414  
625.1147471  
151.0510326  
364.5184602  
184.2719541  
512.9081081  
174.9210821  
47.391128  
75.28884026  
121.7349199  
53.70346845  
66.00783823  
53.99925278  
241.3773582  
180.0771966  
245.6706552  
362.9230063  
184.5887699  
333.8281544  
33.74311257  
290.4800947  
1087.679532  
28.57165293  
175.8928126  
0.4463631907  
64.71768601  
166.2097619  
524.1241989  
69.90264283  
541.2735415  
415.199952  
575.455556  
428.155084  
700.7168107  
72.15095869  
137.3156119  
903.2979382  
730.7913139  
65.85397388  
109.4467303  
98.72888253  
44.24485471  
447.6027105  
215.6967816  
159.1966463  
7.247612258  
736.884649  
71.93354801  
414.7898755  
87.68026857  
150.6877398  
369.7349238  
70.77235566  
22.67785421  
614.4472804  
44.08704576  
159.0468505  
55.35346478  
151.7451163  
560.0206778  
6.689217322  
472.8501957  
56.6258944  
6.704273084  
47.89905454  
240.4030711  
120.1259744  
167.2663263  
21.04902499  
183.9084607  
164.5631542  
588.3490228  
24.2132602  
84.60200499  
