195.1244971  
2012.025525  
601.6215902  
1231.561042  
1280.410891  
2193.400931  
91.55915494  
277.1026233  
316.6716178  
265.2896649  
1168.932795  
845.1995564  
172.5854352  
235.5218906  
605.0122471  
70.52386781  
565.0776291  
415.2290565  
99.56182871  
61.42803531  
794.8726132  
586.0732042  
1324.456181  
427.0088402  
177.5769159  
138.5480787  
7.856082999  
619.0874608  
947.2479874  
432.7298673  
318.1737255  
1182.378902  
631.9070983  
585.647539  
662.0952327  
208.0127017  
1689.95068  
785.0869153  
1062.886592  
198.0518111  
330.8789856  
659.5500388  
213.3332908  
199.2879046  
27.75250462  
520.0047087  
1385.397547  
219.3931137  
53.91191378  
1082.939389  
201.4030217  
839.2724072  
575.0549984  
397.3423402  
1869.938255  
111.8208947  
410.1035909  
27.12316684  
358.6037574  
250.0303914  
472.2808881  
783.1839131  
249.9339564  
266.3465178  
954.1410802  
3106.797066  
125.1828339  
104.6120265  
130.4491406  
39.96088094  
3773.706888  
464.9230815  
1.811941642  
91.86385849  
250.1165011  
959.9790833  
470.9784852  
400.2034876  
926.2925422  
529.5997527  
751.8244911  
275.0403011  
453.7775615  
386.7749756  
9.705623559  
39.08156259  
344.3463418  
16.23830423  
219.0269876  
398.9162663  
416.9144068  
183.4310019  
132.945661  
325.6968353  
76.64856342  
989.0129574  
136.0063566  
630.0001602  
1072.291437  
25.74634146  
211.9003929  
171.4863796  
42.25139662  
213.5617897  
135.7096725  
404.3538839  
360.6628646  
68.12436078  
165.3720576  
173.9864578  
131.7396364  
418.8990895  
25.15799223  
456.1576474  
291.1888966  
110.5661202  
104.7596706  
27.34052868  
202.4738083  
200.1270266  
190.3584977  
216.84388  
2387.627739  
236.6529752  
53.70260099  
264.7040991  
428.6586127  
345.6321338  
152.7853185  
619.2225062  
259.0819654  
83.19525844  
149.4499879  
18.7126516  
316.6312725  
120.6972338  
25.49589411  
73.82011827  
535.0091424  
650.1836507  
7.424954752  
121.0282275  
42.43689902  
122.4337855  
367.3139702  
233.8887072  
7.948554858  
691.7128714  
118.9577548  
727.6026575  
193.6431339  
57.77062806  
2.502142625  
267.2823173  
195.9713003  
427.7877749  
37.51418655  
404.3222252  
91.81339219  
168.3426168  
86.49924458  
11.59333498  
368.7236653  
544.5561538  
189.4216518  
732.905995  
42.10029015  
386.3170262  
162.8967244  
595.908913  
600.0262536  
656.7917861  
249.6622479  
775.5139328  
68.27532386  
414.6832978  
395.7465102  
260.3776941  
971.5927403  
279.3435802  
561.6182128  
51.90805766  
655.3659302  
111.965029  
177.954877  
124.0098951  
60.57700233  
415.3433329  
744.928053  
1271.418076  
61.74374769  
378.428298  
19.19779914  
124.1330582  
400.024892  
312.0425886  
450.509034  
44.0243055  
45.87690243  
74.31156829  
106.3937815  
477.1082298  
309.012267  
319.8548811  
171.1201809  
45.64714812  
2.898240818  
51.85081097  
1084.432239  
17.9225849  
