430.9919597  
2292.943312  
828.4339985  
1356.579122  
449.1275612  
203.3718087  
757.709736  
128.4355634  
2095.60463  
922.017286  
1286.015308  
104.2265255  
461.6723221  
615.0620548  
274.3420039  
147.6064486  
780.5085072  
229.9605647  
350.5045876  
126.228984  
640.0560239  
51.93922301  
2008.324452  
13.75185891  
495.3564196  
1152.051077  
122.4628112  
160.9490364  
134.7052212  
1144.403189  
402.8649927  
153.5314637  
575.7901835  
2224.540818  
1047.875594  
182.0472052  
572.0645637  
816.3046473  
282.0884369  
519.7063467  
562.0807811  
280.2899016  
160.4195202  
118.6928469  
12.39758098  
244.9271037  
357.4439437  
370.2935662  
2107.68669  
898.4630783  
666.1365739  
385.9176979  
505.7977828  
354.8272447  
125.3473476  
428.6388647  
278.8643546  
354.7197036  
1398.88192  
1163.19666  
658.5947673  
438.8406181  
141.0804447  
501.7760217  
343.5133941  
389.7254771  
967.928532  
1694.361242  
533.311124  
873.8706915  
1029.562029  
544.5021906  
464.7512818  
1442.479284  
1637.38056  
3819.012786  
352.6610181  
894.6518354  
46.88047902  
272.730475  
666.1997756  
511.0427197  
500.4752479  
75.70981034  
101.320658  
431.3664681  
82.60819291  
14.34337342  
7.14677101  
16.34746156  
32.03078277  
380.2398332  
111.5956167  
50.16708969  
124.5814597  
343.3133558  
123.7556576  
77.58646446  
945.5281703  
186.924631  
371.8806258  
201.6012446  
200.1281817  
277.9998594  
45.20834514  
46.67512159  
760.9744194  
148.5267888  
298.1968255  
177.1536733  
267.6499334  
145.9114166  
718.0549999  
85.2403521  
170.3428519  
66.0162159  
398.6393634  
351.4684191  
767.6908221  
623.5882075  
323.0355246  
557.7511377  
103.2917742  
85.19486889  
157.6083975  
756.4215887  
615.6901196  
159.0677658  
193.2852578  
43.9133033  
0.5602347757  
491.8360316  
85.27229692  
219.565845  
81.47944216  
504.2767517  
84.86548236  
501.9479015  
262.9369289  
619.734941  
366.6158262  
19.57960807  
529.3278056  
59.21965197  
143.3577667  
127.4406574  
371.5998992  
195.9256182  
203.9638509  
136.0019911  
71.84417278  
175.7346452  
665.0368911  
216.8817862  
569.9198085  
203.8019959  
106.3611735  
112.5457852  
317.7849764  
314.2504781  
192.3313797  
647.6280596  
94.04745575  
280.2014099  
121.3794262  
156.2963578  
59.56433314  
343.1772957  
37.13347334  
1119.938586  
53.13067762  
9.321892085  
236.3997186  
560.165777  
26.37572138  
506.8230076  
145.5150487  
126.6377758  
909.4628609  
82.58186817  
213.9382348  
170.0313558  
22.71860284  
625.810403  
75.29185561  
330.2144484  
2.067936849  
130.5351932  
243.2728511  
240.9174246  
84.78222711  
66.6886739  
53.2835655  
205.1330328  
78.14400545  
199.8768903  
108.815773  
593.9994736  
478.1193564  
143.789281  
252.283463  
202.0627685  
97.87666697  
422.092521  
198.3692551  
6.382022188  
313.2948984  
61.91116862  
492.2366858  
285.986776  
