7.340617047  
816.5835701  
1954.495693  
249.1408434  
293.5233558  
1050.093333  
252.6955715  
34.08436863  
675.1106385  
795.2772492  
266.5689018  
991.739664  
1166.125446  
279.6385167  
518.3984173  
401.9062669  
14.68537536  
123.58575  
137.0618693  
283.5916038  
1290.181955  
321.2262527  
334.6901935  
542.5468208  
1154.903628  
1482.80034  
547.3596769  
2043.812214  
928.5539152  
489.6210515  
8.327659302  
2.937393674  
380.6728899  
951.0207547  
599.448886  
236.0853067  
372.8011898  
202.4832154  
1666.79064  
854.286498  
1020.477255  
283.3222501  
730.7556513  
305.9945972  
851.682532  
115.9019141  
347.2060256  
730.1093809  
620.0781714  
1273.388447  
298.0965138  
95.5720768  
476.1077962  
4.120640174  
208.1734614  
1496.974302  
986.5333997  
89.58737709  
19.02362019  
1467.854887  
1394.14209  
3218.498068  
133.9652877  
65.91052391  
426.6149489  
673.0407625  
400.0648217  
1432.765365  
1.560753045  
1066.200761  
957.7385501  
8.988674339  
1092.223421  
93.55557236  
1176.948443  
189.3884004  
155.7478303  
1150.390328  
140.9124419  
86.2443105  
204.7277092  
35.82286183  
166.8541499  
60.24424712  
767.5346026  
780.713978  
748.7985421  
10.8509969  
157.9251129  
84.24533149  
222.0940097  
15.56499474  
345.7421293  
162.279018  
270.2778164  
551.267772  
667.2995236  
223.5992239  
589.8866441  
31.06163129  
432.7682707  
102.8937165  
31.35204445  
92.06760364  
526.5543432  
39.30028979  
135.1307448  
77.40041629  
502.9807386  
82.82925687  
43.38937252  
143.3432568  
456.7718353  
353.7489947  
217.8633901  
46.50562143  
299.3906627  
148.2649601  
16.14303119  
92.5893785  
77.16107235  
159.3712704  
356.2118081  
697.947029  
895.8487672  
236.8376996  
630.4075128  
20.83537492  
515.9748972  
427.4669134  
637.3298207  
169.9919135  
338.4682006  
754.9687924  
597.7969242  
879.480698  
109.7522621  
100.3745799  
43.64837758  
63.95008015  
192.9750782  
81.16001681  
358.7676191  
98.82021239  
456.2679717  
706.7926249  
14.4448373  
180.6508142  
382.1938474  
410.612497  
330.1482376  
243.9916355  
2249.331457  
341.2319761  
1149.592326  
411.1331092  
104.7205425  
334.7644161  
242.6470421  
16.46084555  
640.0033186  
192.5265724  
71.5396818  
91.60883677  
71.84462323  
489.2972616  
284.575032  
43.07815461  
517.3675177  
193.6973066  
212.8087446  
169.7158763  
459.5943962  
162.2768052  
83.83021491  
94.35904579  
236.3359222  
199.8870192  
147.4280099  
873.7202685  
172.8679354  
78.18384162  
489.6370318  
145.1140734  
700.1605126  
78.20903538  
167.6990047  
33.03419651  
128.2747872  
108.7318408  
61.169136  
567.5937611  
331.3000262  
76.1554302  
625.9602015  
290.5461032  
1.890912751  
112.0976165  
11.67587476  
192.4756655  
128.44202  
68.10386604  
309.1685323  
681.3071606  
259.6255216  
60.73543738  
454.9990334  
265.8333134  
12.73647765  
348.2170685  
