335.2926613  
794.4406966  
887.4074916  
1781.499956  
822.1132394  
2292.938491  
28.2355238  
1450.908176  
1425.979069  
870.5362913  
40.59427548  
422.104192  
1138.392648  
53.66693863  
1266.556139  
1042.815934  
69.40996139  
299.0182008  
77.74988213  
259.7306048  
140.21526  
670.6554401  
1634.114748  
64.09316755  
4.859069743  
99.02105079  
107.0764037  
726.1801361  
908.5436281  
197.6715877  
186.4440315  
145.5712172  
642.6772835  
261.0404705  
251.5931267  
83.59378231  
233.3262552  
338.8151405  
18.18267437  
92.06678318  
364.7626526  
50.13699137  
74.38921949  
198.6166942  
309.6334851  
133.2317119  
413.814879  
573.7339499  
409.292474  
154.1963327  
380.4087506  
539.4621469  
1096.988041  
99.70901019  
985.8244475  
1019.291016  
387.052057  
303.3426782  
1626.396506  
724.8738985  
817.0554715  
633.9634082  
36.62735308  
338.769786  
848.0862583  
38.45304911  
221.3423923  
524.7017082  
244.1060806  
49.26959184  
185.5895023  
594.1378842  
1913.761227  
630.777079  
1341.23078  
250.4650686  
624.7318279  
666.8929647  
143.8566515  
517.1783776  
162.4051452  
159.5171878  
648.7923209  
25.53489838  
65.61091486  
60.83897754  
501.1243983  
123.2839946  
751.2035781  
324.594584  
190.8963225  
142.8578212  
150.0630566  
51.16147773  
869.0129944  
429.8130092  
468.7340332  
425.3771374  
90.45915956  
742.0151838  
224.4752406  
176.2757471  
512.5611131  
464.1225993  
217.8593954  
902.036395  
219.7428049  
155.0346896  
335.2837749  
1095.958275  
582.6622745  
826.4177248  
540.7651245  
241.974018  
242.8415664  
138.5662114  
73.02335957  
141.1054914  
302.0332546  
79.75154668  
22.57598876  
36.71092722  
30.05459981  
753.4582402  
50.75500624  
239.5296749  
541.9040997  
105.9346696  
208.6273119  
162.7083273  
384.7351318  
747.5347539  
713.3337831  
57.55200074  
19.3801765  
136.6886782  
212.3068913  
201.8527651  
281.007701  
563.5748905  
346.3948131  
38.459329  
640.1631936  
906.0501933  
91.77865482  
650.285419  
762.6066589  
63.37809231  
685.6425067  
496.224991  
104.4841168  
425.0428076  
485.668387  
409.6540329  
187.5032161  
218.7462732  
54.97961574  
55.99190616  
77.91497003  
471.1524662  
569.5371535  
1150.016173  
396.2489413  
713.4938194  
144.8789965  
461.7617606  
25.19654739  
260.2364526  
26.31180825  
70.36163668  
507.7972846  
352.96222  
327.1997833  
1020.171955  
194.4567879  
130.1708708  
107.3056562  
20.46748115  
238.7290639  
210.1636753  
208.667638  
233.3745904  
108.9779798  
305.2204625  
1035.141349  
653.4000559  
705.4898487  
174.4865561  
85.92981587  
690.8234389  
5.513060311  
901.0604088  
62.72213403  
56.63192971  
325.6882939  
159.695131  
646.2295007  
220.7092367  
134.0494125  
118.7591927  
734.6115909  
247.4633733  
407.6933889  
107.7750386  
1828.577562  
798.1945916  
125.2790015  
796.2844927  
11.83070357  
85.6661148  
