322.3774337  
211.3829292  
2309.604574  
288.2759661  
960.9466026  
57.15545893  
1859.354177  
1878.180399  
1080.637426  
2414.693504  
237.5637051  
131.0740664  
430.2484812  
1302.396014  
258.2438177  
260.9242074  
128.4698929  
980.3661198  
16.40904386  
979.8592793  
236.1700752  
482.7619614  
560.5481768  
525.1531789  
548.314776  
80.50817702  
154.596442  
1347.644626  
437.830938  
251.5930689  
1003.069596  
39.2263781  
271.3396866  
353.985003  
403.2639911  
736.2511835  
934.6468208  
514.3938226  
373.314538  
704.2170133  
3.232270216  
210.0037826  
289.3376997  
169.1849644  
25.29811739  
267.878667  
49.76908831  
15.40525389  
272.3699608  
65.61429187  
523.8897611  
832.4695501  
1573.100571  
88.71125973  
429.6843513  
668.5053929  
1355.156404  
165.2313937  
316.7742186  
1760.716509  
261.896185  
733.0021328  
476.8816933  
974.8158079  
1983.092976  
633.1973684  
144.9880364  
622.9411949  
169.5677888  
580.8400275  
831.4699206  
1381.40761  
214.7908371  
1884.627048  
651.2955611  
111.5711699  
567.0714797  
531.2778875  
106.4197546  
293.9896728  
3061.651026  
457.4797  
18.99734297  
538.4457221  
1455.667809  
380.143587  
819.9680731  
186.9550633  
200.7490141  
260.4939301  
1031.250267  
236.1647339  
74.12046184  
5.633647361  
823.8938676  
336.7718952  
33.46930043  
24.81540128  
337.0458158  
18.12670532  
139.4315536  
21.05173712  
99.25675747  
206.1123823  
223.0276657  
362.8234548  
103.6221766  
484.569655  
753.0423618  
43.99087017  
137.0110792  
18.93763973  
71.1642726  
44.64112366  
594.6990693  
23.83184499  
101.8136635  
1.666817633  
553.1915115  
365.902861  
153.9575577  
80.85504444  
67.95019579  
971.5328939  
2.704312001  
97.55552936  
122.9079062  
604.3251843  
45.29714462  
917.3426766  
307.6222666  
158.9906618  
202.7497194  
118.0399688  
153.4821512  
345.889677  
93.6475098  
355.9509815  
162.8086281  
665.7343574  
53.6165069  
545.2276278  
796.1182838  
9.545665766  
5.283052123  
688.6093601  
827.9506664  
56.64192382  
163.49745  
215.4769438  
32.97745896  
322.7837873  
871.3658839  
97.68447325  
374.1752493  
302.5766342  
661.9063224  
474.8691372  
16.10613673  
107.7723642  
515.130382  
78.20551044  
221.556021  
1056.712737  
200.2685105  
84.00953893  
260.5908942  
75.60080672  
469.5948978  
728.9393233  
165.3476708  
786.2301549  
536.5298993  
467.9467913  
18.29628203  
294.4761893  
141.8819338  
147.6692711  
331.502862  
262.2259293  
147.7406517  
319.1323555  
0.04537452017  
437.7646241  
27.12692523  
2.803732945  
127.974949  
450.163258  
226.7569918  
457.9552403  
200.8154385  
76.50582637  
193.0975566  
97.3627452  
50.81898916  
110.1533914  
43.69267774  
127.1368614  
611.4559912  
144.7957927  
75.57160372  
99.65643383  
444.3334671  
144.6624121  
98.84946555  
175.3301465  
598.5229186  
198.0772947  
215.8835941  
66.93264044  
