486.9178414  
394.9568574  
101.8359104  
1213.99204  
1922.934471  
60.10745195  
608.1588308  
1048.489006  
1535.116274  
542.419549  
2044.185542  
35.79312275  
45.64514865  
1597.933573  
2095.531218  
1508.18579  
84.83990233  
203.801525  
443.8609001  
321.5224331  
1630.25736  
1517.909589  
33.14778385  
409.5365263  
35.50099338  
162.9044534  
70.99422142  
1937.894418  
95.27505051  
480.1181686  
419.3317775  
1062.484866  
323.7300614  
4292.028472  
104.0150726  
353.570739  
111.1568175  
839.8387204  
2672.040754  
227.3257403  
1605.586386  
313.9216788  
295.5061562  
1394.116515  
229.1348871  
103.43239  
788.3580235  
316.9017904  
535.7061147  
68.27515098  
750.537825  
1036.393107  
1140.792939  
1107.709224  
486.5016224  
9.503809079  
97.83265731  
10.62108602  
719.7491173  
1934.971435  
1923.249679  
377.0889285  
1423.736802  
901.961714  
454.4423627  
60.77960419  
57.12010201  
2258.280244  
377.4425427  
99.85588696  
308.674115  
103.7858606  
708.9532183  
601.7888885  
73.48034208  
815.1635053  
279.9036286  
40.52851509  
182.5162078  
195.7996615  
593.1225831  
144.0557688  
71.07963836  
39.78282873  
104.856302  
47.5810086  
59.06831768  
1780.205732  
47.73753223  
74.57108877  
178.1495097  
205.5056696  
33.60191179  
295.111067  
784.2504622  
973.4215913  
102.7628219  
378.1604155  
228.733315  
714.4496399  
96.63640226  
235.571546  
83.39132263  
79.11144301  
80.66342527  
45.32941277  
223.7282122  
98.42050484  
374.4188405  
145.1732536  
195.9595032  
303.9680657  
413.1675984  
268.7441552  
170.9018174  
74.33903351  
407.3309234  
65.65712167  
23.64720541  
378.6547637  
145.3958126  
212.6798202  
64.94627108  
538.2809737  
194.2261213  
43.73312002  
46.75665103  
353.0073114  
120.4108387  
34.70093884  
197.3250164  
329.7934875  
42.7223631  
66.8364071  
49.64080935  
93.90309174  
279.2714856  
87.34227692  
1.214189825  
1.67070671  
171.2959736  
37.24025002  
809.4045771  
33.16918286  
85.25599516  
229.0905235  
22.4434424  
57.53659308  
86.64304646  
64.04120722  
89.50685103  
1072.090253  
112.7979874  
5.943830252  
228.4810373  
238.3394523  
452.6668764  
160.4249991  
442.2317783  
11.95061072  
255.9263747  
702.295121  
86.43658204  
112.5674483  
117.5376205  
406.2867242  
58.48051254  
695.3994563  
68.37116958  
895.1334923  
122.8609699  
671.3863238  
608.5334829  
286.2608896  
263.3458945  
58.3857351  
243.4740795  
46.47479675  
96.48168628  
192.2406603  
194.8395925  
46.4580827  
12.22294701  
293.8749892  
624.2239403  
438.2704406  
370.627602  
831.7914269  
166.196548  
207.4920493  
47.28060937  
87.41528153  
18.0135555  
15.9434582  
311.1564386  
269.9747326  
257.7591348  
251.5711692  
56.9554948  
96.29867526  
118.525967  
81.25072403  
205.9868977  
162.0576286  
135.8315559  
23.94331825  
713.8589599  
86.39649889  
669.7401806  
10.67294175  
