140.5112942  
11.5667109  
49.63083359  
297.7093828  
34.89400188  
129.2143738  
26.51310199  
272.1644094  
14.2269703  
176.7783888  
162.3513926  
68.64038303  
20.36870888  
107.2010841  
371.7403759  
18.38130112  
237.8216957  
41.34763088  
231.0889514  
2.724853587  
50.35480975  
264.5108644  
54.71467146  
230.2015163  
103.469641  
305.5284646  
86.12542849  
11.34128378  
7.028984884  
81.37514999  
46.52965789  
216.7141083  
35.38475766  
26.66023535  
175.5256319  
64.76820312  
3.699096781  
150.9563302  
168.1654769  
109.7708777  
1374.528138  
46.37818713  
271.9727061  
3.554742429  
95.47768177  
1.011583648  
410.2138442  
22.39001743  
5.30136705  
86.32725711  
700.7189742  
163.2945099  
135.0456929  
92.14309817  
62.43298374  
58.67782814  
722.822176  
36.46441089  
157.0867144  
409.7387474  
175.6886  
286.1491762  
644.4078617  
109.7674137  
39.33076884  
24.50130537  
145.3022195  
192.3965659  
4.973467912  
504.3462023  
87.51066021  
385.2007367  
27.36247807  
246.2799577  
230.6746434  
571.3413576  
193.2237351  
110.2197536  
583.5678325  
140.9147032  
1612.085093  
557.9352584  
50.47054364  
230.8108275  
62.59812771  
213.4911548  
473.3143851  
10.01425556  
188.8319251  
249.3387585  
334.6624225  
30.29768808  
304.2811125  
49.22326644  
442.8473131  
174.6232759  
204.8189707  
27.86815215  
226.9582134  
347.2089802  
68.71131772  
69.91179825  
43.13062543  
115.6835426  
156.3203387  
446.4431627  
623.9659969  
361.4156386  
141.4642894  
974.4285394  
155.309077  
625.684937  
11.56595208  
162.709392  
1716.347637  
947.9320626  
23.10729025  
391.3524617  
181.7222272  
111.1088542  
25.4472466  
283.857743  
1158.874025  
1033.803007  
1253.554447  
1323.557363  
3425.676296  
8883.560004  
98.45414255  
6142.556186  
720.8625798  
2164.553977  
717.09718  
1090.830681  
13.64030909  
561.2596397  
765.5222475  
228.4259916  
1166.47192  
367.3373246  
721.3337476  
855.2212  
72.64528493  
11.62026151  
53.42610258  
62.62677553  
218.4867824  
48.21841762  
39.75503211  
123.9099842  
340.984621  
72.19492883  
208.264199  
1281.131276  
722.7838846  
1217.65631  
83.16341427  
434.9900367  
570.6195804  
220.3252581  
360.4079235  
220.5624345  
74.32622413  
293.784482  
891.3511896  
1489.256196  
1583.412353  
3602.583449  
1657.598643  
56.22386761  
2479.53004  
224.9446681  
50.67159962  
401.1402044  
2581.521938  
535.6852455  
368.3582729  
14.36589142  
368.0787999  
1161.836146  
175.6513403  
13.33219019  
248.3799659  
327.2315147  
208.9196933  
252.1436226  
90.21448157  
317.4614423  
17.74601404  
28.46413027  
226.0321635  
186.9692718  
227.6495997  
15.54842508  
22.25710417  
10.52080426  
149.5914716  
20.4557096  
64.23033808  
86.41650155  
21.38017237  
107.530544  
32.63691285  
110.2988638  
34.99100916  
46.54149846  
121.5640739  
90.05231855  
174.0268254  
149.9740429  
