367.0220344  
312.4540222  
163.9471132  
704.4227769  
192.7665681  
334.8604563  
791.1496559  
258.6350225  
193.6176958  
112.4409091  
238.2112332  
116.6379641  
412.5002579  
1075.43005  
232.1982319  
38.64452773  
299.1144172  
83.30087404  
784.8893708  
172.07317  
879.6197517  
904.3447508  
115.1205403  
925.4241527  
0.6617354662  
439.6080477  
520.0874621  
416.4266824  
271.9064417  
12.91227037  
129.8666914  
464.0733603  
133.8775456  
82.03263774  
1168.023512  
1159.574912  
234.0347532  
637.4903789  
259.7321717  
291.7547538  
404.8007565  
53.07717113  
984.3267071  
32.42953245  
795.2474728  
32.62688071  
453.8637897  
310.2299368  
1508.222659  
510.8850851  
637.6672917  
597.0276222  
649.0594869  
410.2972098  
324.0892388  
1186.141713  
3714.217443  
105.8993351  
296.3682516  
185.3478587  
1258.11199  
443.1314874  
462.1251653  
3553.013254  
704.7920392  
82.74374911  
952.957972  
72.69385483  
2640.555699  
958.5947454  
1056.19323  
711.5627077  
1652.626903  
531.3428062  
89.36008422  
839.32716  
956.4014984  
202.8790483  
901.0601369  
1757.299123  
197.2947682  
202.0741912  
269.6402598  
527.5282365  
172.343896  
461.1794874  
122.8273383  
31.60365944  
38.15090391  
88.9678919  
257.8306686  
279.2884907  
462.0412532  
607.9141354  
308.0003286  
788.3100464  
584.9737351  
734.4686147  
195.2758022  
159.8343078  
514.020701  
152.1425973  
108.3181595  
108.1424277  
95.64805354  
674.9721887  
694.8528334  
150.9610984  
148.9702458  
382.8229508  
44.04958517  
510.919679  
617.1843012  
170.7389437  
240.2201451  
524.0231602  
340.4228949  
119.7889293  
602.4355963  
743.6309376  
316.5887635  
3.252927581  
593.7863108  
44.01792592  
86.01324947  
2.792240069  
100.4750001  
677.1570096  
352.5158627  
355.5271903  
832.9098113  
114.7195655  
75.05932466  
118.0868347  
355.6850924  
94.10524844  
259.7723758  
11.76890437  
169.3449645  
128.1301485  
416.129505  
154.4672496  
130.3061078  
17.81829739  
40.79187433  
292.6555858  
363.915058  
127.1795284  
51.31180664  
64.78168025  
225.6639674  
29.79602794  
345.0108975  
617.022121  
456.023066  
162.8911283  
382.8840525  
117.4858754  
871.1464714  
3.067091645  
1521.194667  
248.3073713  
629.9675851  
376.4878277  
86.23223541  
140.6141511  
139.71343  
390.2166459  
110.0518025  
205.4424987  
170.8245918  
144.4108533  
180.7325095  
616.0894414  
218.4302236  
634.01947  
0.2936304629  
380.852862  
411.1357979  
400.3234838  
497.567389  
751.8184559  
213.8299991  
590.2446301  
1585.401405  
602.8950122  
480.346181  
83.07466309  
27.45426419  
503.493998  
63.63376714  
62.61190121  
464.9197937  
34.80192904  
133.8829853  
97.74343658  
65.76266644  
122.2393035  
207.6359772  
362.7533151  
170.6202785  
102.4417294  
302.2594645  
288.3879235  
11.8093017  
302.2895718  
717.9486814  
114.6056667  
6.152320859  
141.3526498  
