400.1050069  
877.5936884  
394.8003974  
90.00635658  
908.436905  
1201.624031  
1240.542059  
15153.07156  
2416.453699  
2817.318194  
6400.677272  
1832.549136  
6282.49161  
2338.130361  
1079.804779  
353.8433889  
3431.977237  
5179.993936  
2365.842887  
1747.020049  
944.7602842  
5062.598529  
1990.986858  
47.73013842  
225.0975844  
1693.138201  
117.2240543  
606.9222737  
1084.834936  
1139.861798  
1441.203559  
1719.33074  
585.4122211  
418.3712989  
883.0838051  
1940.413369  
75.3370473  
49.20682558  
15.4692997  
196.1826455  
539.8499103  
426.0537304  
509.7342151  
230.9846465  
380.155456  
74.64077846  
243.8999154  
615.1817948  
729.8123532  
142.8941604  
57.4237004  
669.6443998  
72.5868844  
14.52928979  
196.5725845  
304.2300642  
176.7691737  
37.50905842  
130.8233249  
394.5219316  
328.9237569  
649.2450478  
16.84475032  
39.3652549  
607.9025497  
259.2906333  
102.2468974  
494.9909885  
17.78214586  
465.5159844  
35.8275405  
49.13698207  
62.71436504  
297.3077789  
47.24922372  
9.748162913  
86.61974884  
103.9962899  
12.77923823  
18.99772605  
130.2683828  
40.70803408  
47.80286207  
76.66942844  
55.86490122  
0.6238805641  
8.482140083  
54.18384651  
16.07182901  
39.95503295  
46.74641185  
0.8841937063  
52.69813158  
24.14279825  
42.15581129  
48.52381773  
2.084848156  
44.84713984  
9.636938715  
10.13352734  
2.549562486  
3.739378999  
13.35155868  
0.3081881719  
3.606463781  
5.234952417  
0.7027059974  
27.6539832  
6.801182921  
15.02784324  
0.5271929609  
5.966740961  
2.708482238  
3.200162355  
23.68683406  
11.02448691  
1.699043255  
6.332103117  
5.078436742  
0.9932583188  
1.078090638  
33.10312805  
1.378726977  
13.52789041  
12.17169128  
8.933919944  
9.572516366  
75.82439402  
4.308211979  
20.0688742  
17.44975044  
13.86689484  
17.96939669  
15.94807733  
0.4577992206  
20.82059001  
2.01334816  
0.5053348743  
0.4901647869  
11.8598812  
33.88059812  
37.35625109  
2.894326324  
4.876660439  
20.77261321  
4.362937835  
8.422180824  
6.473846691  
2.689076486  
5.231737628  
14.59764758  
0.7187513987  
1.086829809  
1.374492134  
1.35695555  
3.50165792  
14.02270133  
0.5538338127  
16.45794187  
8.407182946  
3.32729745  
2.465278741  
3.719467548  
0.1182329009  
2.740121958  
4.724927932  
0.3205216261  
0.9296916649  
0.1110782458  
10.98454094  
0.3505052642  
8.228239084  
6.587376943  
0.8638701511  
1.347682083  
5.957452218  
6.299912565  
0.7762740205  
4.223304743  
19.68362019  
5.244393514  
11.49774642  
3.024625349  
0.574311624  
2.423048264  
2.009191207  
0.6146834174  
6.479817224  
3.612217546  
17.84430763  
4.381478603  
2.166402979  
0.2717291046  
3.843934146  
0.5969123924  
0.3160493057  
0.7585147444  
0.5057012409  
8.756413596  
2.40597381  
6.116437051  
5.664653725  
1.905496938  
7.494835212  
7.474887678  
0.7875825324  
1.969963913  
2.5982552  
22.18342406  
11.80746454  
