415.7100925  
33.0605164  
1070.380963  
252.1729596  
35.67262845  
80.75423688  
113.2854815  
204.5686123  
171.9803613  
265.0504391  
61.9504368  
277.2597503  
19.22884076  
113.2532016  
93.62153306  
328.0923704  
327.7818206  
117.4671386  
481.4933841  
597.7121291  
72.33272687  
20.20730587  
26.90766829  
126.9275506  
188.4802685  
163.8117979  
19.15433365  
33.45267816  
498.5174939  
308.0937942  
115.6595628  
229.5056038  
19.81580206  
73.51843386  
61.61152573  
421.8430643  
645.6776243  
484.2222476  
233.143723  
579.3938454  
1304.931164  
502.4985732  
213.0928568  
148.9351615  
973.0585324  
14.85142255  
477.1474308  
635.9490698  
391.8156465  
98.19998877  
26.48259734  
214.7534725  
97.20973298  
414.368665  
220.0227021  
288.0973853  
215.6303818  
2.532588863  
660.6525445  
384.1309608  
61.42170218  
131.0774284  
64.90092476  
47.15964015  
236.9387193  
164.5288602  
57.27021058  
52.55548872  
425.5090953  
106.9155889  
16.73513857  
175.2167202  
58.10784196  
34.24763331  
526.8145767  
656.5911464  
188.7067599  
33.92361503  
735.9035296  
322.0781421  
44.78077385  
78.69393824  
109.7590362  
442.6921405  
435.8924899  
90.67063806  
292.7613223  
59.48813915  
43.23528378  
314.314941  
175.7895398  
482.9192574  
49.11931087  
27.42136757  
101.3626244  
420.8603196  
3.77239983  
47.18225712  
117.1820532  
110.4229789  
691.3804741  
598.8837314  
255.2932744  
169.6858871  
153.4763839  
94.84108857  
485.4958097  
72.45657616  
34.16389697  
856.341995  
218.8906784  
133.0505517  
122.1965748  
44.39751475  
922.0141433  
483.4120031  
1011.883276  
294.7057678  
1324.374003  
223.2648478  
977.4034236  
532.8407303  
2123.723049  
1966.347986  
746.2925959  
1247.497726  
1024.261979  
10302.81045  
635.0295753  
3227.888494  
1703.982841  
1208.936822  
254.9274938  
164.9504941  
60.82247736  
369.990831  
175.1376908  
104.481438  
208.5580698  
88.11461862  
1009.752134  
211.0214102  
305.7495237  
587.410461  
218.8017828  
33.47263193  
145.2169625  
239.9203205  
46.16017483  
67.42347633  
132.9098198  
572.8564244  
321.7913938  
72.79061075  
536.6042996  
236.7918044  
7.706901663  
74.22840545  
17.06553169  
177.1969982  
77.29114623  
703.664006  
284.784444  
405.2576789  
66.69936446  
366.4124809  
524.2338581  
1591.335151  
845.0168115  
48.399575  
1449.814658  
855.511951  
71.47399562  
2345.600466  
5052.969036  
1852.040798  
301.5058976  
384.3637713  
640.9428774  
640.6228765  
102.448613  
582.1024189  
1172.945556  
521.8170665  
80.36909036  
46.08780312  
54.70844885  
96.58412678  
50.75336962  
29.62604668  
49.02207314  
421.8095953  
64.66897564  
76.781829  
54.75277891  
381.2867287  
143.0997759  
31.24208071  
37.15976657  
89.8451821  
118.9930919  
44.08864826  
0.04636480271  
251.495155  
34.7617188  
35.24264622  
74.30481167  
152.6093572  
142.1817028  
0.1752042464  
