188.3593862  
9.396313547  
31.00984632  
2.609143533  
171.1870698  
582.8880052  
135.8472386  
15.9784301  
305.8317866  
79.5483275  
36.69171398  
1027.187968  
4.173665487  
219.5881665  
34.71751693  
390.0587921  
163.1417248  
654.2235292  
254.352045  
55.81908571  
401.6875853  
112.3076282  
171.485631  
426.1616377  
121.9003957  
226.3406879  
37.89543915  
348.557858  
545.4950198  
44.67565191  
177.6204689  
10.99516772  
822.4280491  
27.56165244  
388.3883776  
294.5665593  
1432.453346  
368.0027269  
529.9285984  
38.39072118  
1799.353467  
725.9753752  
282.4149423  
243.1867698  
464.6742026  
29.5828134  
458.9815177  
57.00093167  
25.66765118  
556.1391347  
49.16477012  
100.0202084  
392.7203757  
245.4889421  
354.8681175  
501.7195409  
182.792036  
568.3842776  
478.5690622  
50.36888751  
510.7739771  
497.4862423  
25.41385106  
46.54920044  
137.9180359  
134.0643069  
87.26888185  
27.99940244  
46.43149196  
0.5907262021  
361.7168677  
179.3101023  
441.2954116  
392.4041157  
529.7516993  
166.9905605  
311.649769  
55.64049786  
169.0077116  
57.44486943  
968.2934699  
413.6158792  
133.7844127  
135.8815436  
430.9836252  
671.6802003  
209.6823158  
56.99581906  
1263.869314  
90.06614056  
416.5009173  
84.33305526  
405.9684326  
280.7737553  
6.270283121  
6.708715274  
14.14622418  
70.45875046  
130.7308432  
117.983361  
40.15581873  
107.3896507  
81.7177314  
209.0511548  
185.0347811  
86.8364385  
311.1482638  
212.3680305  
119.5335998  
234.8072268  
300.1653432  
48.9270368  
154.7739826  
106.0078239  
106.024793  
102.2946908  
203.9805731  
167.1654143  
1251.308355  
1.211728821  
789.5805022  
101.6071662  
447.5389873  
193.6713483  
833.8110484  
921.6730236  
1007.077752  
6263.476091  
108.2674478  
1403.500193  
1585.89863  
1229.88595  
323.2254881  
399.41639  
256.8544077  
98.78307481  
462.8183413  
34.92430713  
177.3071912  
222.6053174  
681.8800323  
315.337771  
104.1243164  
134.3186447  
129.4038241  
73.40627799  
25.43180119  
512.196566  
67.85227058  
85.08034147  
1010.678231  
29.15760527  
325.6153374  
222.7914722  
578.9838708  
354.7892952  
281.7348403  
201.0325291  
38.57379889  
74.01094792  
572.0178488  
1090.264007  
3083.738539  
73.33362356  
265.8406789  
600.8464088  
367.6856698  
1857.429989  
1551.729237  
179.1074845  
3055.903646  
1656.475497  
72.14423568  
2431.946424  
3561.376374  
2412.5889  
312.1691877  
275.4862179  
361.2569621  
425.1071888  
830.6735469  
138.3286803  
1956.659292  
1433.555688  
328.1964066  
163.8974327  
105.1081491  
326.3421307  
87.16723681  
23.22587529  
25.19350859  
331.2770552  
2.621183694  
133.7510256  
75.3752613  
11.51883476  
12.73489289  
284.9260964  
325.8742699  
115.7772125  
0.5930402338  
21.47859897  
90.72511833  
640.2526851  
2.192349119  
164.521511  
1069.785353  
161.1305579  
209.132705  
56.70110854  
