350.8788566  
215.592544  
111.1600016  
488.4618946  
912.6493791  
6.651853439  
89.30302749  
33.54662763  
15.1291945  
335.2212479  
306.1580233  
21.09610088  
14.32399697  
75.05262108  
34.70762823  
189.5842658  
174.0426428  
66.78584301  
94.43181561  
228.7070267  
435.1137597  
487.7469661  
8.974136083  
757.4575322  
117.7611097  
497.06551  
499.4329413  
313.758055  
237.7255769  
13.01719729  
84.95181095  
330.400175  
102.647857  
79.25216584  
59.61140606  
422.9992178  
578.3697902  
76.10713394  
62.77813633  
419.6714785  
7.682797795  
419.9272318  
223.2192831  
145.6331712  
62.83649108  
936.0147841  
27.1410569  
656.7998455  
423.9478139  
132.2492047  
40.98011344  
28.80488081  
112.1708822  
202.9818239  
556.7991814  
464.6130679  
18.88682411  
307.1000809  
511.531138  
7.310742676  
4.185045871  
77.17463773  
105.0499665  
17.16445978  
280.1900907  
120.7671581  
8.840476261  
317.1849129  
276.824555  
51.26155448  
33.26207723  
196.3594336  
36.98294337  
24.31557746  
236.7099128  
193.0057928  
123.794077  
483.1422691  
33.11867472  
0.6583876051  
335.0250284  
90.77788156  
285.4633572  
59.41899765  
17.43348263  
595.9407069  
371.0041532  
355.6208235  
13.94409495  
173.5031049  
146.7255577  
41.77827911  
85.85369515  
414.0046614  
91.79574765  
17.90533491  
375.7652021  
10.31304985  
82.78208771  
103.1339064  
188.7090866  
46.17026927  
50.44535049  
42.20635161  
222.9119362  
208.6551662  
590.5542183  
349.0569532  
36.61601585  
919.9426918  
94.49258007  
252.1048369  
51.60054869  
12.16638059  
374.3303313  
1603.382397  
58.54067626  
536.4134998  
941.1425853  
323.6352464  
29.07599556  
949.512382  
1264.364069  
1316.78243  
743.7874371  
2648.323545  
3579.56395  
12002.57369  
1132.608994  
6771.829108  
2083.055061  
3244.812928  
1110.31224  
1947.927231  
4.239541119  
1446.552786  
874.9253592  
1181.610635  
633.8363027  
488.9294649  
2493.99185  
95.00002842  
136.6971695  
613.1724182  
698.7971099  
45.63709097  
399.3782284  
139.880569  
64.03430471  
20.15488687  
244.5865449  
696.2905092  
218.9309977  
43.64358617  
407.1853139  
78.54699384  
124.2991898  
72.15733315  
38.54300156  
587.5724367  
19.47260986  
0.8259828583  
162.3102566  
425.9583663  
85.94207767  
212.6664371  
465.2324084  
192.0752883  
340.6798029  
601.0179263  
605.5492652  
1256.860911  
429.820181  
380.0918401  
654.039074  
73.04311831  
465.1912229  
238.1806875  
12.19853484  
51.16045345  
40.61470255  
163.859813  
48.60971048  
7.248387211  
79.04658667  
53.82815627  
150.5270015  
154.1013969  
20.11447852  
52.84586736  
163.5475841  
0.3638108383  
27.61919358  
38.96372454  
85.24560833  
95.71273208  
146.6645918  
414.318951  
76.61445727  
91.44076922  
8.380354103  
69.27998348  
82.08320892  
25.47233244  
3.4790338  
263.9187434  
170.6673008  
3.642322637  
266.191015  
27.88756072  
