22.79075953  
44.51298514  
13.75937366  
30.56739228  
2.560161523  
82.07082888  
5.301347522  
10.44214714  
88.48346942  
0.7198010134  
43.36026833  
17.77650871  
14.01202839  
66.99017451  
62.72397514  
94.69289289  
61.66287338  
5.790790798  
6.627385339  
1.710082627  
20.5726953  
17.33180671  
50.73637844  
28.87876986  
0.7910075028  
103.775879  
10.87587364  
144.557343  
40.81146108  
136.9043418  
25.64324584  
58.66465095  
25.48277222  
41.55188332  
165.1779299  
4.789993639  
29.01877762  
4.222371347  
42.87054434  
47.49084191  
0.09520127971  
20.58360453  
36.22697215  
36.44242769  
41.1905258  
52.68090303  
93.20501746  
22.74015295  
8.290672335  
32.90905997  
24.6044117  
22.54671305  
83.91763506  
25.19073166  
47.88001324  
166.0671234  
186.8659929  
235.1353674  
140.2920398  
282.5753386  
207.5778145  
172.3697768  
10.69388006  
313.7940651  
266.9846913  
25.12111051  
350.9544953  
5.881071802  
64.46951468  
521.9180578  
106.8219089  
72.77465921  
245.6667259  
725.1613487  
965.528051  
527.3462904  
448.9423315  
214.3036052  
202.7616788  
658.695244  
851.6179835  
732.383201  
19.31121891  
31.67865674  
833.8748659  
536.5365585  
1312.458383  
74.90619889  
17.4416918  
902.9170607  
610.6436698  
3.626511048  
221.865777  
180.6071856  
34.109606  
256.88033  
246.6762217  
22.43074017  
118.7883431  
217.5493916  
465.9438623  
300.7325014  
62.07957989  
1.413329342  
47.45320703  
69.56692045  
123.7792331  
52.42277748  
104.5045525  
106.3025907  
2.049626554  
20.46641727  
65.42943812  
44.58153922  
72.70480852  
70.39447864  
3.937405116  
1.179690208  
151.9360107  
62.49467259  
27.5297459  
149.2052459  
175.2581501  
20.21683706  
44.83055806  
116.5677024  
3.209654189  
42.78548341  
5.267087433  
163.3235904  
8.44337744  
117.8956464  
212.6794816  
151.9281185  
163.0715403  
32.26572586  
119.0217104  
157.5204336  
330.1500116  
171.0500642  
95.34198125  
506.9557882  
382.5193583  
240.0951149  
28.51696195  
6.565050777  
28.98749986  
569.3221756  
528.7754732  
347.6540734  
532.7044673  
141.5342154  
1155.217177  
405.4885068  
135.5270617  
442.7547836  
689.6085001  
150.3678747  
210.5292228  
939.7995215  
584.7981243  
981.9705887  
747.2562262  
241.3417921  
2635.994819  
3518.085226  
1229.991676  
6757.603525  
5723.330254  
1613.116167  
11001.17473  
80.28528099  
408.5519951  
2146.281266  
11420.43087  
1165.894284  
168.9537753  
1447.35157  
454.4325284  
2363.004325  
126.0361014  
305.4408142  
931.2608929  
1050.72227  
106.4912756  
109.5985178  
510.2027901  
169.3705474  
74.02872349  
112.8653766  
63.95933379  
187.2574901  
142.2818597  
106.2776425  
53.01614937  
31.20466988  
192.05822  
43.48273744  
127.9530782  
128.0837482  
86.48251719  
52.61447487  
16.15111768  
11.97526747  
87.15743658  
161.5833326  
90.40850973  
20.64895985  
17.15070116  
68.63034962  
