683.2625684  
414.309451  
554.4115691  
993.1895131  
264.566424  
1220.670416  
7546.468045  
783.6654021  
3730.200159  
5176.43495  
12228.13475  
1832.487908  
18310.73567  
1416.202314  
6009.273527  
5165.549582  
949.1364519  
192.596231  
1919.667378  
189.8576242  
1670.735421  
724.9105257  
111.5744163  
106.9987908  
270.3254593  
228.4847711  
305.6643457  
301.0255564  
127.0232165  
14.51125902  
186.0664184  
325.4834414  
35.17245904  
288.1640496  
375.0218426  
152.3032751  
237.1064564  
106.8725467  
454.4897308  
103.6151498  
112.3939243  
552.0059288  
137.1761511  
270.7957866  
271.0539723  
60.87721496  
76.90105071  
185.2788549  
175.8269801  
137.5077836  
105.2804111  
82.01748718  
10.37188261  
11.15076876  
59.78299667  
145.1212407  
293.4808773  
286.5870991  
106.9975642  
262.0755115  
291.62017  
579.733473  
202.353427  
394.514182  
312.5638511  
481.5275328  
117.5268696  
726.9079447  
413.4821466  
100.9828722  
256.1798309  
498.3767672  
163.6582681  
168.9064315  
280.6987949  
85.201605  
24.37519482  
8.196905644  
96.44723458  
16.93529092  
22.31372614  
5.002616351  
49.92357022  
30.45162867  
24.87887574  
15.76608719  
16.15524318  
21.77819411  
44.03486581  
1.178355588  
25.41798749  
22.95971127  
14.65425552  
45.68264243  
70.44554142  
5.415287529  
3.914961975  
5.54050256  
10.7791463  
0.003064964329  
2.508726587  
11.40272808  
18.97027545  
17.33011908  
19.42651273  
56.92233917  
1.545265482  
11.94027018  
26.82985747  
3.33018554  
24.42084985  
14.76057798  
9.708289462  
25.47382545  
61.78690882  
0.5699704366  
54.85941719  
7.853764166  
59.70467336  
36.21599457  
77.26083388  
62.19258162  
87.3800479  
20.95697751  
22.79277177  
115.2899629  
60.19944001  
111.0646068  
443.952263  
30.1873424  
91.31498827  
72.03453644  
51.55050157  
85.47491351  
50.86761379  
28.34912867  
16.14061278  
2.17995055  
18.01568678  
5.003951877  
41.11871511  
64.3462457  
7.993718042  
13.82620055  
2.419521447  
10.69987441  
15.63584855  
20.81490963  
8.479459778  
8.531157055  
38.95295333  
27.40175024  
35.24130371  
104.2963089  
1.534877957  
10.97146368  
14.09067491  
0.6484189829  
46.62317457  
5.754004511  
14.03347501  
57.26797293  
1.154331694  
1.612800125  
0.8966923868  
96.39140299  
15.83096201  
42.46333039  
8.957931973  
7.005664493  
115.7337824  
22.29713856  
11.1207019  
23.78434826  
0.6385673047  
16.71422411  
8.372492933  
34.65719411  
12.53379686  
8.216517859  
5.717358632  
15.05221157  
17.87434708  
15.93894473  
3.952379891  
15.07992166  
25.60390993  
11.35281283  
1.471699484  
18.36783757  
9.624198826  
16.46581035  
0.5622330564  
2.536415065  
4.145071353  
0.24491777  
0.6824896253  
27.60292813  
37.40712252  
3.813613576  
6.617050762  
35.04378248  
29.86071966  
11.46741722  
12.50825303  
10.32924867  
3.27309821  
2.108081785  
29.2257706  
27.39915266  
