80.25370146  
377.0659698  
1706.607975  
2044.822738  
1781.265715  
7840.214205  
4554.937155  
9347.603549  
1094.44958  
1984.993677  
6526.266795  
1282.317702  
2611.715157  
259.2975365  
5697.414419  
5185.060085  
147.3497393  
4460.006087  
699.0645204  
4291.00408  
21.03637599  
2094.376133  
808.0050108  
298.9243049  
696.7658431  
685.5277466  
1774.449876  
817.8160881  
113.810187  
64.50653756  
23.74862691  
234.2578267  
2065.268478  
176.28809  
121.035348  
1025.494805  
184.3178159  
126.2203272  
27.0554376  
575.6290358  
169.4886816  
646.3821055  
639.720472  
184.4081503  
496.6258111  
961.1054667  
187.8046799  
277.3405678  
66.70223079  
507.3438906  
463.3200926  
1073.226583  
121.8416001  
245.3440019  
72.88697212  
223.4445323  
308.1680355  
249.7341753  
119.4278353  
60.33922451  
124.1425693  
87.06869977  
299.8667674  
237.7698355  
71.63195725  
216.1707698  
745.8083061  
119.0396732  
1003.55948  
303.1443493  
457.7501148  
21.94242523  
105.9424351  
213.5800167  
442.7852743  
74.27254119  
9.54152985  
266.6798338  
14.72116308  
180.8141701  
54.43648106  
67.90441425  
73.11843597  
2.252971793  
42.46720116  
49.68551974  
4.342265579  
4.618746099  
0.5960095839  
25.22958059  
35.6517857  
7.211037691  
9.106419802  
0.3160045414  
16.26777351  
18.92080777  
25.21462213  
9.036287655  
9.915809665  
12.96853088  
5.346148457  
2.759687977  
9.434491751  
12.40544219  
39.56145089  
1.688320537  
0.2378186073  
8.02448849  
19.92707017  
2.350376289  
2.226968166  
0.06854462851  
26.30918568  
17.04138594  
5.240160958  
1.254622408  
8.325138164  
3.13707986  
30.44730657  
31.06095562  
10.70755249  
2.893229147  
6.789302491  
2.686188681  
19.46769851  
17.00099796  
3.204681792  
27.49045535  
1.041622369  
5.271370539  
4.681420306  
1.140183171  
38.54062986  
4.468738944  
1.009344762  
3.356449506  
4.785675509  
1.087992529  
3.930968972  
4.071326  
1.249350201  
6.634634033  
9.461907656  
1.548895241  
3.734070809  
0.8985190521  
0.8311801726  
0.8130191698  
10.36472698  
7.152688476  
0.3080215109  
1.235972964  
6.34495336  
9.480118191  
22.46317196  
3.513792509  
41.61517545  
1.807893992  
2.862769384  
16.93232193  
0.5673687365  
15.01005851  
16.1985639  
19.56694933  
23.05846008  
24.02233493  
9.366952649  
38.1357428  
51.27317181  
53.21265444  
248.8240267  
0.5313091485  
10.82563155  
50.41786126  
132.1872994  
2.801129402  
8.492192936  
36.27795589  
0.5543053418  
50.9952677  
9.597988524  
8.842118209  
18.6564322  
15.93242825  
3.904948363  
8.730795516  
13.82231908  
6.53455246  
16.81054744  
5.55301413  
2.594362657  
5.380207006  
4.887029138  
5.976564363  
6.740615145  
1.594017254  
13.06693214  
5.261148875  
6.574080969  
12.55369659  
9.542476534  
4.59004173  
3.438927526  
2.116516004  
0.7259266634  
5.07901757  
3.02770011  
8.283526173  
1.704203679  
0.08193659351  
