574.2502385  
410.3628463  
344.5402573  
217.1146557  
629.1881284  
281.7408215  
836.6691976  
58.30874849  
403.0795343  
681.4336758  
74.04246566  
115.0405431  
421.818943  
182.113176  
77.74752857  
30.92336794  
155.7816471  
192.7002462  
37.33415191  
12.58236658  
931.6625584  
550.987168  
109.2421848  
144.0318848  
133.9819347  
143.6020163  
577.0115272  
297.3260636  
705.7818299  
42.09376311  
396.0046735  
183.3049683  
253.7942491  
146.6756083  
51.88899177  
355.3589799  
251.5804999  
48.17844539  
93.62475244  
170.363877  
163.6144888  
275.5265805  
80.35273281  
144.525541  
115.0347934  
352.8533194  
328.2725547  
381.9671902  
370.6568162  
808.2981292  
205.4834014  
335.6569745  
119.3921363  
166.9272805  
589.8594476  
59.48387935  
271.6785886  
536.8942208  
42.95120309  
95.23022031  
53.67716076  
310.2611949  
125.6180133  
7.502405797  
143.9504334  
437.7023696  
113.6104075  
87.48805738  
210.3046609  
348.801858  
62.10369232  
181.1347226  
563.9883792  
373.8194642  
16.85746181  
17.43677631  
8.510481054  
579.3695379  
164.141841  
120.118983  
535.9350634  
168.9428993  
78.70621706  
8.946782902  
285.2468717  
68.07563595  
242.9551919  
97.29059203  
66.49607667  
6.10193393  
2.050485698  
366.6665798  
211.6278755  
292.4184874  
248.0104451  
32.18077377  
24.5363206  
2.891574999  
6.013418188  
352.2101331  
13.10769678  
113.7783482  
188.1594215  
438.236438  
141.0891119  
506.3203321  
783.8800388  
24.71797321  
113.3584681  
1.36201869  
320.7731614  
301.3592355  
153.3278374  
46.42366901  
399.3484797  
18.17894062  
120.6970712  
823.6070814  
219.709376  
700.0168181  
66.69617649  
346.8716373  
713.0916286  
2032.160608  
425.018288  
2239.523504  
2760.000376  
14111.19385  
1070.610239  
6781.657733  
703.1999312  
2731.605119  
1787.055353  
1108.735313  
578.0074128  
680.3693231  
183.3306868  
188.9664751  
2403.567948  
145.4484773  
2474.731252  
2110.15673  
522.1112493  
825.4773192  
536.1265286  
103.9681473  
41.37961666  
5.555647498  
193.9401559  
20.0460905  
659.0731521  
453.4701321  
102.9110637  
458.4490822  
578.4708303  
43.34803459  
1061.101149  
421.4117221  
104.615156  
219.6072552  
171.0064687  
307.2677645  
160.7921943  
69.22704635  
416.3554992  
105.0475103  
202.5802322  
112.455064  
22.41443912  
622.1185626  
122.1665756  
571.3270935  
144.244509  
80.12337882  
128.1841178  
146.4816717  
69.98904658  
107.7847423  
10.32240598  
11.69440267  
16.09670614  
212.3747011  
136.4093964  
55.29058583  
138.2621149  
43.97784264  
50.68885784  
70.32860946  
148.6556724  
129.0733061  
394.069043  
49.76983342  
34.7428256  
3.589881834  
153.4432877  
35.22813139  
29.58144066  
95.92893002  
337.2758839  
160.8326552  
84.7785248  
15.04835747  
77.60121532  
55.15630471  
41.37529542  
242.4363201  
97.45049326  
123.8122669  
45.51679962  
234.9616062  
