975.3518505  
908.7863255  
1023.573457  
1890.345205  
640.1225534  
404.1373551  
504.965464  
300.9440341  
96.37104173  
569.26843  
102.839895  
408.5329567  
77.47162217  
450.6249782  
28.47654494  
373.1710215  
663.3026361  
48.41238293  
544.7354424  
825.8115668  
23.28803923  
133.8945349  
783.4822224  
137.2518055  
29.13410752  
357.3982665  
140.6995006  
633.0518048  
321.6974897  
38.4874274  
8.739700683  
287.5314373  
92.00595971  
13.70260858  
132.2509762  
5.654802029  
53.59419373  
597.7668903  
5.217810518  
135.0719959  
182.6739885  
4.750966242  
43.87296389  
176.8490034  
35.14538141  
166.96222  
95.2657729  
85.26247734  
284.6240185  
175.3446161  
56.70809243  
19.29008591  
251.9288528  
65.17120622  
157.2719379  
520.124161  
39.38807298  
45.73744777  
376.1554869  
60.36664694  
181.8954324  
17.76174487  
42.9265275  
105.9891936  
58.9380434  
50.1405809  
83.8031477  
308.281686  
22.06238621  
130.1112612  
270.5956752  
457.7244653  
127.420381  
121.8908063  
27.23044495  
24.22146155  
11.34277701  
3.530638632  
41.5478575  
12.72800217  
46.76514512  
66.9105251  
291.3757353  
30.77898787  
248.6633745  
50.02247065  
8.780796264  
65.75496462  
162.1459232  
163.933141  
33.23965283  
10.03019207  
104.6844563  
86.70919517  
154.6779889  
86.90804292  
10.14209768  
2.612612007  
67.22184693  
70.15787098  
94.92386342  
49.23426149  
66.46145439  
286.1027619  
93.51290221  
1291.95888  
26.4467665  
365.0332079  
101.095135  
18.26528162  
506.1407837  
145.1465719  
19.62330942  
598.6462187  
110.4670155  
86.08828794  
165.0639101  
106.0368223  
450.3979071  
1391.560486  
638.8834302  
410.8057739  
405.4758605  
3280.529091  
198.1112666  
2957.804467  
80.27191775  
3814.471413  
14700.59383  
10104.34451  
787.9812651  
293.0183169  
1592.531663  
923.2672485  
1726.630855  
1089.497737  
598.4891712  
176.63699  
1628.44723  
320.8691455  
732.0583366  
1976.778755  
193.1057085  
362.9656535  
347.5899278  
51.93889721  
245.785428  
177.4001171  
147.9325106  
39.35837376  
246.1898623  
943.9647666  
523.8950599  
278.9883399  
1261.514775  
443.3451857  
74.27295313  
853.8259896  
65.3550598  
68.58791229  
103.1251784  
292.5721431  
163.6297171  
431.3256087  
162.5966524  
507.0870252  
361.917372  
386.4987399  
52.34294001  
411.9775924  
2.301860784  
306.52915  
37.96320753  
187.4042604  
30.60408936  
248.0668517  
169.6049436  
103.2539836  
170.5267947  
17.02958365  
50.40587163  
16.63150408  
0.6613557929  
139.6230196  
59.52030238  
138.4126557  
19.21489279  
5.647135269  
35.75591802  
8.723186369  
24.13452079  
10.03625042  
13.54592681  
29.24928634  
73.7964579  
208.2290941  
43.74397707  
33.88826607  
43.54176619  
151.9074019  
6.232290787  
3.755936577  
73.30413839  
49.90199046  
72.86104021  
65.80504166  
8.51393764  
81.68560097  
130.7440439  
73.46322136  
