297.6759321  
162.4653193  
203.8664609  
1510.626106  
151.6462576  
891.9503056  
153.0891785  
31.51902549  
1724.120001  
284.8258231  
191.0518686  
263.7114899  
99.73231368  
288.0630723  
186.2410513  
18.24470053  
227.3010492  
103.4387842  
217.3894303  
5.149334861  
6.729637103  
19.90189623  
242.5330869  
284.1971735  
203.9775353  
317.3521081  
591.994341  
287.2734093  
435.7893837  
20.94481894  
259.0666479  
23.46007825  
48.68735232  
162.3853146  
128.6887356  
227.1164142  
66.26054116  
142.4111237  
72.50263306  
319.9091067  
193.6743814  
146.2932508  
336.0747353  
77.22489685  
101.7635649  
26.0150761  
233.4729913  
43.28137958  
767.6192995  
62.48282723  
458.9473154  
250.6607794  
621.1434763  
64.75271543  
282.4269266  
154.0386009  
510.304059  
19.54217318  
719.2002228  
215.0859322  
550.1612703  
1234.690034  
38.21884647  
145.2976871  
592.2894435  
551.1326455  
1313.04005  
29.1399125  
669.6919635  
1136.443042  
339.0107115  
109.833534  
540.3539862  
4236.199795  
1354.080211  
139.0278045  
363.9303201  
391.9972996  
2547.68908  
1811.153232  
1185.119129  
301.8285115  
1033.212198  
249.726407  
7111.974079  
1634.422595  
2639.832118  
529.6094752  
1653.914624  
1114.543491  
396.4696522  
284.6753596  
40.35856594  
23.72494619  
97.19351018  
1822.5266  
946.3647754  
451.4033858  
59.32012643  
255.4618877  
1242.052376  
271.4986753  
344.6685312  
496.7978914  
304.4794214  
66.62533689  
322.9137448  
351.9178418  
548.7443457  
176.2469157  
257.8248219  
27.03954521  
382.6678274  
452.2431273  
183.1233931  
496.9411661  
778.7199347  
308.9747635  
211.3091063  
498.8290288  
128.024799  
65.14815257  
64.65490337  
661.5411501  
109.3399607  
65.89196397  
34.01103547  
373.2850381  
83.13916507  
119.0717749  
6.83804773  
95.46376227  
73.15232292  
278.9677955  
94.04550436  
47.10256524  
360.595623  
324.9529738  
299.9290429  
137.2007879  
45.05471812  
106.4663334  
63.08516337  
262.2855821  
22.29420501  
233.8060403  
477.7665559  
75.14400383  
5.573644544  
148.775656  
125.1449588  
374.8752883  
588.6608005  
118.2076415  
912.5233887  
301.7857544  
481.6032647  
14.79909098  
192.4482543  
235.9198112  
75.54266528  
797.3439911  
5.264763792  
146.3333944  
1003.183947  
1768.425895  
238.6536558  
395.7073986  
1735.163668  
490.5788507  
1865.002314  
206.9475079  
14.51069895  
127.6459619  
2665.14227  
121.057154  
21.83346544  
334.4167271  
380.3386936  
633.272734  
110.9189564  
65.78185199  
72.76032315  
63.23142064  
163.648201  
83.59077381  
136.2266597  
97.65747453  
104.3735612  
28.20102128  
324.3796463  
62.22799797  
41.35697789  
235.9651565  
68.31616058  
215.6318925  
306.829201  
94.94216275  
74.34266428  
34.12400215  
21.42923582  
57.92609825  
35.88104721  
116.4050141  
75.45626719  
5.536883372  
38.36377044  
10.34137417  
174.6548798  
57.16698833  
