166.7385311  
170.6305249  
3181.536526  
1667.333623  
228.2186101  
9600.392067  
3468.128587  
2542.668695  
5205.387492  
9460.14446  
3832.180648  
3215.473002  
2045.297108  
9272.457951  
20.23737045  
473.8590291  
3182.404294  
2675.37019  
129.9050307  
51.53948011  
142.2787586  
492.8768142  
2305.694489  
665.9431125  
89.5387845  
622.6245172  
1312.867921  
557.7023108  
404.9779681  
19.60893384  
146.841697  
38.41556518  
355.1791404  
939.5877501  
11.93881275  
309.3388478  
118.3223934  
556.3009454  
1108.079244  
494.4453222  
906.6337837  
17.75836724  
949.5886055  
603.7010904  
2318.768653  
201.6561551  
453.5005552  
140.529209  
514.0384967  
200.1840088  
714.7906277  
313.7136665  
487.8836843  
95.07880798  
190.3327391  
176.9518885  
107.7049765  
232.6234272  
45.0082837  
326.0378403  
59.36296556  
150.3919588  
371.6856927  
400.3911587  
109.055481  
222.6454915  
242.4546247  
11.02566899  
39.28672823  
161.807671  
122.8514034  
21.20757144  
60.85969173  
210.0022397  
1.658420051  
64.79592872  
10.0843317  
40.91890611  
96.23163527  
4.206027424  
22.6643732  
72.56000366  
241.9337809  
20.1997674  
15.29712392  
1.755189491  
50.94549  
55.12579519  
25.46136561  
73.01250498  
10.86865777  
113.7724486  
51.18016832  
40.83280866  
33.95076596  
1.468928723  
7.263171841  
30.91277241  
25.23567301  
27.62165299  
31.44004517  
10.20229527  
1.019006941  
19.49241101  
19.66027362  
40.82048539  
38.52245438  
7.854919276  
6.326509096  
188.7411416  
40.32903417  
17.89146282  
26.1857799  
66.19696611  
24.2022219  
13.20253343  
3.619018035  
39.90212034  
72.23156807  
69.71872139  
85.31498963  
26.0332799  
46.28001902  
38.86609255  
94.36209107  
93.95682545  
75.424601  
227.8968838  
258.5417885  
191.3735069  
6.376383491  
268.1941248  
20.05931085  
93.71850804  
22.46509294  
5.979901354  
2.718654341  
16.79077401  
0.396065455  
8.140883218  
2.348437919  
30.47708338  
29.54531704  
36.1729621  
151.6987373  
95.36587215  
10.74956929  
18.13143501  
3.03190679  
85.6735812  
5.172277627  
2.265572884  
2.384864689  
54.69882187  
49.07174037  
47.80279127  
15.35775605  
47.82634576  
22.05129952  
13.70655571  
59.14911825  
5.097336488  
10.07070793  
34.23750956  
3.345886199  
50.62593726  
40.89028038  
39.42026248  
22.22010117  
1.496730455  
12.88023763  
15.17425752  
90.37221596  
39.84453193  
11.18987499  
5.897712543  
61.53103337  
7.079604655  
3.488407415  
5.620345594  
3.546010784  
4.194702906  
51.01128741  
6.175414105  
101.4332638  
4.814035221  
66.58574763  
20.66037388  
5.294510577  
44.80871553  
77.07427492  
7.360068746  
40.78104665  
4.221717153  
5.643086032  
61.84830608  
11.30839255  
2.798456481  
35.69618736  
5.114419638  
41.69707595  
37.81181743  
33.95954338  
6.476162734  
4.33687397  
88.66490166  
36.02849837  
5.650099203  
9.030568277  
0.8464501933  
