766.2815458  
610.2013898  
42.22644926  
1574.977046  
348.8099493  
4951.903488  
5679.956276  
2864.405484  
1521.558649  
3091.281346  
13283.95626  
75.04080356  
8400.914646  
971.530027  
902.2004069  
350.3431337  
1041.576868  
3026.594992  
4482.770955  
1821.955616  
487.9768388  
1563.712403  
1470.260191  
2642.944245  
942.3452074  
146.3124392  
1695.645071  
154.1924887  
2031.246795  
436.1206471  
1030.288954  
614.8741746  
81.73689294  
277.2781033  
756.5900727  
336.2576973  
1970.662968  
1687.702643  
76.40192272  
74.56701127  
1.394165125  
450.5871779  
455.5417775  
219.1473129  
1236.798081  
185.8914056  
217.6279306  
290.9607466  
792.7864989  
752.2913319  
30.93716434  
99.7515564  
373.0352419  
6.094941509  
68.27596697  
95.23069857  
527.6957641  
107.3347855  
526.7635706  
60.46265957  
44.48033716  
286.3849816  
269.978375  
688.7371922  
61.00936773  
38.55551266  
579.9107605  
145.1226575  
154.4013638  
305.8667521  
108.3397761  
15.09149012  
182.4415891  
47.19258732  
403.7090853  
125.1311744  
180.282118  
221.580911  
76.60265428  
154.5618362  
141.9394049  
493.1970811  
24.51444587  
112.3821283  
58.22173549  
111.914496  
32.38802752  
78.76732289  
62.78713188  
94.85977734  
53.88737479  
48.85334927  
160.8220496  
105.4929928  
29.49842056  
40.35921895  
88.77756703  
4.428978843  
24.2570538  
138.9493645  
18.70831941  
67.46321699  
31.71067486  
5.280704281  
1.571168379  
11.78692505  
6.617840128  
39.01497835  
14.22887955  
21.53880169  
3.080626099  
3.71452433  
38.47230472  
48.87959358  
1.964478362  
6.749711994  
23.65515261  
27.15575318  
2.641789538  
15.35117944  
22.11426056  
0.9106124718  
1.480021492  
31.21899064  
7.924615225  
4.355547399  
12.29931364  
20.86496796  
30.13292643  
7.134799879  
11.56240605  
52.6768978  
2.905743188  
6.612541818  
2.665056276  
2.69479819  
12.94476106  
0.8174172071  
1.461206574  
6.133969012  
0.9057718769  
19.62191655  
6.803396595  
0.5078990676  
12.99247151  
13.7369079  
15.2033765  
8.236658338  
2.08225746  
0.07358265143  
4.071615581  
9.490679222  
6.707226171  
1.6638927  
5.664724005  
7.782344506  
9.598915571  
4.178421788  
1.672538473  
15.64229145  
16.81813879  
1.994690619  
9.153642677  
5.268443771  
7.976233224  
5.181291721  
14.43062189  
2.078362766  
1.287416149  
11.12119827  
27.22842334  
12.14689944  
14.056062  
14.0164504  
27.84500657  
4.926203075  
6.839393385  
10.327853  
17.81522391  
0.8219000759  
2.071600721  
4.914170841  
0.8758353718  
0.6659430998  
6.048927229  
22.97632581  
1.135046113  
0.6367113652  
9.068723976  
16.68660576  
10.39912814  
1.888329517  
5.610899023  
9.441126499  
5.011395817  
5.509767262  
26.56817666  
3.127796132  
2.106990996  
0.4736494991  
0.05926073215  
26.80814076  
25.82540811  
0.5152143828  
0.3790689962  
3.210198719  
2.152691149  
1.400415094  
11.65336997  
32.84388576  
