309.1733802  
553.1335805  
656.4947073  
1278.287038  
411.9731254  
1829.34705  
707.7514088  
2703.461165  
2477.616213  
17824.02879  
361.1190031  
19540.77619  
2005.02625  
3230.13788  
1170.549928  
697.7296336  
420.5566652  
1034.255647  
2876.184719  
100.2215048  
1188.006255  
393.8687179  
327.7564737  
1365.990098  
629.3028331  
1967.828564  
63.87229816  
842.5879425  
578.3875231  
802.8468515  
877.4205303  
494.9800547  
237.3387793  
6.215152605  
347.7515635  
116.7983411  
351.359917  
667.6160396  
444.3574036  
258.978436  
73.88942771  
129.8756148  
295.3111066  
27.71389681  
150.6225156  
143.3446693  
507.2690911  
68.79971582  
150.5985328  
431.2483261  
13.5382526  
124.6171125  
121.4134091  
198.247799  
138.0360356  
256.8496414  
118.780209  
677.3574974  
39.79168133  
260.0520563  
272.8040698  
340.8059342  
644.9496505  
512.2139596  
805.784306  
9.63200139  
220.2690401  
1376.073962  
468.7565663  
583.6602406  
315.7085036  
297.9645585  
127.1427488  
547.8503921  
412.0820901  
345.4803648  
180.7312956  
189.5691626  
59.51391971  
57.56485572  
1.114656152  
109.7421757  
75.7385295  
26.93866251  
0.4071280118  
370.0217638  
36.25360099  
93.78604843  
50.69296091  
67.89721658  
16.844923  
10.43585418  
133.8796209  
17.31385014  
10.32227801  
23.59813395  
24.6323552  
6.697125893  
21.71039055  
44.16241748  
20.65007036  
83.37655942  
10.44732684  
15.36496539  
15.55461037  
0.2179937952  
11.17861297  
10.87938456  
23.66445319  
47.36518472  
47.20508418  
15.04015513  
14.69361308  
45.10672671  
5.681125811  
23.67425871  
2.066835855  
1.512730329  
0.5953550028  
24.52631916  
73.97306389  
49.51951056  
61.78992366  
45.06131623  
28.48095814  
41.50699543  
97.99124196  
131.0934951  
2.617808508  
79.09791807  
54.5391901  
96.01411698  
6.867782469  
22.5004869  
28.70223094  
16.05639233  
58.36275239  
44.68734249  
14.55455576  
20.00996694  
28.09492257  
14.76614716  
25.79610078  
9.095896665  
62.71355544  
1.243760351  
8.851545559  
3.160877689  
15.82295542  
75.51642925  
0.5879344852  
5.48038025  
19.25986664  
6.121637951  
12.84477737  
57.77235013  
5.422273409  
11.65851047  
3.525023341  
1.072908277  
3.003051491  
8.236860744  
46.17109264  
44.61475081  
135.5716034  
17.05613411  
58.48467673  
16.3725879  
3.474632623  
10.60946121  
2.138641345  
9.57997626  
6.046729994  
19.0458773  
6.457428742  
93.26297453  
4.966362336  
3.038575284  
5.363283288  
21.65421655  
19.98962839  
74.0264584  
17.91755707  
6.734083437  
3.029562758  
10.47780404  
7.926972862  
1.365313124  
47.76621585  
4.680275954  
24.26581964  
13.46696506  
81.51117916  
3.444995551  
11.52921698  
55.41799708  
2.53029842  
93.01967007  
21.48952249  
41.89756488  
15.9150953  
54.45104964  
35.61748187  
19.86362129  
26.05633705  
9.945104787  
17.28847609  
0.5365199023  
0.8510999766  
3.222731273  
