1496.289559  
1420.408651  
2741.89469  
2713.879855  
497.2216108  
465.6239137  
5292.282509  
4107.119334  
3188.876199  
5832.919613  
1656.967729  
1765.815954  
5228.774763  
9448.96658  
2881.321404  
447.2642866  
71.09280163  
6991.595477  
3155.435499  
2671.921949  
735.8070682  
947.5088285  
1287.83232  
1380.386328  
283.4655955  
1569.091867  
1049.001843  
79.37012721  
201.2096599  
165.7587692  
52.46307983  
599.3767135  
195.3818855  
348.934305  
61.03661765  
543.0409477  
757.7781617  
927.3674987  
174.0810035  
314.6845684  
32.63160056  
271.4946806  
212.8011809  
209.5372609  
7.907450888  
231.2626186  
6.763678348  
17.89290848  
1086.180818  
106.3838367  
34.75138496  
1379.967414  
44.70741676  
124.4486443  
126.0908118  
241.022309  
468.2207252  
467.9372311  
246.2336688  
376.8186036  
268.08885  
201.7218147  
223.5833722  
19.05195896  
243.2990655  
2486.506301  
516.4189805  
251.2157755  
52.95647576  
289.0125964  
2.392179522  
139.7067591  
159.0407794  
120.7482237  
172.2128044  
169.8361488  
35.33637279  
103.5711537  
15.05805743  
9.802567895  
92.87019744  
48.00044045  
23.06793754  
32.05215846  
35.32601079  
16.98823612  
16.12474733  
6.033246033  
22.3189247  
6.658362587  
30.10449013  
27.66796392  
1.845296543  
24.4389834  
0.9732647312  
9.183595402  
27.96610029  
43.86835831  
3.665604749  
13.72192405  
15.88844171  
61.06128217  
1.594377296  
25.4591662  
1.546529308  
5.370161351  
7.323160703  
34.59797491  
27.98219517  
9.022783203  
18.00416861  
4.069438074  
46.03341834  
12.79128635  
10.83153787  
50.73892122  
41.7429328  
10.03628361  
0.7908391196  
19.36575759  
2.016895255  
33.66554397  
2.443914044  
12.31844516  
1.142726007  
53.19732691  
24.07231276  
22.2277429  
62.17716241  
15.75710728  
5.204399017  
61.15136418  
67.03164672  
79.66060754  
34.90141713  
40.58044205  
13.69888553  
76.11321116  
45.70139941  
0.5239167061  
20.09908432  
3.597822554  
5.527617398  
65.12253349  
80.16990944  
49.84376744  
19.40279404  
23.17685667  
11.14314619  
95.20848244  
24.45815466  
2.016819344  
4.548017184  
33.3102913  
15.08486077  
53.95007764  
17.53951874  
16.67896793  
44.37546689  
37.01404902  
5.776531475  
14.25922784  
24.33620114  
2.16238808  
26.17988722  
13.92573988  
30.33653634  
48.63147782  
8.902330709  
20.26872144  
5.221370551  
8.521223165  
0.2066902911  
25.41490195  
75.84201834  
8.034027127  
38.06119453  
0.2930419175  
9.158511062  
50.06281758  
2.681018967  
27.81865525  
77.07854594  
1.527186767  
2.596832643  
27.67887044  
26.60628449  
38.12262072  
4.048255513  
20.10306867  
20.45791493  
0.7604215499  
4.798402286  
39.45511118  
9.319287784  
0.6970958754  
12.47706098  
0.7450583654  
8.573346885  
17.25557486  
32.70687442  
6.63246128  
1.164895998  
12.64432716  
3.365527657  
10.92110051  
5.230109074  
31.3435098  
15.45459376  
54.59180011  
