183.6440699  
10.43895674  
306.4712945  
37.21811976  
1412.238962  
1400.332585  
1200.824407  
271.9823577  
1127.37845  
670.7576498  
213.6662028  
486.7179817  
1069.040809  
129.495396  
1187.716222  
3141.355954  
1118.457135  
137.5525794  
153.1252815  
340.0209967  
1872.391288  
212.5884569  
63.36466805  
837.0865108  
725.9400194  
1858.107319  
724.881106  
1220.068867  
66.39516255  
2613.595053  
645.0286729  
2254.622963  
61.65973636  
1304.333751  
1057.779875  
800.9453465  
221.3367275  
574.4618058  
1990.055312  
14.7641335  
119.4827193  
662.6487077  
1253.94831  
2021.011453  
2783.596521  
697.0006465  
149.0432321  
964.4622384  
321.3178414  
1180.312923  
2294.703948  
1478.283634  
1877.037525  
66.51898413  
1325.905598  
642.472  
1023.749046  
424.858716  
615.0987185  
925.7856772  
132.1007306  
97.32671379  
3502.138503  
256.2557626  
858.2496488  
1658.873263  
25.82095655  
948.6532791  
322.8856446  
806.612395  
128.5957151  
340.4455229  
515.1311091  
60.50963675  
194.6204397  
974.7892921  
163.410088  
44.04816373  
362.7293619  
368.431734  
401.7856135  
212.0725666  
407.7477881  
314.4509171  
367.2902072  
73.66729613  
135.6926651  
45.84400703  
392.4772057  
52.05369953  
362.3089913  
236.6314112  
22.03868262  
45.59490535  
188.3172651  
296.343228  
2.391980959  
38.12353196  
462.699129  
5.028197829  
79.03981781  
38.13221789  
48.31532582  
14.17810866  
13.30615251  
247.9812256  
344.0926811  
29.57501642  
46.23064225  
94.34030601  
68.99546271  
36.54826696  
31.33433425  
111.6475497  
99.90597104  
263.918806  
103.7146076  
230.6782015  
200.477046  
453.5792468  
146.4176534  
317.0813181  
76.77332057  
0.569756025  
112.597574  
798.592368  
941.1937955  
912.3319224  
182.2504861  
465.8812868  
22.63256784  
1167.824669  
298.1785558  
287.3704712  
163.1892911  
181.3722  
55.01915953  
617.4445653  
67.80251828  
24.78697899  
236.0579565  
361.2330576  
239.5899698  
307.0033869  
200.559044  
141.9568355  
30.37502103  
163.931181  
51.38090855  
114.6150793  
45.7556709  
98.78091364  
49.73860349  
171.8987401  
143.6834807  
537.1026883  
23.84156638  
414.4128547  
434.7437785  
51.17301975  
66.2916406  
4.373934143  
107.768946  
129.3543806  
53.69542618  
266.5370712  
134.9870797  
159.6542816  
243.351436  
61.30944557  
287.6587772  
117.8436286  
11.98198415  
62.68996054  
366.1140713  
30.33476673  
61.05345103  
24.5578988  
13.14168987  
141.9725167  
3.047336123  
94.31063576  
60.97109583  
1.215863992  
101.7023921  
9.728138717  
37.14748517  
37.44238635  
53.49434706  
65.07055235  
64.04527982  
97.80129851  
19.46719131  
178.9212973  
379.9084072  
1.369326733  
223.8231333  
21.47943937  
7.124373965  
70.94445595  
31.37418691  
15.90894479  
46.58130329  
55.87656509  
70.20633098  
177.5192029  
23.52492175  
53.66291539  
17.31644368  
83.87857181  
