2113.385603  
4466.314907  
1763.605792  
96.59009661  
65.79176763  
204.5190705  
203.0218198  
46.43093111  
330.6570632  
90.07327447  
150.4038003  
218.4356036  
97.23966466  
417.1916906  
93.00449265  
735.0788939  
50.1924879  
89.8228193  
362.3713665  
62.17466523  
398.4061114  
279.9418079  
4.980186131  
63.34910789  
479.0101844  
90.95261094  
23.23409461  
289.0987517  
3.034802479  
11.10680632  
15.58443689  
83.5694562  
110.4024608  
41.31628196  
175.1803335  
411.6363922  
97.81239539  
17.50034168  
100.0794751  
296.2990564  
26.96573042  
124.1747505  
49.69261252  
122.19077  
55.38556453  
194.8917687  
31.96240444  
36.47585461  
34.48878045  
19.2886625  
145.7398972  
6.758922532  
50.3128658  
50.16887954  
60.87290781  
84.07496868  
35.67058289  
51.49710688  
18.20489714  
152.870818  
57.14602873  
41.10322323  
31.8715625  
90.63019265  
38.11743375  
12.078573  
37.23595272  
21.7337181  
108.3743209  
116.81328  
1.520615846  
0.683876071  
68.12910713  
74.248309  
83.75969234  
11.20356237  
42.35537643  
34.25377103  
33.69025448  
33.48159815  
80.57453323  
49.55505723  
107.5801539  
52.8302217  
31.45564081  
84.76905302  
78.95909981  
4.518893984  
21.16745123  
149.0568185  
15.5254904  
53.75928306  
46.62270179  
203.9287695  
129.7008414  
11.87284598  
16.81576935  
30.30969512  
11.02489423  
35.61221251  
53.46414781  
72.79109059  
55.82534475  
18.15500838  
115.6923112  
42.68088254  
745.0861343  
152.9651134  
58.03125184  
343.9720313  
29.33167975  
258.8897512  
54.6061632  
123.8326585  
342.7308641  
1213.095865  
214.892481  
880.4841398  
528.9428809  
438.1363386  
13.75003825  
1216.100149  
1357.474338  
1156.586026  
1614.187678  
4217.646261  
5676.268523  
14344.24657  
950.1055075  
9290.36511  
1981.416076  
4955.258509  
1797.236538  
1635.841452  
515.3213672  
584.9632987  
695.1226081  
660.971689  
993.9096761  
572.9388485  
1759.010779  
1014.875655  
46.78451373  
157.6077725  
230.500693  
14.72866844  
230.2511205  
36.717195  
129.2122186  
95.69370712  
70.99737208  
19.98905121  
4.408570166  
55.30690014  
345.3651134  
270.253793  
223.0342728  
729.9767996  
214.2617985  
7.770789955  
245.3526212  
260.862209  
300.58593  
420.1229526  
95.1007069  
156.1832869  
31.2099277  
97.44283507  
181.0870902  
97.50202278  
21.02993375  
116.2366609  
43.37156047  
106.7372258  
48.12616029  
146.7449542  
26.12674313  
66.07771142  
94.5777535  
254.5795246  
58.14620346  
90.88563969  
84.67199656  
33.36846622  
65.68644055  
50.31511819  
34.39315963  
7.645704717  
134.1097998  
20.07605937  
251.694824  
65.31452055  
30.24233699  
19.82458733  
29.65485733  
18.13772608  
33.66212775  
15.32276457  
8.150799823  
14.42342606  
4.522903983  
142.9270801  
0.9208003728  
16.16829883  
49.12737954  
13.61096396  
29.03353341  
44.76590049  
25.55859782  
7.914931574  
