390.9692328  
1958.29637  
391.6928718  
2318.843759  
3760.909181  
5867.663046  
9831.723483  
5894.766805  
12652.08268  
591.5719805  
1799.497204  
2465.773843  
5194.78418  
6543.721787  
2418.180444  
762.7344031  
2805.951546  
1461.396236  
331.1307327  
1235.948588  
271.6489273  
937.2719143  
416.4494745  
61.74721152  
238.8704889  
52.0085927  
383.0785707  
154.8440607  
109.860723  
1120.687287  
303.0874209  
14.84140312  
103.2867602  
210.3756323  
380.5850422  
352.8870539  
257.8364395  
100.6301698  
330.2498896  
246.7581678  
115.2007951  
125.020775  
71.8855832  
601.7247026  
234.6363481  
87.37770368  
279.6062159  
259.999231  
142.9726705  
229.9319463  
121.8198261  
36.84161716  
31.30167934  
33.64510814  
191.0620398  
145.6385117  
381.7453035  
583.5179073  
24.64791244  
74.2464904  
245.6549893  
397.9951084  
925.8224124  
38.80993978  
118.928066  
172.0289268  
26.80381942  
905.0519435  
208.3008057  
203.1119839  
705.7131472  
620.0534942  
651.4103192  
210.0068801  
109.2691754  
83.96580797  
45.17606806  
229.3823381  
98.88116936  
50.12365411  
78.77390688  
274.9935947  
9.643563256  
4.00150626  
47.18027995  
19.3002538  
8.71270071  
3.328645202  
60.62677673  
49.39866634  
80.4744339  
55.49990656  
77.74150754  
15.66676141  
5.967866892  
22.75184646  
1.513705582  
35.35819788  
21.35677317  
1.856863566  
2.306608946  
1.128358924  
4.947500489  
33.63452805  
5.625257678  
0.8683518221  
30.09535012  
19.18440542  
0.3393247382  
58.14724885  
62.5982553  
3.404865715  
0.9398197953  
14.51607405  
13.62862302  
11.50484946  
10.87235766  
41.31318745  
69.73123062  
25.04538849  
17.44368168  
48.99405257  
90.31981054  
41.54586115  
5.128422328  
70.49769414  
78.93725327  
78.92128896  
17.88909238  
63.89232264  
15.35018737  
143.2989949  
57.5224133  
27.37563516  
80.78062101  
14.35378884  
2.4295382  
41.17613716  
15.32833606  
22.02012669  
27.94123857  
29.50159687  
5.588895347  
1.682881737  
20.16938224  
20.64403408  
20.04875503  
12.00914301  
25.37877989  
12.102463  
49.65506356  
1.133061215  
2.202150604  
1.990616196  
45.75525898  
22.55518889  
5.679544421  
2.927732225  
46.13218796  
19.92206159  
10.5792037  
8.673933703  
25.54765271  
16.35480502  
16.22376671  
95.6415601  
19.12690152  
17.61689865  
33.62091494  
24.56055862  
56.80694698  
4.409813997  
33.51671631  
12.99606746  
68.15663273  
23.19443633  
13.61691904  
6.446422861  
7.070973435  
54.49022714  
8.164862031  
1.274698007  
8.365115209  
2.345595446  
8.801228387  
1.71779356  
42.90501052  
1.598968161  
0.4798747365  
10.04658983  
48.66393053  
2.385293927  
2.455389935  
2.963397134  
12.28158474  
1.424059085  
4.391845118  
2.903468204  
12.15147947  
7.180717457  
1.132722593  
18.99263564  
9.932015499  
6.261588573  
0.07412940587  
10.04602874  
40.28673666  
0.6369359638  
36.66014363  
1.328305807  
