723.209657  
798.9349434  
1501.244413  
759.7686194  
951.4672492  
682.6653861  
1195.095862  
229.1253843  
422.2243845  
357.2299001  
103.3817269  
309.4215729  
594.1638756  
21.69393683  
0.4456798883  
838.3654602  
209.9952798  
45.644173  
412.1384312  
248.1060352  
81.02987777  
26.2545696  
412.1181661  
523.3972624  
236.8629324  
130.924567  
82.46763869  
39.2937232  
686.78267  
65.28313661  
474.0600901  
189.7931313  
81.30121334  
179.5331309  
62.13152529  
101.1308468  
973.6966733  
32.16966121  
41.09419251  
258.5726538  
242.8094069  
114.8380819  
53.66184944  
124.2487941  
167.0535354  
553.2573822  
77.26046219  
104.4433031  
173.9137737  
36.1957243  
189.6515965  
32.9440149  
31.39708856  
39.0433225  
750.600596  
256.6616643  
56.49635345  
318.1354795  
111.0005607  
79.57825205  
85.60853286  
378.3164533  
1100.796169  
91.65509318  
23.69800101  
298.0537305  
216.5299904  
148.4073296  
587.7289214  
35.54543356  
552.6751931  
292.4609752  
139.8914235  
312.1483654  
238.7711164  
519.9559705  
93.08514565  
267.0358842  
209.0907798  
183.2555517  
131.6578722  
502.8251941  
64.47920627  
248.8792347  
260.0790325  
103.4006622  
305.2257699  
18.24816216  
148.9378897  
114.2712627  
174.6582489  
120.8880227  
90.19544403  
92.28714023  
252.9125677  
25.50444651  
208.9197735  
140.1156075  
26.85125023  
240.3723459  
15.90639846  
393.0192823  
118.5484428  
47.26415441  
5.048880028  
458.6193674  
213.9094506  
300.6414063  
86.73108309  
170.217082  
1098.861916  
463.59736  
7.076151509  
816.3443915  
717.8452604  
155.5223628  
55.76999316  
14.30589867  
485.6959909  
1011.315618  
320.0381306  
151.5274277  
108.9016607  
2172.571288  
114.2649099  
4695.418263  
304.5810057  
976.6179253  
14309.29519  
3971.179596  
321.5457492  
900.8361244  
1611.141338  
529.7663038  
994.8330866  
1568.122711  
266.5742957  
427.4861996  
1295.667148  
515.1331346  
165.0042323  
2568.313222  
259.7252111  
531.9106562  
893.9619771  
831.466099  
306.95696  
87.44372356  
213.1956992  
811.7827956  
146.877986  
180.8635324  
162.3286017  
161.7137627  
459.7758684  
13.97555119  
35.54593775  
524.3353124  
425.3917272  
145.4320958  
262.6226909  
49.72839962  
225.5568833  
341.6046108  
47.31836788  
439.1576221  
16.07425299  
201.8992424  
431.4101212  
921.5608044  
144.1305956  
202.5648082  
171.1204282  
123.551861  
642.4689683  
127.157427  
21.89546944  
4.32139932  
13.03646907  
33.62542157  
307.85984  
36.89816275  
207.2792224  
140.4636771  
65.58700963  
22.38567594  
213.7555445  
76.86470322  
35.57178948  
114.111099  
0.8723730591  
242.7332392  
76.62785771  
84.08978997  
40.69956171  
217.4136894  
573.3511897  
202.622458  
259.6766994  
557.8956424  
29.10728746  
88.68281817  
115.037663  
333.4886093  
373.1255775  
117.5591373  
140.9396349  
98.61660586  
37.2294944  
0.1502061072  
