1446.531224  
713.7952711  
1379.738387  
1227.254033  
7866.389318  
2916.43945  
807.1509147  
1943.257398  
11902.36751  
1306.473499  
1112.117866  
3048.29864  
2173.538523  
1370.279659  
1271.48312  
1834.629388  
1669.948407  
193.853116  
801.6688207  
115.2567206  
206.5057026  
478.3814858  
270.2732349  
143.2169362  
1457.963527  
1204.636363  
299.9764644  
97.17368683  
396.0512552  
24.69203761  
409.084782  
209.8005793  
204.5585585  
544.1237947  
179.4761217  
446.7560449  
325.6807496  
25.19610988  
449.9251539  
390.2502569  
2112.562346  
40.68913749  
115.8597937  
42.21326288  
204.6452259  
856.7757415  
90.06289275  
83.33536119  
246.8559184  
474.2524288  
279.0858642  
528.7356242  
66.41057585  
85.40229776  
577.2101177  
1440.366205  
443.6524063  
82.67756141  
60.39287157  
1096.42095  
267.1448178  
374.4968565  
1162.115253  
1916.038339  
2318.168623  
388.4252817  
128.067712  
489.7830418  
5153.225303  
655.4001145  
188.9803754  
679.7949433  
51.4248923  
118.4858411  
742.0191135  
405.0021944  
64.79071593  
11.30885217  
192.4143243  
76.09374177  
36.31636563  
202.9303529  
68.69268627  
79.12341726  
155.9731728  
121.494315  
48.60997795  
58.9874781  
187.495257  
21.79675123  
30.331705  
181.1326954  
73.80490967  
1.629052194  
28.29606115  
39.88322034  
31.42668344  
0.5180693717  
3.118092848  
13.12202013  
26.82698802  
42.92420907  
3.162592744  
7.913901212  
7.213612239  
39.72853669  
48.13296294  
95.66193522  
1.101351143  
44.83986314  
195.6765206  
13.00710794  
95.28979782  
152.5717688  
51.05067148  
12.12344221  
1.663035558  
86.51062988  
5.974577849  
86.55134172  
54.21963738  
90.09758168  
159.082617  
25.63528612  
42.99742635  
656.3993504  
271.999215  
185.2034183  
627.2556514  
77.93542147  
128.6871262  
647.387003  
34.79551264  
219.3076469  
207.8963198  
76.68157957  
7.758921135  
179.948439  
104.6183729  
38.69645946  
108.3090887  
267.3246883  
30.08048428  
62.99194835  
62.00306776  
97.63328306  
26.65776101  
14.91928259  
202.8162412  
21.3991059  
164.4670007  
93.72865377  
263.064466  
17.00579427  
71.95775564  
12.14811158  
15.48080062  
9.377476166  
75.44833028  
77.47779884  
12.36430618  
33.8950526  
81.68940898  
64.54542047  
124.8625111  
18.97578822  
24.04864964  
117.7380679  
135.3767755  
69.10046273  
225.0107098  
21.3739834  
16.58568631  
18.55116241  
331.2466443  
1.937887946  
21.3933443  
18.76660069  
247.6104968  
70.75009452  
123.0299707  
89.44271933  
130.0846641  
8.051935024  
0.94965023  
94.19671667  
16.19734282  
2.039874472  
11.20236844  
1.77224832  
7.889850606  
19.41443804  
19.67136928  
11.50572776  
19.54015064  
35.2575414  
11.60222989  
0.1964767277  
43.62526742  
65.32168331  
55.35834219  
16.36499867  
138.0690887  
4.606911426  
81.4472853  
42.15197413  
6.851420942  
68.12737827  
35.6241364  
132.2018005  
