736.9722564  
484.0703382  
198.8881859  
225.9320193  
193.6640472  
743.5536766  
944.3349236  
151.358196  
1108.745821  
771.5044515  
300.4535948  
483.6371152  
352.9504115  
53.1878209  
395.2822496  
1234.089331  
631.1809768  
558.8997287  
143.9522535  
247.1320642  
475.9573486  
71.26054327  
59.76851477  
254.3988033  
344.18537  
279.1593491  
109.2008338  
430.7381352  
155.1556568  
164.0306136  
190.3749567  
362.2340012  
64.26081471  
430.1532759  
567.5189027  
122.313304  
98.68756703  
148.8977736  
221.6872571  
417.7290063  
131.3911894  
3.187767289  
703.1075627  
208.7453175  
158.6781974  
546.1971298  
249.4194789  
258.6884306  
95.14150019  
155.2888424  
157.9188522  
123.9537844  
92.78352712  
269.3182956  
394.3576138  
155.9857606  
585.168427  
409.5497349  
712.1879719  
513.3283146  
1611.378596  
545.6791074  
1278.310217  
73.56933353  
77.65980448  
33.34942897  
1064.44438  
760.0754907  
123.1539161  
1635.057445  
614.8242087  
69.16036772  
95.65633386  
2051.870989  
381.4470832  
479.8898434  
598.2939161  
651.3529957  
1296.715439  
345.9055624  
762.916363  
2467.054622  
833.4900872  
331.1947277  
819.3480203  
527.6368392  
1932.358287  
50.92706927  
271.141856  
1310.517901  
1296.16338  
88.28418837  
509.1535698  
1142.815337  
249.6387851  
518.7541829  
739.1457054  
255.6032017  
921.9633146  
138.6126333  
1131.282185  
370.3238248  
10.49728765  
81.28352832  
37.54302588  
28.49293246  
213.028018  
31.05033642  
119.6601058  
1074.249241  
39.00520742  
315.158147  
33.19080751  
711.0852936  
655.643804  
651.7670802  
162.1427149  
347.1193133  
111.5116873  
112.8942726  
132.1326476  
7.928252863  
230.0917761  
11.91256  
398.7653386  
133.0387359  
445.4677833  
450.8883567  
1619.106444  
1518.324213  
748.6825673  
534.9703068  
356.2593807  
35.87752946  
334.0702898  
122.3898773  
55.32292192  
308.3531542  
333.9290457  
286.0558455  
498.6631078  
518.5040735  
460.6379201  
223.0248793  
74.71986153  
532.9516791  
227.2502134  
323.3171462  
349.9845399  
294.9275309  
249.2912576  
288.5408476  
383.5706594  
264.6208895  
387.2316507  
298.1117346  
246.3932383  
48.44621305  
220.8032404  
268.8514489  
102.3184798  
727.3516541  
843.8974783  
785.0207275  
208.0338687  
918.4064486  
1350.00518  
1734.960615  
308.9636375  
49.07476534  
2837.821532  
277.5071758  
167.6609643  
109.4170582  
991.0209298  
108.955696  
131.633068  
312.4847877  
38.23255129  
907.5412655  
741.4061323  
66.83171839  
8.885843632  
241.5151987  
222.9200211  
22.64654496  
418.8178958  
126.3576855  
5.929147648  
336.0917005  
217.5589127  
357.5345485  
228.002034  
32.58694631  
114.5742589  
26.92403605  
89.55718237  
5.65902437  
166.215652  
6.855193512  
0.2780664995  
7.822418822  
4.108324385  
62.68499708  
68.18041189  
900.6273859  
67.68559625  
11.76741685  
237.6223257  
30.58761511  
