82.72290503  
100.8258067  
284.8453192  
431.4247121  
217.6409464  
26.35090018  
64.90035384  
276.8299214  
442.363627  
162.0836406  
79.36802041  
4.404864073  
123.4888475  
293.7573801  
402.2663411  
110.9784189  
583.9492982  
351.4924702  
638.3125385  
24.96264062  
172.0417094  
376.7144441  
581.9345679  
402.4038599  
372.9564236  
307.5045558  
262.2986968  
700.9594557  
258.1227208  
766.9606171  
586.3023552  
163.1433674  
111.3571923  
2464.598789  
224.6169487  
705.4374551  
897.1476176  
323.5006061  
72.2462038  
136.6977319  
884.287303  
86.38646889  
29.77943689  
452.0490291  
1293.791651  
335.5606917  
3.181397459  
27.92713615  
69.43977567  
225.9090453  
392.5994846  
193.2777921  
1.753355036  
289.6214823  
671.9666535  
331.1667647  
56.61250284  
134.0683529  
254.4015795  
338.3238368  
208.3554279  
1787.83244  
3084.632553  
452.8192341  
786.7597853  
124.9579949  
5.88776807  
302.4188589  
1433.399498  
64.79460988  
334.2649493  
44.70870082  
773.1880202  
1612.545808  
2793.186493  
91.11388535  
205.651254  
214.0782525  
166.0430657  
24.07915927  
899.5651971  
674.1577897  
136.728889  
651.7977575  
595.3011861  
743.373348  
426.7018229  
100.5029213  
532.8300211  
157.0150202  
9.163996442  
243.8539943  
459.2817704  
427.2825327  
136.5639246  
1041.737558  
134.6543627  
410.0999827  
291.2617698  
99.41755342  
393.9935865  
99.39109378  
602.0972513  
261.1641898  
61.87867321  
843.6145505  
158.5186184  
412.4275763  
711.945199  
56.08635458  
13.32402532  
527.9840077  
30.38713843  
4.641620946  
499.8630075  
143.140542  
127.73752  
47.9429552  
136.0392168  
814.8350941  
186.8432773  
26.30254097  
287.3741029  
389.8396602  
107.4493314  
129.8048756  
86.31348435  
389.4484135  
114.735578  
386.9502033  
1054.966632  
142.7110083  
54.19104796  
943.8486947  
0.3788258218  
67.41688366  
848.4784545  
132.5087484  
60.80317599  
22.70966898  
269.3730986  
0.2463117084  
34.16520838  
1018.198386  
56.90321361  
245.0750593  
290.796798  
228.8148044  
19.2449662  
96.96495087  
256.693077  
748.7687134  
29.70247338  
678.6366655  
116.5678617  
536.9596291  
32.72707008  
95.23378744  
13.92807776  
305.021184  
256.8452208  
189.0739868  
1029.060682  
109.5737555  
2087.255791  
1103.775905  
88.97682908  
781.2115371  
1682.644926  
1001.025453  
4544.11158  
785.7464109  
289.0712361  
2514.610064  
2267.798213  
667.8859352  
703.8646733  
682.3316658  
299.6646981  
211.6702815  
344.5777536  
1433.307301  
52.46603499  
401.4478874  
42.14607442  
140.0466813  
88.91356939  
621.045707  
122.7035523  
47.03166933  
247.5682501  
130.2473935  
67.2555125  
9.600800836  
698.9994972  
162.4519466  
50.54287668  
19.22672414  
513.6097622  
135.5480791  
123.7382353  
56.74031798  
289.075683  
19.92170528  
41.20870146  
389.539482  
191.0887059  
96.00374387  
354.7068325  
9.810691894  
