7609.003058  
502.496773  
1661.146521  
12337.61765  
4444.432534  
9054.064912  
900.219881  
821.2937469  
5087.846027  
1106.031206  
864.0193423  
619.1226798  
1194.987503  
5660.810738  
261.6644876  
2656.548047  
511.4936118  
481.5100449  
118.9762692  
24.46463856  
55.50313411  
62.63059014  
1208.05249  
528.0712195  
308.9888901  
708.5368114  
2169.921755  
327.0555461  
141.2302834  
410.3909352  
183.4148706  
432.1042058  
109.3171151  
89.49331517  
624.5829308  
136.5778931  
17.45880953  
70.93685092  
797.7507169  
164.128555  
140.1745509  
455.5821601  
598.1945421  
264.6289444  
890.8482124  
822.6836911  
1.863810256  
550.8144855  
239.8842199  
391.9179827  
305.4650364  
835.3563702  
613.7896316  
313.7020727  
18.63571471  
26.13805672  
452.9189303  
497.8013646  
361.81228  
481.4425493  
140.5133489  
140.8568035  
1151.69355  
484.5883031  
217.4769794  
532.2925692  
133.3560053  
51.6133215  
376.3089656  
403.2712391  
24.36682573  
14.21571265  
98.93656012  
396.9293266  
89.43029503  
226.6242942  
113.5815645  
189.5156614  
86.63162483  
202.5239349  
253.3581486  
199.4569766  
46.05631763  
427.3796761  
18.46868421  
4.431219469  
16.91219691  
68.67628888  
115.9398879  
6.153076722  
75.38388638  
39.41727277  
42.1156246  
123.6451186  
70.25850166  
219.8742061  
4.627405991  
1.688006318  
29.27820548  
31.21281489  
12.00837791  
39.10015545  
69.89502923  
34.28591453  
207.9837137  
152.848466  
45.76729456  
19.81324653  
5.392627574  
2.274591962  
18.20253016  
42.71615454  
46.17658497  
281.9826465  
93.63973927  
41.66303775  
57.74821679  
3.492642529  
38.2260384  
82.46115831  
1.547646284  
75.82726827  
10.871512  
97.70706273  
92.09351121  
216.4361478  
81.79774772  
76.01429806  
20.47708772  
30.9494596  
76.00680661  
61.55563696  
304.3216927  
74.50653313  
72.47319308  
138.1950765  
46.52630669  
249.9927169  
91.30276711  
54.54412546  
19.12672281  
203.6686477  
325.2351675  
244.5979424  
66.87941878  
20.78687806  
2.206706905  
569.8542513  
6.029946855  
11.42298601  
0.6922766438  
47.53870494  
207.8987912  
190.8961289  
85.17891295  
22.40900438  
3.866372838  
247.7959812  
10.69708865  
19.19998567  
14.37991572  
66.98336071  
29.63041957  
210.6530483  
91.23530152  
18.99204445  
37.7235523  
36.56435165  
141.1556872  
316.588358  
99.23562408  
20.31425145  
24.89592267  
6.070816611  
19.29954129  
29.54812957  
4.782303525  
18.70948413  
28.17863929  
147.3020959  
18.16013967  
30.26314975  
145.7186898  
87.95177144  
76.65017875  
14.80646781  
8.479936988  
19.30364724  
23.4556492  
24.82954487  
28.88335348  
101.8061378  
99.28560858  
119.2412931  
35.27696831  
11.36299256  
82.4402496  
9.892467955  
187.1553832  
48.72254024  
17.2585506  
78.16283282  
0.2212958689  
15.92706758  
11.96449262  
20.75401149  
12.4956827  
6.734796672  
60.35368357  
317.5605795  
