146.5746285  
90.68391254  
77.70325313  
307.679792  
2723.984201  
2247.081263  
1097.578184  
2208.338005  
64.70330113  
5385.41802  
10093.47755  
12611.86666  
2138.53272  
4233.163186  
53.36104653  
1065.335182  
762.7398931  
3550.467094  
1966.930116  
618.4788598  
632.4481863  
3873.817288  
21.24822823  
997.8661495  
1796.919169  
2797.813336  
316.5884462  
304.6404434  
45.42330873  
117.9220227  
598.3496025  
178.6909307  
851.8462779  
55.84134775  
32.467796  
207.5873588  
558.0946569  
79.85110125  
265.349348  
171.6089461  
431.7952679  
897.431806  
974.8358017  
38.48179275  
20.96872097  
84.239847  
389.0318249  
219.7284661  
493.9002379  
123.169126  
826.7050352  
635.8538641  
312.0910878  
280.9131736  
34.06372489  
346.9479001  
635.1312831  
0.6927680007  
835.6890059  
216.6809775  
921.3227062  
361.8127054  
43.41532757  
272.7872525  
1038.717958  
2279.565241  
319.5101813  
88.94454779  
384.175477  
414.0095523  
482.7687708  
877.3249247  
329.8740736  
437.1359495  
518.5915469  
86.7487038  
32.31561397  
29.05139075  
64.51239342  
26.61245711  
12.8579933  
81.91311036  
150.0508513  
44.72495252  
150.4634038  
6.728604431  
35.57702604  
122.0958559  
58.31185368  
1.438251897  
17.42294228  
70.73565185  
8.427124063  
7.911031322  
44.77107373  
24.45057285  
3.995230194  
1.655587436  
14.5332355  
34.30809255  
54.11706067  
43.78412173  
4.956632262  
10.39053817  
11.80047929  
42.45584067  
4.511447761  
79.01509237  
3.787190198  
14.23770961  
5.144160251  
23.66200905  
15.98950344  
7.718708538  
15.05560038  
8.009866029  
33.84297476  
23.83005657  
89.45437583  
103.1114934  
8.562207164  
9.005208894  
19.46294404  
61.58970104  
42.69413025  
74.1551883  
25.62741379  
161.9707219  
110.5504974  
108.2759573  
113.2183827  
357.4723079  
14.39658463  
27.75996667  
62.38737616  
48.40998763  
10.97729247  
57.69350857  
54.33468072  
9.84078108  
71.68097614  
168.4610962  
43.55680061  
5.300348939  
128.4258009  
45.31318982  
8.595193064  
16.4961132  
41.10973055  
101.9437848  
3.859665864  
0.8838608519  
23.70032687  
85.92160225  
27.66476138  
42.60176091  
9.182140291  
65.45886749  
81.62349735  
107.9813982  
27.66615397  
6.41540732  
97.85467406  
70.86104475  
88.64361898  
53.66312702  
39.03234714  
96.3175593  
54.5057026  
80.67902536  
115.3852042  
3.19577485  
38.17949233  
6.061905103  
42.64137687  
20.71750276  
10.99333461  
6.293192298  
88.09712615  
14.79596651  
25.53709238  
10.34922422  
26.26706174  
57.88628111  
2.713888553  
51.22120022  
37.56001383  
2.921716581  
6.716157355  
33.92238918  
20.91397667  
19.58660399  
17.51518472  
49.10122067  
17.96292614  
21.01965789  
22.56614986  
6.287554272  
92.64621633  
36.67399797  
34.92930263  
49.60331452  
48.7823699  
47.13123111  
49.54605027  
1.284063067  
46.52000873  
0.7155893176  
58.41157777  
60.59217056  
