1088.303437  
25.97764459  
315.8929566  
979.7887032  
1269.139713  
469.5135349  
1022.482369  
6019.880249  
3616.811339  
740.7233117  
1549.284676  
669.3369798  
3604.531795  
571.3580157  
530.691091  
1589.798229  
2851.869903  
1324.398198  
3543.904143  
960.7620991  
328.4375142  
4522.204373  
3985.902878  
1528.710604  
63.02890048  
976.299736  
442.2713283  
61.30374433  
921.0561542  
1494.735626  
959.0418766  
120.6476844  
2463.245344  
10.15713718  
655.2346857  
2933.050427  
171.0673084  
94.35717165  
974.4162934  
203.5446688  
1267.793612  
634.9420936  
84.8597579  
527.7953206  
243.6500807  
700.416115  
451.1284252  
285.9719567  
407.3135759  
212.9529958  
51.01914821  
1012.202051  
318.5917075  
164.0814231  
298.9052998  
1396.471962  
106.4360378  
432.2126932  
495.9773227  
1975.723521  
573.3770777  
1083.820297  
324.5544229  
258.7227911  
1796.192569  
269.1491613  
601.9895084  
2210.184076  
704.5959303  
2185.790054  
826.2450818  
207.3482525  
193.4727731  
743.026251  
437.8283535  
219.1533767  
208.0844166  
277.6805251  
188.2815287  
47.49689192  
871.2341054  
10.15533308  
24.21780744  
312.5377917  
18.73586761  
67.31268146  
4.778148465  
198.2019682  
11.95028982  
166.2588748  
80.95402916  
1.668764927  
380.1741986  
5.439151534  
76.039038  
8.888269379  
73.46894529  
117.0029095  
32.94960021  
4.428431919  
21.27645557  
19.91896894  
38.01433315  
44.02323606  
0.8310022262  
46.60106538  
20.26210931  
86.83878007  
44.03383959  
38.91026215  
117.7794184  
36.36178639  
204.7605794  
32.81868395  
161.2270552  
34.34656478  
9.89512148  
58.63570234  
159.4596769  
155.4168197  
0.4895260785  
65.37826292  
241.5151978  
0.2719100926  
81.22846136  
3.142423887  
43.7342324  
374.7000457  
1.922640863  
96.15188636  
208.327937  
109.409881  
27.55020776  
146.6036035  
8.716809289  
80.28565593  
1.297790175  
10.35932361  
4.956023337  
15.5443687  
8.81106657  
91.03341143  
12.37678202  
13.39043852  
23.9753593  
88.79795568  
51.83127822  
20.80833395  
33.77592449  
110.5882666  
39.72601111  
166.5967725  
62.57537812  
16.47507644  
40.45555785  
1.934445231  
36.44974083  
164.1604087  
48.21796349  
76.7045378  
12.2379452  
4.99793231  
21.77223298  
53.31932375  
94.54402347  
44.83605366  
2.60390591  
27.35126788  
61.53802159  
48.44739004  
58.52676892  
1.807071932  
10.34273111  
19.32136987  
44.32902521  
5.55252792  
2.252077997  
1.778227625  
8.532954183  
53.83637421  
26.91766415  
33.8375605  
42.17538431  
17.78656653  
43.21739218  
17.16535563  
38.6394558  
63.77713745  
3.324084072  
23.75263185  
7.512526692  
8.594079986  
30.52018619  
81.62692692  
1.611365654  
4.176690076  
7.85673921  
28.3653794  
14.06465822  
18.3010587  
13.03447398  
82.68726878  
21.73940874  
37.7382568  
31.70767336  
54.47398632  
13.57059947  
94.79545696  
25.72941994  
33.3890849  
