918.7960173  
60.7159518  
212.8037663  
197.7932312  
77.69504572  
294.3909609  
199.2388131  
739.6548184  
25.01407022  
144.0848613  
50.53318603  
100.2220281  
1.610573941  
118.0330351  
379.7936  
76.98811921  
490.2381399  
29.82238613  
1421.032462  
530.5219169  
272.6731853  
882.4758479  
112.9151285  
922.2294816  
43.76281854  
769.6064927  
351.1432324  
532.5736118  
196.4557573  
1266.265694  
1521.65222  
1.37760425  
207.6668137  
96.28432844  
35.37439733  
185.7065266  
410.7250751  
690.0044574  
72.28857041  
503.5434652  
168.9169644  
421.1536055  
563.4204441  
290.9667914  
92.97349405  
231.2341297  
40.62495654  
174.0533628  
286.776825  
127.6513815  
210.6211675  
793.0748523  
464.5506934  
55.64780217  
549.5554066  
55.96640749  
248.9303355  
75.19776166  
212.213564  
207.3109562  
322.1644338  
885.6218729  
101.7432869  
1097.349196  
655.3943103  
513.5775643  
355.1280269  
86.55887796  
444.0209936  
27.66757201  
765.6051767  
54.75271414  
186.3394114  
364.2190006  
638.1280433  
31.69351873  
48.17176153  
938.9185063  
692.0972629  
36.58816363  
338.1225954  
41.20355655  
759.1670652  
252.4846676  
322.1191592  
800.626083  
999.5084878  
20.25686011  
341.7252497  
312.3119639  
573.2155837  
7.95229214  
655.8531534  
143.8789699  
307.7876417  
1136.50103  
1202.214658  
112.8609292  
3.529790497  
146.1296609  
625.5573581  
1260.654208  
99.27532719  
11.30512091  
205.2819916  
107.8449475  
37.08879645  
1218.418829  
128.7271006  
389.268474  
133.9288408  
63.65879703  
674.8074936  
25.23188631  
698.4827973  
1692.617779  
2521.080236  
335.6879376  
255.5736129  
0.7479743544  
721.3632406  
336.6131736  
271.0689237  
372.0753369  
414.9110401  
1206.357991  
357.7803471  
806.7488369  
164.2778674  
571.8327091  
1933.725626  
1597.807639  
551.9284737  
28.23252125  
146.2850026  
34.29306471  
7.45332769  
94.49741375  
114.28368  
33.45398177  
2.565941032  
44.55859228  
20.72869914  
249.2391243  
93.29222656  
22.70025516  
10.55780264  
763.5720617  
2.566178285  
225.6325736  
21.16477514  
110.1965706  
72.69152463  
100.5788981  
152.4407878  
421.7671391  
401.7175318  
159.603982  
203.9107727  
428.3122589  
342.1842008  
166.0270279  
502.736161  
257.5978462  
853.5544992  
200.9003091  
1938.927252  
2593.715389  
981.5503975  
534.2793632  
3068.920771  
277.9895158  
1050.348413  
2251.784355  
1933.263836  
550.7643298  
72.63034388  
1996.359735  
392.2049675  
3.878646545  
197.7509465  
121.7101968  
23.95815108  
167.6031189  
7.0968489  
20.71922025  
334.1943634  
594.6675731  
278.9986809  
66.21724433  
151.6841427  
48.49371145  
1649.15715  
163.96561  
20.86919233  
83.6019094  
191.7588678  
139.5010709  
294.8148643  
279.5605277  
356.3767692  
129.6120938  
308.8591047  
31.68780628  
720.1942905  
33.81406633  
540.5880905  
128.2760899  
11.78384925  
54.20400657  
