236.6173116  
134.3849422  
582.7160804  
657.9705792  
1123.442747  
4592.898916  
2315.1792  
6558.594401  
1730.801763  
104.6109471  
1554.355726  
8315.73876  
3600.132031  
2522.883446  
704.9890839  
1297.525575  
1217.305919  
1107.097886  
428.1274293  
1142.185778  
498.5150771  
1635.04422  
1936.69538  
1344.262401  
111.8644354  
1183.150863  
1050.04268  
1021.668672  
774.5938832  
29.82317407  
173.1164095  
685.3452555  
584.5709915  
296.2599709  
93.76057233  
24.07833705  
85.03340908  
88.79110293  
471.7538535  
203.6211466  
82.49223616  
314.5015206  
701.6074571  
249.5807654  
746.8873525  
388.2233223  
95.99559263  
103.1705878  
969.6377329  
111.7030878  
495.3217044  
148.3664878  
18.56117668  
2584.635815  
254.9243127  
1618.899573  
172.9526159  
84.4453258  
1549.423304  
3677.886815  
1801.245857  
266.3791994  
1077.579516  
948.8338525  
3484.976757  
2270.166661  
303.3221232  
351.3262658  
975.3913731  
136.2757525  
358.9167461  
335.2596511  
374.4430488  
121.5080044  
954.3482674  
52.34346238  
84.95910836  
43.20164377  
123.5992602  
14.35612883  
142.9979747  
33.22273654  
38.5071434  
147.1959005  
56.21616922  
9.784672876  
79.53165931  
135.6127515  
151.8547921  
37.71002957  
1.726344229  
11.92541169  
3.325771431  
75.46685756  
21.35388591  
40.54759618  
12.64401735  
8.782512096  
6.696334571  
44.49199679  
88.12866795  
74.55062549  
2.083974458  
10.23897943  
22.34417893  
10.61045882  
159.3644905  
44.82072608  
20.10789109  
59.98270195  
24.32837508  
43.73364841  
27.46269804  
85.75066098  
52.40759308  
24.79647762  
27.38747421  
83.62775313  
75.69564286  
23.56974498  
67.77682659  
110.8542318  
63.15901435  
39.01652457  
29.55102192  
66.59417163  
242.0283476  
273.6252701  
13.30433022  
158.2520932  
50.48343432  
6.008338228  
104.9644855  
28.9585466  
8.710291779  
134.0834748  
49.79936085  
142.0360864  
56.88025764  
7.5577457  
272.4415748  
60.70631574  
30.49263587  
48.20620946  
55.23652744  
25.11716291  
36.0792665  
17.54484686  
130.3254703  
280.6143612  
51.85487543  
8.596715979  
47.58018621  
53.18015615  
13.6438482  
62.30298995  
97.23465111  
14.94220198  
29.62827834  
69.87013613  
60.7580345  
122.1826445  
40.39293801  
4.524581617  
123.2118857  
11.28984068  
16.93109997  
82.75419339  
55.24475746  
98.49488857  
225.1902842  
52.07890805  
3.991412095  
68.41783812  
227.8657696  
13.3562958  
10.43955322  
6.903307824  
22.33999554  
20.98631935  
70.93372363  
52.9069458  
3.973392235  
15.10535021  
2.595765095  
1.626825466  
6.334309166  
25.29069842  
19.64321332  
22.42945931  
92.48538606  
48.19432737  
34.84877323  
1.116458289  
21.83045118  
23.79328941  
23.66186811  
30.58126917  
5.967118343  
104.195894  
23.39383431  
78.25604146  
106.4604396  
4.010554834  
26.72736034  
2.026150313  
8.966505909  
19.3970399  
65.66268615  
66.4018338  
