1422.163206  
3954.947163  
1702.157026  
79.43818553  
0.9751111821  
468.613252  
122.9318687  
31.12634029  
144.0477282  
177.7851133  
80.87233606  
268.3239676  
79.0262982  
365.8371661  
101.1212022  
401.5061043  
12.58632493  
33.48382179  
194.4850403  
63.46366509  
234.7592569  
435.0764006  
14.81734902  
129.3817827  
232.956469  
34.51481228  
85.10753839  
172.3647716  
48.09563543  
137.9837108  
19.73728549  
47.62073549  
24.18039749  
15.21610348  
41.75199093  
247.1353795  
99.00665501  
83.49561134  
87.130155  
56.71400328  
21.48249572  
88.06490811  
6.613207992  
77.89955256  
127.5524055  
218.1849032  
31.99217873  
26.00321065  
46.57988496  
93.99091692  
65.23903705  
12.53747537  
2.518249965  
54.4070847  
214.2061449  
19.03553382  
57.62710453  
74.09614491  
24.0371531  
10.43317492  
252.074049  
16.34194792  
101.138022  
165.6220082  
11.34228802  
140.6796111  
41.43417869  
37.35082254  
54.03307783  
34.81961472  
44.15750879  
9.670603586  
7.902534222  
44.05426667  
43.6906304  
128.0600107  
30.30465729  
14.0402169  
28.11273702  
42.06294606  
147.0857355  
82.63546519  
142.4126537  
163.6426806  
143.5655326  
52.64003575  
148.4334113  
55.36059124  
99.75238266  
231.0476528  
39.4951514  
39.90321041  
48.46209411  
95.41011866  
48.25616119  
39.31236402  
6.170088459  
10.08179414  
5.120250661  
53.23670177  
166.8344291  
156.8752589  
44.86947657  
180.4737176  
42.29659103  
325.6608997  
378.6502075  
16.00025275  
144.1947584  
172.7717979  
82.14370551  
178.3145357  
33.98867783  
35.04031517  
513.0421823  
541.9836616  
371.7284418  
1082.037791  
456.3167657  
612.3551001  
36.67139166  
1360.22591  
1221.830014  
1467.427986  
1264.664964  
4048.539574  
6039.500155  
15411.63997  
948.4535929  
9218.692234  
2205.359094  
4385.171493  
2653.512124  
1141.789432  
136.1421749  
665.3000319  
850.3382785  
448.1223551  
1177.990658  
555.0808352  
1953.676197  
1163.402286  
28.75237945  
26.86489871  
161.1333471  
144.6791351  
249.7313817  
22.22134059  
18.63023871  
40.10691513  
144.7468778  
210.365587  
6.82069325  
3.19721817  
472.5574146  
202.1210804  
343.1108746  
765.9936462  
135.0971045  
5.779188524  
90.05364685  
212.2365803  
239.2536649  
316.9370665  
199.9556128  
236.5041564  
80.62800133  
125.3377837  
338.0648883  
307.0898583  
1.441570758  
213.2713726  
137.1365024  
115.3168338  
64.40136471  
63.55034549  
13.14828086  
36.33185908  
89.09337778  
215.4980638  
146.1376125  
12.65131829  
36.88754037  
58.31950638  
101.5580082  
41.98799075  
30.69784234  
25.73381018  
80.91684751  
35.79294821  
138.4108185  
23.67882854  
24.86787094  
92.50011899  
67.28369388  
79.89096532  
12.09466197  
63.44900637  
43.9517402  
228.7155267  
25.27464863  
47.49343503  
8.968444879  
34.47172956  
140.5797868  
54.33887088  
50.02180054  
27.53111269  
94.4805612  
143.3798876  
