313.1904257  
562.7456316  
615.141671  
455.0630301  
640.3421109  
286.7091939  
228.4832737  
249.3596031  
530.3739594  
318.7864115  
159.2778079  
380.3516692  
20.62888004  
38.47066852  
258.7528752  
662.0601386  
166.2019899  
631.1366576  
178.8014677  
840.0950706  
1813.454863  
297.7709319  
638.205566  
602.8607973  
55.25759717  
49.17644265  
1208.569203  
179.545317  
25.83608525  
50.72147492  
1315.228233  
492.1550472  
195.9117062  
349.9841417  
562.5244484  
537.0198513  
291.2787552  
627.7320225  
262.9882583  
248.4524297  
246.4235413  
1.743394846  
552.9502277  
522.0713843  
155.7764722  
392.7553708  
83.28684649  
361.7370246  
1056.136803  
913.4556499  
137.5602095  
621.6280619  
66.87960556  
345.4374575  
986.83413  
739.4120728  
120.5493099  
637.2970561  
80.03045835  
27.24488958  
905.4507807  
289.3998641  
108.1583658  
181.4603631  
326.8796935  
68.97320841  
205.7739739  
1016.357042  
1898.289427  
460.3433652  
896.2025539  
92.45075834  
670.7939942  
685.9031067  
970.0175441  
22.43433279  
353.4698264  
214.3969948  
169.5924917  
94.54506532  
190.0821454  
60.80278423  
415.3120885  
842.3591069  
323.4803555  
471.385838  
73.77549528  
720.7461522  
505.6988018  
74.58083502  
250.1395862  
350.430609  
135.384809  
413.5419877  
430.2623503  
196.1344735  
111.9037396  
194.6078588  
79.79403508  
147.7731857  
344.4268358  
246.0782587  
67.71254693  
74.94731016  
752.3015572  
139.6985953  
2079.895987  
474.8140798  
249.2097104  
468.6021818  
271.7209975  
408.4649282  
182.1354644  
173.9868082  
627.2834722  
118.6479696  
84.25410628  
555.0423102  
689.4500188  
112.8880784  
360.6614522  
581.6942798  
713.322265  
221.1231018  
926.6112931  
1085.061198  
1161.257696  
3049.448527  
2905.833988  
3174.908851  
937.9910518  
1014.758354  
140.0591702  
1031.156735  
169.5096801  
198.4308493  
807.4751466  
429.8617038  
953.7901069  
294.460062  
486.9020293  
946.999255  
323.2369774  
17.89616517  
206.9349485  
205.6592494  
247.2065511  
52.09059397  
429.0181407  
47.22756864  
13.70795708  
101.6452441  
451.8778854  
86.20934888  
171.9610158  
63.08905514  
40.92607194  
24.96589541  
387.1804843  
107.9151684  
343.169447  
357.6219006  
304.9085824  
823.2875062  
201.7621826  
232.4824191  
74.49169613  
487.5889622  
180.1070629  
1461.128007  
755.6006728  
104.9793993  
149.0629958  
397.1889873  
23.97044228  
214.7690134  
342.7585406  
506.8769412  
110.3805736  
1097.227031  
278.1181042  
8.570126086  
265.0735448  
273.8963179  
61.51897625  
115.3718868  
265.2939122  
113.4013721  
387.7695885  
279.8845477  
25.13054279  
195.8840974  
80.28386211  
231.3134056  
78.3591603  
22.0953799  
57.57335693  
219.0359578  
567.3210856  
204.178932  
623.018831  
15.42307189  
67.48404875  
624.0646342  
183.5144929  
81.48718891  
285.5445284  
398.7486952  
49.1422884  
123.1294018  
