688.622405  
105.4173689  
881.8082762  
779.3323094  
217.272639  
305.718985  
874.1766598  
15.51672986  
1203.367494  
325.0207622  
50.36787007  
246.9857653  
101.8491244  
101.4300482  
517.1340833  
146.8030094  
344.5424859  
53.90131344  
155.7786517  
259.4607667  
202.84938  
7.744082067  
271.5208144  
451.6864391  
426.5717348  
170.458334  
613.926763  
176.2353652  
401.3470219  
227.1445495  
44.90616895  
190.9115543  
69.79509868  
262.1255342  
305.0653017  
724.0665521  
205.4744222  
220.877124  
663.1596558  
407.0721247  
108.6098883  
310.543291  
407.6186533  
84.50220654  
201.7585776  
297.7685158  
380.6475045  
91.25357867  
374.2682486  
26.66684783  
144.6995556  
196.0296261  
362.8945921  
218.7733128  
133.013733  
363.7156403  
281.8030303  
1117.902559  
497.9174999  
620.7206414  
92.69226778  
67.77138489  
450.5240265  
285.657632  
145.3643906  
813.7409846  
230.2503528  
75.83417633  
116.3296366  
64.53504968  
1012.58019  
146.1245688  
181.646849  
837.5510978  
819.1065251  
85.47580338  
568.2030183  
456.6710337  
332.8723656  
601.8621368  
398.3834565  
783.2083566  
1182.413394  
209.4627741  
1371.034594  
444.3546897  
1308.485898  
440.1604845  
204.7498173  
1078.633305  
570.9337269  
208.8638035  
141.5605815  
859.9664309  
220.4699049  
1493.998695  
237.254398  
337.9155053  
25.14182913  
41.3121952  
332.6026261  
189.348918  
52.44946567  
197.8575001  
61.81698661  
1226.479122  
510.3698437  
106.3419526  
106.4645468  
216.704432  
69.47703824  
132.487891  
32.44277899  
625.3979421  
115.8960152  
94.89017052  
305.4124012  
67.58710366  
461.1842523  
414.5059091  
123.4224338  
22.02916638  
499.2526582  
250.6322206  
1466.031898  
454.0265359  
228.8578309  
919.1268096  
391.5522957  
139.032304  
192.1811129  
524.3053104  
70.87155482  
1050.891373  
276.0004295  
207.0384162  
247.073203  
87.57774543  
382.044341  
31.47877823  
678.2383571  
256.4114428  
1585.68053  
925.3550176  
270.5471839  
1157.355937  
615.6116296  
366.9248077  
488.9029257  
1196.808536  
262.8363972  
1275.70269  
2024.441044  
693.1177171  
1295.383658  
248.0137914  
803.7134198  
309.9349576  
307.4656683  
275.5296377  
343.2754081  
253.9691773  
406.0893947  
662.5160706  
673.9976172  
1800.56721  
489.6945234  
366.2017015  
2767.186614  
1068.985354  
1003.186958  
110.6915638  
139.3517778  
301.7078903  
303.1209499  
174.6528479  
313.282081  
1334.097922  
278.4576846  
764.8335805  
48.0573644  
261.2127381  
1171.239075  
27.2231814  
119.9260077  
104.3800119  
337.4141398  
224.6400094  
143.3444477  
576.7562162  
143.2738561  
580.7466252  
249.972824  
369.1076949  
13.82919255  
209.9799508  
105.9097725  
268.9101426  
14.11051812  
618.9388651  
192.538317  
29.9952314  
24.54616449  
455.5242537  
386.2430709  
97.27393942  
488.7798808  
266.94134  
399.518457  
2.064244698  
