261.8778155  
687.9193994  
1161.068168  
397.7182716  
2500.351236  
1002.72948  
539.1551882  
2869.864225  
626.5527529  
432.8935298  
1490.867814  
4095.150807  
4061.987127  
4636.035262  
187.6643136  
296.2418968  
3592.062297  
1822.53756  
40.64921355  
145.0707536  
2278.049485  
887.7976133  
1452.241073  
2428.438799  
611.3323773  
3375.572416  
846.5319433  
1110.048704  
749.8551399  
354.4154723  
209.0975122  
396.823211  
1525.095859  
53.31681183  
602.3510243  
1640.490208  
1882.454268  
124.715671  
1507.467286  
1182.107123  
324.0023683  
1334.483249  
225.6075993  
131.5880574  
196.6686546  
664.3908047  
2041.474041  
200.5000609  
52.04635004  
148.3376764  
317.9972929  
914.9774024  
1097.817018  
997.7497838  
159.838535  
825.6289125  
44.04387573  
2093.800951  
361.1944549  
481.4452759  
336.1409829  
589.9462415  
1573.024682  
345.0767963  
678.6757809  
138.4999339  
295.3792077  
744.5586543  
1064.849958  
306.040281  
243.7744265  
29.9917018  
662.3813561  
219.4427733  
286.6896898  
185.0301069  
39.07239847  
1220.25631  
488.106198  
331.9027141  
336.0940008  
8.388156384  
516.7836382  
318.1670348  
51.35488005  
180.2078548  
34.57323942  
24.48354297  
213.6201197  
391.5268783  
100.3008292  
32.87291321  
73.3120333  
134.3006744  
25.41548876  
134.8573281  
15.24646503  
33.37319918  
204.2517653  
50.82975659  
242.0616487  
181.1145605  
82.26923041  
4.311820839  
15.66729133  
46.95752226  
14.94110662  
111.1815867  
35.48529132  
115.9272154  
0.05945493552  
72.26180499  
35.42665103  
130.4510489  
79.30705027  
287.7235239  
7.248066608  
72.66398558  
45.3904972  
65.23371638  
138.6206757  
93.53883331  
23.05779715  
83.94235769  
125.332705  
172.6758938  
264.7461933  
455.9802224  
15.84191233  
222.0856841  
135.2742885  
218.4851011  
42.66608423  
18.95759297  
40.8230777  
76.5913711  
16.85084091  
12.03893592  
29.63601467  
136.8200966  
13.47540841  
44.70572711  
2.562039362  
40.4325377  
5.908939441  
105.1793958  
117.5171541  
119.2002935  
38.78907793  
36.5798209  
72.98922838  
4.266310439  
51.65461975  
311.8278883  
17.10488497  
15.91826433  
21.46001284  
180.7486852  
90.82698706  
42.576688  
11.26447389  
22.14737457  
70.83650665  
33.9182296  
80.58000538  
134.2124051  
14.66662221  
33.16059514  
267.3152236  
196.776712  
109.0285051  
45.85821181  
1.224231984  
54.63034297  
47.93512568  
45.43110316  
42.49473984  
51.82229041  
357.2570914  
79.65894079  
108.6052601  
62.31071273  
12.73850663  
78.31848676  
42.47842516  
54.0902864  
28.4199583  
9.315524958  
61.11282798  
56.5106628  
5.205850553  
92.92680396  
25.33135624  
24.90121399  
32.72415017  
54.12272797  
168.4779653  
71.91873747  
82.14872668  
59.3943495  
7.101117512  
28.81020302  
0.3265163203  
116.4598505  
14.28124195  
6.198329078  
45.16127571  
101.1341826  
100.2745731  
193.2345347  
