3569.460306  
4001.021178  
2189.637075  
1943.840716  
2066.222611  
864.8415642  
6102.189742  
92.41880976  
6269.259028  
7600.185979  
600.6873555  
5144.177204  
2488.09617  
4875.63808  
1810.349855  
1339.642969  
4571.348597  
1251.846168  
66.32730605  
95.57527952  
3849.479307  
826.9924845  
774.4546308  
445.3190927  
1416.539274  
1086.041089  
290.517713  
123.2209317  
631.4057653  
438.5588517  
192.9112714  
1179.459911  
1.930680065  
104.1978228  
532.2019967  
34.82901273  
307.5863553  
472.3346332  
662.3471721  
466.268838  
78.29737669  
138.4645266  
6.96176395  
159.6811389  
16.01463401  
2.387441405  
288.5584837  
12.54439047  
38.15969133  
360.3866869  
239.1921066  
93.60998289  
228.3385952  
245.3642795  
140.7457405  
55.44128423  
48.95955679  
15.92974957  
73.84187248  
255.1662949  
418.3995034  
2.011696545  
237.24064  
149.2650205  
132.5113616  
40.83107314  
98.09548751  
42.75682364  
15.22384818  
75.58038269  
106.9176557  
104.2902251  
23.27212873  
97.13585119  
103.5427828  
3.236072039  
172.5431957  
203.040131  
7.771980312  
94.95893081  
49.02895942  
85.33559894  
159.413567  
13.95520994  
114.4307819  
17.78153127  
231.0531241  
62.80959019  
22.94990807  
11.15896022  
47.80575457  
31.33575016  
30.31300697  
136.146682  
9.725771394  
38.85340104  
30.92826352  
14.017418  
10.70140426  
24.13819506  
49.95745207  
21.89615975  
0.9219627189  
63.04991585  
97.72865308  
136.7707083  
115.6422497  
29.38045365  
15.26129383  
1.136973916  
12.9520582  
81.59806588  
85.11828596  
49.76558384  
95.57578652  
141.7437084  
14.86080481  
66.58387938  
126.6120816  
68.041856  
133.0938674  
95.31739344  
139.9281339  
151.7091461  
620.5663411  
602.7676039  
470.3095834  
1369.038835  
145.5171725  
746.3087667  
418.6808119  
232.9724582  
881.6804213  
61.42550814  
75.20742449  
141.5750939  
135.9897953  
153.3385892  
151.7065575  
22.92816528  
123.1806893  
82.44751869  
8.149175146  
2.029089067  
77.66261403  
22.92635243  
80.01369853  
131.6540182  
85.37462746  
13.00792052  
24.9767598  
7.519308766  
26.76244125  
103.6745932  
17.44953905  
55.47931975  
124.594574  
283.7171782  
5.455481588  
59.28249839  
42.61816966  
2.224275035  
6.838754167  
73.79268598  
10.9179181  
2.19777939  
21.4848483  
67.22761175  
77.44965192  
40.39767396  
235.0794741  
79.97847023  
14.42820832  
0.1550873101  
11.81807698  
33.83953743  
39.5764428  
155.1370846  
128.0692696  
31.01329516  
35.52207613  
7.637257485  
45.46383805  
12.22574677  
33.39056467  
32.2993288  
57.02846449  
22.97275461  
27.93637809  
23.23705835  
68.32714666  
77.76918987  
120.2160601  
1.312553059  
2.380634337  
8.53524209  
37.6294661  
11.21067972  
7.363793179  
7.155861907  
50.02371684  
9.039236028  
12.77650857  
0.1107131218  
86.31421373  
33.63206334  
98.14736437  
14.18902114  
50.20006262  
27.55119994  
