807.4054137  
936.6996324  
2081.189258  
1862.445431  
1536.711616  
564.9502218  
2158.076102  
4186.387845  
1510.697944  
686.7906059  
2715.669391  
327.1897129  
73.02289858  
4972.861371  
988.7222988  
360.1263599  
708.7820203  
1672.313764  
900.5070797  
476.4294338  
2885.809655  
148.6246522  
5193.101286  
1151.217827  
209.1630246  
674.914902  
268.8917561  
325.6857523  
328.2832187  
588.5500176  
98.68464192  
120.2612701  
1.698380084  
241.9142075  
541.7634334  
139.8074155  
1410.019661  
143.4106655  
98.75177639  
988.5232822  
189.7405042  
242.1369603  
878.7174459  
1228.741376  
314.3389681  
30.65705119  
207.6283782  
128.7603285  
499.6345151  
970.6294251  
134.4859064  
2136.69191  
1286.166966  
543.8907392  
123.8227782  
28.33809261  
890.2227519  
611.2675957  
249.6742691  
1580.074338  
1160.366324  
1020.334787  
2165.487617  
2276.745957  
352.9688789  
2316.812473  
2981.464855  
3739.162867  
1533.676205  
3737.819624  
552.749694  
410.5660727  
568.6158765  
23.3744604  
833.4412198  
507.8380932  
56.29014554  
135.9229184  
74.73728373  
48.38964478  
34.33738224  
67.86217496  
14.2608749  
213.4178809  
39.4990898  
75.04872184  
3.656581258  
56.64847923  
79.13885004  
38.08381654  
71.3196243  
58.51278923  
73.16241462  
24.35815845  
27.78221487  
105.565525  
81.37062162  
9.728332983  
24.24341369  
32.21991295  
19.80138155  
1.846386034  
12.010308  
4.74002359  
20.20937225  
23.38487472  
92.87401841  
16.96870663  
53.85533633  
4.176408079  
1.277196718  
74.92628351  
3.498442911  
64.12559269  
89.20268893  
47.13710364  
21.50370415  
16.95054346  
66.45230592  
106.010602  
53.01828667  
60.78380982  
11.7259152  
17.79945239  
50.56952704  
244.0903535  
320.6098706  
264.0295671  
158.5366443  
312.5273804  
9.835587196  
186.7071505  
18.3546332  
92.97529301  
35.35647867  
26.74013899  
4.318391499  
1.139349591  
9.857485699  
15.44218412  
8.041758121  
21.94097621  
51.87943406  
64.20636678  
16.20556513  
64.48449775  
36.58686562  
19.65514854  
47.29189336  
7.052293593  
12.90861849  
2.983556733  
13.00042517  
42.48540805  
30.88197482  
24.69194339  
0.2177520382  
6.806307763  
13.67686626  
10.64419404  
67.65605682  
24.3137291  
2.452181032  
3.868611425  
40.76771936  
102.742093  
44.93077412  
18.74135094  
224.7987586  
26.74344436  
171.4044026  
10.26046037  
38.37595316  
133.0209496  
42.83024249  
13.52413588  
6.400486615  
37.76404525  
13.15630548  
98.41688211  
24.76908781  
16.77811422  
12.06958683  
24.00285706  
17.28818035  
9.49045437  
2.170395601  
1.670383359  
0.9454623009  
61.47573297  
65.29821109  
32.87753653  
18.03484791  
7.010432959  
21.96823981  
16.60945124  
57.43221812  
34.58694994  
13.55332479  
18.9221126  
12.13561838  
38.5028371  
5.599255488  
124.1932973  
26.52304058  
4.915959626  
38.20960518  
26.49275387  
12.86963644  
3.535648619  
