287.5092537  
753.9344274  
180.5076209  
264.4135781  
479.1591774  
2710.78605  
1585.337836  
5949.575834  
13543.06262  
771.4663059  
6656.78832  
421.4864804  
361.5223162  
1137.998961  
7227.74001  
2158.190261  
123.966968  
1448.096215  
459.2899052  
658.2227096  
923.7149953  
239.0753717  
876.0106749  
1411.956874  
828.5525018  
508.716007  
353.5658702  
13.42503806  
164.9562001  
8.87577018  
141.0907151  
76.48074995  
585.182289  
694.7104907  
113.4788155  
585.7681646  
236.4318399  
617.0304251  
1566.190047  
274.2089095  
311.5582734  
22.46726442  
1329.538251  
237.3171098  
201.8478496  
124.5616628  
458.766744  
124.317648  
475.7702306  
92.57031793  
465.2805136  
989.3783606  
1385.648695  
541.6114287  
1050.929361  
145.1849942  
1200.701789  
708.9847257  
536.9209549  
738.0300336  
2940.739322  
1807.322919  
1668.935336  
408.8883792  
1034.325675  
1370.791738  
97.4385814  
426.0928636  
895.5374891  
449.102473  
501.8786865  
402.6789688  
41.55348649  
234.6681619  
310.7498528  
31.86039561  
37.10212617  
24.11938989  
99.33954635  
156.7563757  
171.1801777  
30.76508371  
297.3774175  
10.4412075  
35.13246402  
178.156025  
82.4619139  
24.95534381  
16.05183352  
13.80994284  
55.36877907  
65.63103937  
110.7220418  
32.48355809  
51.81539597  
62.05232563  
67.65081735  
1.600138529  
4.701095669  
10.92563529  
7.884151941  
55.8754485  
24.19598551  
14.0505712  
4.39356757  
26.64140753  
76.52106077  
22.49762369  
7.587317359  
49.95285312  
30.38763147  
23.98369741  
4.358499961  
13.37573652  
10.6917622  
81.14910347  
68.47755155  
116.3681563  
224.7958909  
72.64060684  
22.16117478  
132.2910378  
25.08530754  
16.20816063  
11.68837283  
43.69685947  
9.359154914  
198.9890331  
76.72053246  
84.18561181  
16.30194363  
69.36882075  
65.58611638  
163.0397757  
108.2269012  
24.20239579  
7.192900225  
129.6163324  
29.10024745  
15.83011125  
73.47078647  
145.4339411  
21.42049794  
11.15212493  
22.78344419  
166.664021  
2.269513486  
4.080461481  
146.2391884  
32.78787107  
2.318825351  
32.38771654  
28.71164968  
2.966629695  
14.713932  
28.07281612  
30.66895074  
52.11546633  
86.86325599  
57.05846742  
80.45166588  
293.8917265  
4.032869227  
44.47940654  
88.86093185  
29.86139566  
6.915592742  
45.61050129  
109.6725158  
2.319320653  
18.32105427  
76.80638393  
86.06676751  
6.492437018  
21.4502416  
51.90689647  
4.818092295  
23.8441157  
3.01142327  
100.8198964  
1.420610621  
6.922624621  
12.26640631  
35.5811865  
20.07248611  
9.095751331  
43.14236713  
30.48593174  
6.079346634  
31.26593848  
0.1480063926  
15.86160819  
41.90205323  
23.81947754  
3.352656041  
15.74751491  
154.4559228  
21.98041007  
99.56908453  
9.578605925  
3.210191196  
62.88706559  
46.88195379  
7.637244566  
126.4315755  
24.7465515  
25.90856654  
6.213169684  
22.25365744  
63.12602764  
