375.1787458  
565.452349  
2101.535542  
403.7188765  
238.9851924  
772.9090132  
77.839184  
2144.917923  
303.5743945  
58.03061089  
323.6030542  
278.6668499  
43.36894066  
25.7849809  
199.387395  
394.8821265  
171.7866425  
400.6185324  
971.0224007  
1546.420469  
73.60687467  
195.8542032  
100.9774346  
18.10332531  
146.9444685  
31.86546911  
10.8430007  
28.81520661  
323.8325059  
183.1083673  
689.3319352  
403.0972188  
165.6126125  
257.4979721  
402.9537259  
102.4538679  
360.6527043  
15.45739316  
294.2998431  
546.9172145  
398.2272129  
48.92325312  
182.0815781  
15.00305826  
127.0854403  
258.3527076  
926.9824989  
557.0102041  
180.5511738  
116.3941406  
264.919672  
247.7588178  
951.6902178  
81.6928079  
425.4378298  
130.4293852  
354.0636023  
156.6840821  
813.6495832  
596.1555732  
201.4475631  
145.2926401  
12.77722056  
553.7981148  
156.6823643  
712.9248193  
30.76867482  
725.0821912  
244.1864534  
507.9820912  
515.2022997  
65.16536284  
757.3670003  
110.9291862  
472.6407628  
127.0816722  
769.4269068  
600.288472  
128.8362407  
134.7766701  
104.8012152  
231.4891848  
225.632084  
1606.587515  
934.1249159  
574.048609  
57.21978916  
91.85047586  
1854.038543  
48.38810977  
923.3493933  
45.17751514  
528.1212381  
377.9205039  
27.91956134  
681.7225179  
162.784806  
304.0082038  
102.2818697  
70.51531876  
674.7592818  
594.2223295  
237.6919653  
101.3615064  
164.7157779  
549.1869168  
15.81999355  
416.106003  
533.8623358  
112.6671741  
201.0803635  
190.0676372  
214.9257703  
60.47914978  
226.1704001  
106.2992614  
1359.769073  
184.8951716  
450.9903475  
354.4666047  
23.48020151  
434.4289099  
198.9927515  
107.9917984  
319.6002774  
61.08247909  
415.1478703  
1268.794294  
488.1932383  
1156.871803  
314.081236  
91.79817255  
297.112438  
71.52192739  
591.4931086  
163.1791749  
314.6303499  
96.33499611  
693.203057  
451.9785745  
264.9965451  
744.6590463  
217.1117576  
613.7617367  
125.2678195  
1096.348279  
7.896826198  
402.4633191  
59.62440435  
391.3282632  
1139.849167  
126.1300076  
73.23791626  
25.32066782  
715.9847973  
727.3049469  
1475.589917  
951.2807626  
337.6163623  
146.4877466  
196.4831762  
609.235486  
8.655463726  
408.028445  
1783.382388  
1821.455245  
344.9486075  
671.4562345  
1278.981135  
916.7253878  
797.5807384  
727.9990829  
5.180604926  
268.9576184  
93.13606618  
52.99709694  
634.3395938  
1791.983666  
146.4766926  
620.3894522  
723.1446236  
136.3545367  
1280.494325  
270.9711623  
176.9317135  
70.56080134  
381.2530951  
259.0280144  
311.1279368  
968.8093302  
1909.01467  
769.5685886  
425.6427842  
123.6615132  
691.4903487  
92.58455006  
33.77141739  
197.8064131  
915.5612873  
394.9910034  
255.4450428  
63.9754465  
36.52155365  
252.641725  
239.4198761  
221.7150262  
585.0981107  
133.2791676  
358.1559986  
146.468532  
