245.7421212  
693.6499594  
44.54646479  
4117.414183  
2897.184849  
183.3434126  
7948.649301  
1767.902442  
1531.286063  
2370.432749  
30.50836479  
776.7868133  
1405.766597  
1524.488206  
835.9923533  
5745.544861  
4245.268192  
247.1990097  
1160.14072  
8112.128825  
2146.702246  
631.4527051  
1060.902459  
201.5825033  
1215.561766  
895.0498391  
619.8017735  
1029.807088  
197.4956241  
1051.672866  
332.9674753  
2220.108283  
410.7987242  
1058.878844  
459.404549  
395.5594439  
2063.040597  
1338.700987  
847.9867203  
443.7386772  
54.81917122  
278.8808573  
2695.907084  
459.0855526  
531.0504842  
57.43465889  
52.45372681  
111.8955254  
481.5460897  
547.042035  
224.2029369  
455.0466524  
57.64297113  
1182.068001  
455.1626294  
304.2297602  
326.7918985  
529.9478917  
1801.213084  
35.81996367  
189.1134028  
97.7195247  
87.10786124  
240.4719713  
154.3655528  
448.5228192  
840.1688295  
137.281719  
1438.534637  
221.8573863  
23.05233685  
48.61665364  
71.57945834  
520.0598396  
1234.107615  
130.7064757  
191.0541949  
251.188966  
206.6410127  
204.4496059  
294.1960556  
346.4277185  
20.2933095  
158.2083606  
3.704172698  
20.75541271  
84.63252322  
8.526316153  
83.18707674  
5.787424995  
85.8392976  
116.1926044  
77.51001925  
21.62918301  
63.0375103  
30.10684864  
34.08091241  
141.3612215  
110.0692625  
102.1494558  
99.14722698  
0.04212720783  
17.51743391  
61.68777549  
13.40620816  
25.19939431  
110.2957366  
88.82900362  
16.38006476  
31.83790277  
6.134360849  
4.665589041  
57.2735496  
4.892505385  
7.65276883  
12.24010906  
51.73810233  
0.3069605595  
134.0535312  
61.00386359  
46.49969167  
47.10767952  
15.14845051  
137.0686747  
97.2408018  
21.77069912  
72.54083126  
154.4664316  
6.010706992  
22.67126305  
21.46238809  
91.65679499  
77.20600404  
43.94953951  
74.74419943  
55.92564499  
2.062087211  
67.62833072  
16.60081277  
27.8950312  
4.731001371  
59.47291306  
8.246314818  
76.66574902  
59.62445599  
31.63371693  
9.280459924  
0.1782397399  
29.03391364  
48.18095334  
22.53924073  
4.713092586  
34.59695125  
7.18312629  
34.53151509  
12.67464291  
56.11781781  
31.24970478  
31.76429259  
0.8620446288  
15.21911763  
44.65773453  
6.778835306  
21.25686924  
62.72533634  
3.599825807  
75.73251382  
33.60295065  
9.226404589  
46.32568939  
156.6605114  
34.92962677  
36.05797171  
16.7788764  
1.670000897  
73.25119712  
14.14683168  
31.65006907  
9.752047108  
7.138341546  
16.58476797  
121.2577622  
62.35014111  
24.92877744  
8.596626447  
28.19219829  
18.63412855  
31.56456421  
1.550259121  
25.13119774  
79.21566585  
32.75985594  
33.32043002  
138.5246774  
59.33063493  
72.28778975  
9.208148794  
89.66726894  
11.4445103  
2.77504867  
47.73888252  
30.87398814  
4.640506735  
15.25853604  
42.38446927  
27.02488284  
11.98754399  
39.11436901  
38.26787215  
10.5182796  
