80.7975807  
22.87547573  
198.8423863  
383.5515729  
269.6932477  
135.9573371  
360.6370979  
259.8264773  
182.4341951  
33.79602435  
416.2684353  
272.4685591  
20.81866162  
147.4542706  
181.8901639  
199.5047096  
725.9866713  
1279.603728  
243.9736674  
574.0440403  
415.1243568  
697.0282499  
97.41440856  
49.48408158  
255.1741724  
105.352449  
78.41512121  
94.14559644  
598.7914941  
154.4714963  
102.8485582  
731.5335749  
354.9549107  
366.0057438  
60.83690191  
288.2128037  
249.5194648  
45.82171784  
287.5120817  
614.6132931  
948.6199907  
93.09951913  
366.4608875  
43.94930172  
388.6562511  
631.8604223  
11.69345668  
13.22103411  
95.26534789  
397.1190619  
876.1406761  
256.6282781  
73.06831433  
114.5680375  
170.4098721  
132.2612518  
194.0056495  
389.38461  
653.0972944  
367.7973769  
681.7799633  
324.9903078  
840.3367488  
1.136462421  
327.1618053  
424.4558041  
378.9296439  
276.9855004  
111.1980555  
387.2086883  
211.4520532  
547.974443  
37.72991679  
1463.674582  
9.135144871  
131.4136505  
365.5879416  
313.3717305  
218.7031064  
12.58997505  
404.1614485  
108.0156028  
342.3196391  
654.5011436  
503.2859822  
108.1874769  
368.3520389  
74.95430623  
482.1909196  
570.3595794  
565.7015477  
12.54132101  
128.5494924  
133.0604243  
247.3987487  
71.60866623  
168.1634998  
318.6507374  
574.0428072  
574.8860316  
155.7715581  
1605.662361  
99.46831364  
23.51148096  
234.0182286  
171.5006995  
94.41956138  
472.4690642  
57.96517296  
457.6000159  
246.4350241  
636.0748301  
139.2807207  
471.2710978  
173.4333384  
657.7366175  
284.440299  
164.27426  
648.0516343  
81.33860848  
6.209168589  
1434.05497  
34.73120934  
50.66556382  
2484.796724  
56.58776433  
718.8741324  
849.3132459  
763.9268281  
415.5370581  
591.8249157  
233.4160861  
725.0845246  
379.7143606  
28.08051626  
614.8158564  
1317.321098  
119.2685201  
445.3372939  
272.0743633  
321.3513087  
146.3583373  
83.93467492  
2089.495657  
424.2011105  
829.7048875  
212.9875259  
1074.966721  
7.481895563  
249.5323536  
957.7632928  
430.2382845  
65.28694828  
452.2518093  
103.160363  
200.9693127  
530.0002761  
4.013517454  
589.1534478  
103.1630152  
204.0638424  
1170.555891  
293.0941929  
451.3102618  
1312.14923  
897.5784954  
849.6790838  
310.112137  
2290.197775  
483.0769643  
1111.760241  
161.3054376  
133.9590564  
278.74553  
1903.639809  
27.70779876  
1340.856379  
1314.713137  
410.0538002  
249.4278151  
536.0234735  
1174.837658  
170.2590468  
1254.786859  
28.83804011  
70.19434188  
118.0509028  
1128.065743  
248.9529572  
884.5502726  
220.2766572  
1284.79454  
81.9578261  
546.4084799  
17.0605434  
948.612053  
39.81849315  
2067.61493  
378.6895158  
830.5199095  
444.8036489  
124.8933754  
859.1044262  
177.9670615  
68.72727675  
11.90637071  
50.57753095  
154.0001362  
118.9203613  
261.3810359  
