701.3586784  
1647.533898  
319.4645327  
1856.297722  
2921.981051  
275.4508505  
2749.320482  
8640.453535  
2005.802008  
464.6406014  
12590.05112  
398.984153  
2316.514397  
1060.155566  
1266.005578  
248.632199  
893.6878172  
4436.648843  
1195.624689  
886.2749174  
256.6064497  
570.1325404  
449.7450954  
3141.006841  
2127.856009  
783.6986901  
2402.517012  
724.1202828  
1584.074699  
78.16399727  
413.3687642  
1956.550984  
235.8788547  
36.88482967  
1485.528356  
98.05385948  
380.237635  
123.2898689  
364.2262867  
58.22699736  
349.036935  
1168.098094  
241.8636431  
176.5319734  
20.44016693  
6.356758152  
671.6896016  
285.6902638  
240.7527765  
358.4441356  
325.2507295  
35.58427728  
130.2466476  
748.5583125  
114.0077293  
701.1867403  
1920.276138  
293.7949642  
1056.162397  
276.676692  
1539.691575  
95.01808371  
143.355401  
117.8107692  
67.96005559  
583.6142999  
24.28336763  
404.6061081  
536.2554443  
315.7111676  
59.5292145  
88.9557522  
184.0546256  
90.77071944  
812.3765499  
154.6920008  
131.8182023  
136.6513578  
252.7312835  
16.96823383  
37.6034337  
77.86723795  
3.941306739  
61.41390178  
43.45790177  
115.313045  
53.43566606  
48.46054727  
50.77600219  
0.8045580797  
63.94299954  
1.440747528  
101.1610588  
50.56456546  
27.07928656  
28.67023669  
13.77368289  
25.05973731  
95.28603731  
33.08581442  
3.701936777  
92.26003486  
1.919967924  
64.14839284  
109.2936136  
130.8198701  
44.67070492  
93.12612103  
27.80792932  
5.666592088  
40.12004115  
0.6363774453  
70.34762995  
73.59359103  
22.66514102  
115.7208237  
28.26947834  
15.75040558  
4.478661347  
48.65413838  
61.6011634  
59.00531813  
183.1884887  
254.3180476  
10.69673306  
73.00432634  
173.4485918  
213.7896713  
147.9025767  
145.0747873  
512.2521482  
141.7026687  
24.67937903  
11.22850374  
6.874977153  
115.4635187  
127.3290105  
119.7925734  
6.646248044  
7.295307124  
228.784977  
45.30658647  
112.9264407  
45.54731364  
87.517851  
105.1449564  
114.8425072  
6.955246533  
35.48333021  
111.0478464  
74.08412475  
28.9008805  
36.74510642  
15.96669719  
64.11447993  
48.92082975  
107.9448475  
6.606637013  
1.229796664  
44.50004617  
1.43091154  
22.3165365  
7.584662782  
90.45813971  
21.48375357  
15.40296152  
6.215266723  
192.2420365  
151.0299304  
25.90850635  
177.2763212  
8.197175638  
70.78921801  
26.5886337  
297.464441  
22.7956817  
23.47736172  
109.0364675  
9.184935183  
54.07549471  
31.23635163  
60.95346601  
56.04502414  
16.41467998  
75.26869501  
108.2318542  
136.5607226  
252.895722  
14.14624208  
75.0760768  
10.79587343  
66.72635642  
11.82324179  
5.353604027  
15.04775478  
37.77617055  
54.46702307  
37.21473502  
43.21467017  
346.293248  
111.8201691  
104.5944172  
74.88747698  
10.40734016  
0.910871167  
2.306998772  
22.00405852  
8.478257433  
132.6663749  
132.4328925  
