234.707648  
175.0455399  
39.48260388  
87.81103769  
46.89411193  
132.6569943  
23.28545729  
39.5309288  
109.7834304  
107.8936723  
97.18468675  
5.140544168  
22.29289725  
0.5709750917  
2.084078089  
70.43124878  
1.503022601  
28.02923945  
33.04174019  
29.60472363  
16.17945701  
19.72596686  
14.81535512  
69.05979995  
10.82762635  
199.0392344  
7.935609927  
54.94694748  
6.632596959  
8.711924594  
21.20061498  
24.09211952  
17.93915493  
36.66837618  
20.42791416  
119.2177607  
89.76690558  
118.4730615  
12.10318218  
18.08350682  
3.628379286  
96.10484787  
19.41711443  
5.237903513  
248.107964  
110.585547  
71.91739298  
385.5876815  
6.26140191  
354.5212913  
25.87887722  
69.73813721  
86.56802895  
35.60912613  
31.44559482  
175.7547139  
1.468582855  
134.7812301  
104.086188  
209.695821  
347.0820034  
242.548605  
244.1029439  
174.5737617  
845.9724482  
256.4737248  
483.1673851  
57.3545211  
277.1195669  
460.555061  
8.612236411  
38.99251606  
60.46772018  
1303.856996  
1676.488443  
309.3452055  
272.8157693  
562.9807564  
443.3312723  
856.0712051  
806.2626609  
1445.680459  
61.38668223  
157.2899386  
1317.21383  
535.2576535  
1688.988044  
117.4520544  
77.25320609  
754.8785629  
777.4061341  
8.130812862  
13.16460339  
182.1353203  
29.52770762  
631.4250062  
232.3658673  
169.418573  
368.6602574  
19.98227367  
566.7357455  
105.6501425  
52.2539131  
22.16318063  
21.70176855  
91.90538833  
6.427340501  
38.09317621  
32.64935954  
229.5665532  
0.292621444  
4.641895264  
215.2551957  
24.18085122  
198.2453104  
112.5800396  
51.59346066  
91.95229045  
13.50922791  
48.37020789  
193.0787512  
3.420622221  
102.3675861  
158.9010993  
184.2436389  
28.16610995  
140.8636507  
232.4094719  
205.6248144  
816.8885479  
126.0808735  
20.87906982  
9.48935907  
8.818079587  
10.91290201  
36.23203841  
212.3045283  
19.65017517  
155.4249162  
259.7527497  
131.6814298  
209.5436522  
215.9753138  
747.6321828  
117.9647076  
17.58490257  
96.88031699  
264.4402686  
183.9196836  
537.1549745  
263.6524614  
159.4962316  
936.5562115  
64.45140189  
99.33700573  
267.5701588  
896.6749557  
32.27517764  
207.2860234  
833.4281041  
36.77758091  
1472.967701  
508.5419395  
318.3845236  
1423.050563  
4351.297484  
1365.508945  
5018.079871  
4951.053993  
2291.864378  
9975.344427  
288.6303198  
269.0882472  
2500.355764  
9928.432921  
418.488507  
211.1991634  
2024.842711  
190.2586745  
2209.998953  
54.53488396  
412.3328926  
511.8318575  
766.5258214  
62.52829334  
42.02323826  
538.03773  
161.2887197  
56.24836449  
1.870179903  
160.7024777  
76.27358903  
97.41341314  
192.7572212  
196.7342522  
21.98492367  
123.5752646  
1.149777269  
48.16479762  
202.7524731  
206.3209613  
27.01436768  
16.09249584  
3.56922365  
67.13549639  
166.9043078  
2.552727336  
94.39110916  
109.2964142  
24.069862  
