244.2449523  
230.9880169  
81.04750111  
912.3233246  
82.2041041  
2375.144818  
573.0066355  
382.3979543  
24.01536331  
31.86183642  
269.700072  
340.8816615  
95.43315252  
462.3514547  
412.4376728  
83.47780835  
192.652954  
215.1673443  
765.5349322  
281.7965465  
1.94460328  
513.335332  
443.511521  
61.10398449  
50.81107281  
573.6352213  
1282.919167  
251.3375896  
300.5014109  
40.35971906  
592.4686893  
404.0140953  
51.23955022  
153.0857639  
328.5301565  
222.450719  
749.274592  
179.963287  
49.22466384  
28.79355085  
650.3520021  
136.6670861  
1211.437815  
116.2821882  
968.5676682  
233.9383232  
907.2116759  
1572.672895  
312.8412494  
401.4464668  
257.266849  
90.64857075  
265.7372254  
113.2491315  
104.108835  
196.2192761  
476.8693112  
41.27983807  
761.4785631  
778.3506483  
888.3290853  
346.6852077  
744.0901348  
644.0304317  
395.2827685  
86.3841632  
1247.073357  
196.1780738  
18.47900325  
203.1280703  
464.3683512  
248.0627998  
881.069148  
63.35312873  
410.5441897  
1154.584671  
341.1496802  
1195.478145  
355.9382027  
738.5383039  
516.4914641  
692.723403  
148.9980896  
1494.327861  
680.8713341  
1812.665322  
560.9474731  
66.84076006  
664.9126969  
517.626359  
196.4453129  
499.1576208  
228.5317859  
658.9907281  
432.7459317  
1145.691446  
870.1807706  
366.3563877  
657.2421317  
151.788246  
99.42002182  
165.9882361  
1.784493637  
604.2147177  
88.11390661  
152.7034748  
684.167752  
893.0413363  
87.11345629  
1264.920453  
560.8487588  
210.99553  
193.6779348  
72.15274222  
661.9737628  
105.9527734  
521.1378561  
664.6127585  
171.2527212  
193.2105637  
696.1441859  
89.93990441  
182.2787231  
1831.284879  
982.2162892  
347.8854083  
131.9519797  
128.9443342  
666.7847343  
305.2841314  
85.45804798  
143.9416467  
493.9077056  
58.03843632  
264.0207939  
79.54738177  
152.4002911  
78.4200811  
30.26773913  
616.3232539  
490.4779539  
68.64376542  
189.112594  
695.9173199  
615.3731033  
126.9406467  
680.4002089  
171.2086968  
491.3500678  
37.75834284  
1008.591831  
1311.304858  
430.9874221  
78.17860436  
65.16693493  
300.0304312  
31.20034299  
340.7261621  
403.3151905  
280.0596105  
24.81868837  
1129.931881  
132.7081175  
56.90971057  
790.0751079  
24.99448572  
85.26807104  
777.3989644  
399.879206  
678.2096566  
701.4766727  
459.3370066  
216.5684663  
27.92573541  
980.2125885  
60.6247198  
16.94693467  
538.2260161  
147.292873  
882.3057346  
117.3238616  
327.3086604  
649.2248872  
311.940006  
201.8574759  
474.857431  
443.8541798  
157.8987708  
866.7105441  
795.2662705  
290.9624091  
148.7325393  
96.8057129  
331.3386022  
56.35371706  
458.1024067  
213.1985363  
269.419271  
994.8570253  
186.0698784  
235.7635326  
31.03114526  
495.4611749  
660.7653445  
337.23544  
136.8684983  
379.4182323  
190.9017695  
259.1023516  
486.2239068  
