13381.3479  
13096.69121  
9384.149649  
4367.062942  
5544.221437  
4792.011564  
325.9303378  
2660.229689  
1080.477037  
1110.8776  
819.6856526  
859.8751575  
563.6394772  
615.7820723  
652.7307294  
180.3650697  
172.5694224  
271.2114918  
431.2427019  
1549.785581  
231.4126793  
534.9138064  
1471.157316  
522.8871686  
158.6941559  
59.8358958  
1309.013648  
612.7891364  
377.9078922  
43.28652916  
117.1643267  
71.85740803  
47.6729482  
246.640726  
376.989833  
157.0452774  
96.5802481  
106.0267145  
296.163196  
254.7408712  
275.2606573  
97.42161431  
37.79021517  
130.7716632  
253.4965951  
114.9461997  
32.96188974  
83.75030886  
151.3726759  
507.539825  
537.0560194  
193.0755119  
464.1794829  
23.8826412  
15.37429998  
56.74708855  
489.450604  
323.1573651  
38.95566921  
462.9167829  
390.5069344  
321.6840178  
456.6380116  
405.4209265  
77.90211778  
804.3905575  
14.09861402  
410.3262685  
352.1778913  
440.0812984  
370.9030624  
401.9567395  
16.54818419  
254.6068398  
125.6030818  
92.84108806  
124.3601888  
268.4545411  
80.44299409  
109.9374805  
155.9122228  
53.52846177  
66.87137394  
102.9620154  
21.36273201  
40.93598832  
86.42235523  
71.07719366  
175.931581  
139.2476599  
3.7276672  
139.4478842  
26.09997181  
36.24671563  
0.7313547668  
136.4456164  
16.78614017  
122.7254651  
448.165294  
4.593741751  
41.23763019  
118.9119074  
64.7877939  
37.44287492  
159.6101178  
36.43118597  
54.68961681  
39.90239555  
80.42881184  
42.31136679  
84.56397279  
100.8588881  
23.69449062  
59.41339636  
82.24257699  
19.75876403  
18.71523356  
68.09991992  
84.7636753  
93.12672336  
7.229098959  
111.3863903  
62.08212309  
95.91393286  
40.25545966  
45.88804647  
37.09787252  
55.33365732  
335.711908  
403.5670815  
69.18318847  
127.6905313  
130.3186395  
41.35474544  
58.6812372  
132.1553634  
8.32768772  
3.45520791  
10.83959819  
157.7532386  
48.20491199  
67.52027955  
12.69757984  
46.87942079  
17.09115612  
18.98311343  
29.21204423  
56.95895957  
7.137189852  
8.59290459  
44.52273966  
56.98383096  
92.05578278  
52.97478525  
305.5622748  
365.1173217  
22.15789387  
14.58020242  
100.9496812  
81.83598882  
163.3744231  
11.00822143  
4.637111646  
30.12477135  
44.38255173  
43.14332005  
4.688080912  
33.67063316  
30.14890037  
18.59787516  
112.1409468  
60.96032104  
59.96663854  
62.91427492  
41.67905753  
33.50735426  
168.6989594  
109.1365956  
20.38830286  
115.7608088  
36.88880506  
35.53239177  
43.11022  
2.86959251  
21.30704034  
17.38012122  
23.98269678  
3.054655008  
85.6783897  
96.63790999  
124.391855  
28.98054766  
35.77556181  
165.9658325  
27.36647451  
26.46851454  
48.57948448  
26.84940815  
68.77631489  
20.14364586  
23.6916709  
31.45406518  
38.3848515  
20.05593941  
11.58388341  
127.1497887  
33.81642802  
31.02391289  
173.2008508  
169.7194095  
