338.9853515  
1319.103223  
533.2223436  
3272.430868  
131.0918944  
388.9356671  
1539.17964  
3990.150219  
10694.79422  
1392.664369  
279.5851011  
4367.200328  
1903.51114  
6327.357628  
1291.370301  
505.802852  
438.2365996  
149.4833776  
4551.903213  
1377.452217  
8.341957656  
1167.033599  
825.9593045  
2149.793368  
2953.305636  
4628.45015  
117.7926519  
2724.611034  
369.045042  
706.164689  
641.3357039  
2209.818905  
3455.494052  
960.8088424  
182.2436895  
4.351584823  
224.8411885  
750.8909018  
41.39612874  
388.5501267  
472.7335213  
55.8511205  
144.2609914  
429.7255236  
324.7372206  
306.8751088  
88.95034435  
153.7071735  
153.7810974  
403.1951061  
314.2995257  
32.01629588  
209.9365883  
743.0205375  
207.2573047  
1130.728048  
960.9133054  
810.7871286  
74.96820912  
17.8928047  
16.22617395  
155.8297914  
1916.695828  
71.66608636  
586.388365  
200.8704845  
57.65436898  
285.1991806  
296.2155775  
390.928236  
185.7680616  
342.5957991  
190.4128876  
290.7008934  
23.22240574  
53.05797974  
43.71455998  
244.2747619  
69.82115203  
170.4126261  
211.130665  
216.2016296  
32.2426666  
56.18260355  
111.3604736  
35.69023979  
75.71235461  
75.36103704  
64.64908198  
43.17290089  
308.0594642  
12.46565421  
102.6755741  
14.01880144  
128.1515903  
33.50948446  
28.79223063  
24.9452865  
6.626067957  
11.75449224  
99.32421085  
7.201107566  
8.121234474  
11.10345526  
0.03985198039  
30.43807336  
72.98805628  
17.16327593  
61.96376191  
68.71023012  
25.3908781  
55.67373529  
21.36978361  
22.17556335  
4.729281684  
157.853084  
25.24702459  
22.18526823  
264.4199363  
21.96194851  
20.23655146  
35.81719105  
50.58325908  
21.63808396  
4.089456319  
69.75573668  
64.93833386  
170.3656089  
148.0553575  
79.88267547  
39.44552283  
21.17970396  
165.6567115  
23.10225665  
22.82712056  
54.02228293  
13.93069015  
32.53906956  
100.6510907  
7.451270641  
52.99764658  
35.94563111  
8.089154453  
8.1722712  
5.52533108  
59.74437781  
34.95460442  
51.33544811  
13.48002943  
26.04624799  
58.27738008  
27.1254655  
12.26697963  
10.54578173  
6.22798138  
6.217311141  
63.93052728  
82.22738465  
22.47266641  
10.29975865  
29.37703865  
22.41273504  
5.801507716  
90.82754746  
80.73695314  
27.5817769  
1.280315715  
108.6411073  
67.64554556  
9.062213428  
8.398296878  
14.28917852  
29.12980136  
11.69162787  
4.753051326  
26.51229507  
2.820425293  
71.49208605  
16.39012351  
69.97998562  
53.53270389  
4.076491108  
26.68453734  
41.72543866  
7.709155159  
141.7729627  
6.504864452  
36.26082256  
30.60851993  
109.4233402  
5.063266459  
2.323475045  
36.46681898  
25.43454025  
7.422001104  
7.276716546  
45.82346296  
47.27526918  
72.18346741  
26.53682268  
50.45440452  
0.4562784293  
28.70936914  
17.21243038  
12.06504755  
36.06481906  
38.44677541  
41.88182246  
7.783792195  
122.4073416  
