495.5488154  
1430.651624  
21.85209158  
1641.711587  
491.1624617  
1321.390978  
3285.284647  
2062.097563  
2052.534744  
2655.576118  
4954.521507  
194.8148848  
5769.843915  
60.31290502  
24.71647897  
592.5381212  
1388.296655  
2406.146432  
4225.958795  
620.3147125  
1089.800003  
1115.346918  
144.6359783  
1238.196852  
1056.089993  
352.1413268  
1981.877671  
291.1344457  
1495.920218  
732.3493753  
1092.117488  
98.71033684  
185.8071805  
412.0645395  
192.5600886  
525.7686555  
1837.176311  
1691.110033  
183.8928923  
401.3167819  
413.4000374  
699.4187433  
1256.82414  
334.4573537  
1069.216946  
108.8219303  
261.3114379  
88.65607066  
1129.794599  
1145.219979  
350.7551663  
99.81661364  
700.9135032  
160.7484461  
307.1782367  
434.0487593  
755.0614416  
425.661649  
1402.63108  
288.62196  
339.4196028  
595.472023  
677.1428326  
768.5006447  
30.30155294  
202.0841674  
1398.387005  
766.1998914  
49.74637003  
1834.693079  
39.26867315  
109.1991491  
337.4559771  
396.7966804  
1452.644797  
494.1803835  
494.0306588  
207.2259791  
221.5066174  
628.7149137  
164.9736442  
1142.598227  
66.83562052  
404.9256231  
459.8149247  
450.723766  
123.8000794  
344.9444537  
81.8845959  
219.6247309  
11.02063375  
202.7553995  
122.667765  
385.3561906  
128.5059723  
3.91570658  
12.74841907  
92.11034107  
32.43240406  
183.629547  
95.83746328  
100.821618  
69.6508054  
241.9412391  
14.08380222  
48.07485997  
8.27428566  
27.74946374  
267.4530188  
146.9573499  
63.72586484  
62.99018968  
409.3605432  
224.9184311  
77.28274049  
189.5116598  
148.00958  
73.36952408  
49.21088473  
5.91412239  
21.34812107  
41.49248506  
37.4485778  
173.9124141  
44.59810898  
128.362545  
69.97568612  
201.0911084  
254.8019932  
83.27852691  
64.27728401  
540.8580122  
43.08260013  
4.213868017  
284.5756787  
63.86685491  
52.56457506  
32.59567196  
47.47518656  
14.85910748  
53.11521376  
80.07532137  
9.998376054  
25.26242586  
6.653789908  
0.02593798849  
151.1600006  
84.57109342  
174.1347978  
98.13844647  
34.16981581  
16.80029749  
161.9878874  
19.15101422  
2.583354292  
82.61976691  
16.82482012  
23.7582998  
124.6897322  
30.1865862  
103.5945773  
250.6175855  
44.15695797  
2.462670546  
65.18714024  
31.33788215  
10.6819781  
51.78471298  
163.1601479  
15.24356158  
355.0140208  
1.286889978  
29.71256688  
134.9096029  
160.1566924  
13.92384197  
5.641787661  
12.77995866  
49.74154271  
9.317537441  
19.74645691  
100.8624503  
27.83168658  
7.8667884  
176.9092745  
192.7145001  
118.4312681  
15.22063848  
13.09558316  
101.2729402  
52.65698266  
65.2605279  
42.54481306  
39.62391637  
128.9542743  
29.29397922  
79.61959603  
41.58226385  
109.9375201  
114.9454454  
30.70888272  
43.66103403  
58.68595249  
55.01366465  
0.8364903072  
1.644994205  
85.78732226  
39.48519641  
20.26935693  
30.02490932  
