483.4891099  
550.5341038  
1003.551141  
870.7057623  
255.8600351  
700.0011903  
1969.713221  
2446.526143  
4064.4732  
3273.526084  
208.078562  
2325.169949  
840.2977607  
1098.559433  
4466.15373  
1518.497888  
2688.638723  
4249.173246  
302.3633866  
114.6100236  
1515.426088  
2086.84641  
1405.018512  
815.389914  
366.5353021  
1743.670375  
1693.626479  
1080.440856  
706.3633394  
279.078506  
1679.21811  
18.00322192  
444.6044646  
594.9356234  
350.7323177  
315.6725582  
745.9175526  
29.69582423  
1232.280779  
221.3133043  
370.7666215  
69.14040642  
282.3922782  
602.913026  
80.86031898  
291.8129791  
75.10772206  
786.2720744  
35.90205626  
505.071624  
518.9104049  
35.5396285  
2792.747412  
67.61802405  
816.0916448  
621.125655  
568.6451579  
107.03022  
1701.122998  
3246.155592  
132.8044187  
1492.958266  
1799.164241  
689.6383733  
75.96710923  
124.2712474  
165.9635086  
918.6894694  
2446.43585  
416.9180183  
307.9185864  
140.1729398  
321.3088526  
572.7799637  
621.0312794  
201.4234845  
2.205589412  
1185.768002  
43.27650007  
104.5588478  
43.55410493  
342.3407998  
16.01960979  
196.6277021  
125.6887005  
102.4293557  
153.8070951  
83.35432568  
240.1773102  
101.3561601  
24.15976884  
260.5908756  
321.1719301  
10.10735558  
67.84380319  
44.83814446  
54.03799655  
95.02268436  
60.58774124  
52.36030397  
12.18358778  
358.1302354  
41.92214932  
93.71638735  
1.148315532  
11.05729542  
20.93804067  
28.02212563  
18.53509403  
24.34863276  
73.67311716  
5.214811238  
34.35611987  
56.81009634  
36.33974981  
13.7104737  
4.178152326  
77.34197695  
43.50132107  
0.2641049005  
120.1938541  
65.88537015  
139.0692603  
197.8303336  
65.96327558  
642.0807491  
101.343316  
768.7785611  
571.8693239  
718.1416256  
31.00930059  
584.3189289  
111.902863  
51.36687282  
12.30964882  
47.70750124  
1.540816545  
87.04377174  
71.44546748  
17.29867781  
17.75377289  
32.41837904  
2.551295753  
6.617428374  
40.89871352  
39.14306031  
15.48809056  
60.79052893  
40.12968178  
163.3722131  
121.3593969  
39.34605699  
104.016359  
116.0274733  
45.53284437  
49.60277399  
94.55674406  
177.9402608  
151.4430966  
25.7757924  
24.80356827  
130.5287632  
12.74610013  
139.9843235  
42.32011163  
10.36930134  
4.815421198  
170.9650344  
44.91250185  
38.27854136  
133.2873613  
184.9919849  
107.2975951  
80.36015018  
48.37895886  
2.245813351  
4.627902367  
4.21521608  
15.62044513  
258.9794174  
5.572357937  
23.57909715  
162.9769861  
18.99766379  
18.02310668  
32.91711778  
40.95600085  
36.10139773  
39.46691972  
7.784830474  
92.17640116  
28.27950405  
74.52698059  
47.48340748  
48.05052031  
32.18248334  
82.5482629  
29.23888785  
126.7527043  
5.008426795  
34.20729127  
50.26685131  
11.39014009  
3.725420734  
51.07082297  
49.90904337  
14.63839251  
29.91788396  
75.500324  
121.0372068  
