469.2944077  
513.5010955  
889.154813  
1964.481366  
262.7755401  
2657.654879  
2082.082588  
3045.813374  
5053.355964  
39.56456446  
4409.686749  
2117.777036  
4068.036628  
3605.052948  
3286.278979  
1996.202447  
1293.239387  
5954.051451  
147.1667356  
2462.982028  
1354.153609  
1869.358049  
736.3710651  
619.9522133  
1107.644874  
5579.176707  
500.0403493  
220.1271032  
3.373470881  
444.6655844  
1756.787259  
1133.919253  
2084.603592  
249.1616434  
335.1021045  
325.9960662  
1642.24043  
127.0301784  
81.51805501  
578.521285  
406.9634636  
57.51957411  
36.05537861  
89.6312838  
40.48047836  
1181.878142  
49.45922834  
457.0440065  
431.2900968  
416.6360487  
81.413404  
1010.015485  
987.7238069  
809.4386268  
193.7867955  
401.3952096  
341.761763  
257.9939017  
1089.199482  
420.266728  
115.6348013  
259.0419816  
1240.279506  
353.7812469  
554.0701017  
155.6164794  
124.547929  
44.89048755  
104.5987499  
637.2495968  
821.872484  
779.7547168  
393.4467195  
44.65537828  
103.6328991  
74.2447844  
85.43340619  
30.53919236  
53.98726422  
8.846862918  
133.3001365  
29.73808316  
86.92875992  
51.99470665  
42.88966415  
5.345766551  
68.36825086  
18.54442725  
35.91900354  
22.86688331  
158.5086082  
88.28301543  
58.3627656  
30.24753452  
13.70579832  
21.21152691  
9.657176567  
71.86184545  
2.184324283  
22.57419777  
2.473851463  
89.21202574  
32.03377851  
10.41311808  
5.714458564  
22.21735242  
37.90785505  
48.31942185  
14.47295831  
6.580715875  
18.53532406  
70.71566639  
215.5037522  
22.74665031  
83.81248831  
40.56805743  
1.909394286  
8.903743271  
108.1509309  
49.03626475  
37.1879437  
140.8938517  
93.09360899  
12.91079742  
58.78918758  
129.4005177  
131.0276364  
299.1604144  
26.22888613  
44.95272401  
18.57747772  
52.13537386  
6.130495016  
306.4672143  
82.39375162  
59.99249751  
100.2183242  
6.112479405  
5.259585438  
94.54768889  
106.9975823  
16.70284572  
30.91389149  
1.146266906  
27.42878367  
21.6544016  
4.525729278  
27.61970233  
34.93740871  
29.78183638  
83.08399877  
52.61329056  
174.5983742  
1.049117563  
13.27090557  
1.911267348  
71.2904568  
25.16583031  
18.82715909  
0.4889749226  
26.45206731  
30.76443543  
55.62156709  
71.69434226  
101.5981086  
4.271028238  
28.0321776  
50.54182046  
32.89897256  
32.91322481  
25.16040986  
22.98175339  
10.58131247  
14.93606733  
1.215764682  
25.01742003  
181.7207359  
13.62115462  
3.053725506  
61.77097115  
30.8683997  
4.496973929  
15.63102941  
0.9228132912  
36.23191057  
22.61332747  
6.152904951  
115.1200628  
24.38697524  
7.55132697  
39.74534863  
28.58629358  
18.33765534  
1.749397973  
18.30544358  
95.04109428  
14.69243374  
45.61573855  
38.86664725  
7.522098172  
27.66823868  
11.94671995  
14.77012513  
9.591440574  
37.87534028  
31.99220795  
56.36934961  
165.2792582  
106.9649064  
70.15110782  
