239.542922  
1348.03783  
375.0587967  
30.11316634  
661.922485  
2632.067049  
104.096943  
503.3361633  
84.08176129  
193.494598  
27.90664981  
642.3386091  
149.0053062  
696.4603306  
270.3770341  
331.2702013  
195.0588658  
78.69620858  
1612.129332  
31.17137866  
148.7425589  
39.92286282  
590.3138437  
279.4434406  
350.0725085  
933.1676437  
175.5935594  
519.631289  
45.26843137  
379.8325998  
155.6363769  
753.0245911  
629.4434214  
11.42288922  
690.3797659  
95.25611461  
454.6607697  
469.2360368  
365.1365105  
125.7193996  
1107.408992  
188.2088305  
311.7142865  
418.5139259  
142.2720658  
1344.978425  
1473.47523  
195.4050568  
20.55872666  
711.8295403  
368.3552244  
659.330261  
117.9428743  
310.5288139  
211.8675111  
100.2503675  
111.4324558  
46.30161652  
347.530514  
1174.140298  
655.6231326  
198.401414  
69.29347857  
68.86653016  
223.1678079  
423.4440424  
520.7227076  
292.1766164  
734.1507985  
147.7838386  
986.9745658  
1208.272122  
718.4400323  
236.6331509  
259.3124284  
103.8827985  
32.70876952  
129.8952044  
27.06230782  
55.01953088  
228.8496051  
334.1910378  
61.06667566  
1250.27504  
48.34374632  
73.89666571  
188.5498889  
14.903465  
69.49336488  
251.462289  
19.18326761  
479.6430037  
337.8940959  
363.2075862  
27.86829915  
21.24495809  
89.37122508  
220.6442431  
290.0950132  
746.8804557  
56.52988715  
557.8767235  
90.05248741  
113.5885567  
61.44370079  
72.62726209  
116.5570561  
243.8157606  
42.92725105  
290.6833787  
53.08826158  
182.7720655  
303.4550705  
7.396347909  
157.9514629  
258.520989  
138.0980305  
222.0368562  
801.6400647  
951.5706868  
1463.104329  
1882.481642  
428.9943205  
272.5695995  
656.9826021  
1862.704394  
2308.660048  
1754.636596  
903.0008308  
978.3539982  
202.778428  
864.2866046  
81.63406105  
190.3565021  
829.6045851  
99.31981048  
193.3100927  
102.1710085  
218.7025053  
195.8304352  
63.11012774  
31.577969  
64.50601661  
429.2282433  
782.8518144  
546.3553915  
142.8152286  
856.9579579  
254.0338409  
247.4079713  
808.6527156  
592.202029  
53.66587831  
330.3281006  
932.9737108  
134.6118593  
989.5879657  
502.0493518  
19.13097073  
53.59947728  
344.5335357  
226.8132466  
1258.969763  
932.6407488  
509.2904658  
3159.550365  
760.8793887  
545.6054021  
317.3245595  
942.6599348  
1087.956302  
76.6126563  
285.8116895  
23.83822981  
1353.418757  
459.4259399  
428.9953898  
609.5212884  
97.82328286  
977.6405096  
64.01915822  
424.3471976  
425.0614402  
147.5039  
813.1844875  
130.0568871  
132.4472263  
156.3348933  
717.955636  
35.37546469  
160.8080595  
329.5225563  
311.6914544  
130.4058922  
83.55091675  
175.9202193  
114.1591723  
49.03653918  
653.3813608  
234.8987849  
0.9212921541  
11.13473289  
42.03352516  
103.3697122  
141.2780229  
181.8275141  
266.1418361  
4.690237044  
511.7249267  
2.268249987  
