292.7964403  
129.2628664  
739.9743199  
234.690281  
3481.934062  
3700.398877  
769.0876845  
2783.95405  
6242.682214  
1729.098281  
1629.190945  
3057.127927  
2288.213933  
535.764097  
1881.469834  
408.9449152  
802.418114  
1273.880064  
1125.396175  
1030.288987  
255.7258798  
863.9978442  
312.3593084  
695.0813883  
971.6745114  
2454.712291  
407.8429905  
61.91863355  
170.9454288  
351.3170213  
428.8184618  
445.5184638  
68.5954731  
1132.324168  
291.7886617  
1089.714953  
538.0755334  
117.2236327  
103.6678145  
166.327428  
122.6979603  
584.6070693  
51.53781746  
111.2427967  
1530.395839  
79.73937164  
407.7948848  
812.8787478  
73.08750398  
16.7185625  
275.0814995  
374.9630917  
340.8107454  
55.46448774  
1207.853289  
356.299451  
819.7536922  
935.3558133  
28.67410416  
126.7348826  
1793.426843  
236.0868243  
3012.344521  
2035.739661  
227.314376  
1975.283133  
1295.253683  
665.2423488  
5349.306125  
289.0572295  
1395.42327  
226.6762744  
2270.39256  
584.2729176  
324.8471783  
94.87990965  
35.15515955  
367.8576242  
164.5292263  
321.2076042  
290.0566674  
195.0586344  
43.34288224  
43.74079702  
99.19335053  
113.3337943  
124.4517776  
67.15913011  
230.761839  
158.1164645  
17.68135431  
40.93413696  
234.185171  
1.769704765  
0.6619869931  
98.78003918  
167.7750379  
37.08613424  
136.687384  
95.00804534  
1.197121938  
68.38741411  
61.31918052  
37.8408915  
128.1586274  
67.54225902  
30.18033764  
93.83560908  
146.1507828  
12.19314444  
24.2792263  
54.29945846  
95.61114842  
14.66853385  
24.75537936  
69.9913969  
61.27967899  
19.33286393  
116.0242335  
57.19920769  
61.62390687  
105.2985814  
206.1558643  
155.6829352  
103.9941454  
202.9566423  
98.0523507  
152.2118431  
417.2636931  
910.5348496  
102.2352232  
184.6104684  
241.4893305  
29.10706389  
5.418223439  
74.05398249  
108.8856563  
157.4759668  
260.2123919  
165.1110201  
300.905326  
53.95179847  
154.3522984  
56.84949595  
34.11718236  
5.414453049  
61.43625968  
29.01090949  
85.44652586  
56.67146538  
130.2003749  
13.69274808  
3.937021056  
118.4641145  
23.14376988  
18.83085694  
110.3910546  
80.82796298  
96.37988921  
38.07149296  
30.47480233  
35.57368066  
53.19830511  
0.8511002577  
82.4534827  
127.6040919  
39.36251284  
152.2496818  
33.3251697  
566.6504771  
5.084656656  
5.020688979  
17.10027091  
144.5567201  
90.94902334  
33.82529791  
1.881270249  
21.62745603  
11.36417807  
15.16401788  
50.24255295  
94.41515543  
42.73198289  
1.448525079  
48.56845126  
38.38856797  
101.8635777  
15.47966533  
143.0593355  
8.773031485  
36.64442248  
316.4064502  
9.903682895  
45.53267757  
15.82010771  
61.37852857  
115.4321767  
108.4706072  
35.49842494  
47.7968969  
21.64599361  
32.64525343  
51.14260751  
47.2181366  
68.47577946  
8.036266186  
16.42862295  
87.75637743  
212.0420877  
7.490338381  
