20.5801821  
802.6020915  
228.9176472  
104.580605  
0.5337210422  
691.9975455  
484.4036954  
881.8180937  
1779.772665  
1284.8273  
10.66171537  
113.5144778  
206.697638  
166.206371  
199.9295427  
733.2383454  
499.7755117  
118.4255984  
612.696676  
180.7385605  
90.56371273  
438.1254227  
18.7705968  
175.7650334  
68.11347476  
49.93903858  
271.7288618  
502.9457025  
689.3692053  
208.139182  
356.1166966  
877.6686395  
96.53710471  
709.7618104  
105.5889937  
146.3698155  
334.6218833  
994.880611  
66.34423143  
76.1146981  
401.1019668  
49.32239469  
266.0477538  
84.00728858  
950.2580415  
253.469093  
6.471247158  
30.53016596  
52.28265955  
1306.74993  
57.7694842  
1364.630708  
466.169955  
148.2893876  
667.2839465  
449.82426  
48.10895157  
564.3626346  
370.4116267  
1062.587727  
1144.488801  
410.2224725  
142.9342419  
693.5945114  
1321.789435  
44.18604451  
345.9760987  
377.5052505  
815.9604687  
261.9333708  
43.49817262  
7.302317562  
94.88442618  
99.59643653  
600.406469  
114.2305835  
10.05335742  
1148.580877  
125.5764442  
327.8299191  
563.1948252  
96.07339431  
17.76637097  
837.6177452  
0.2477241895  
406.5803678  
200.6912749  
184.8797787  
102.9735351  
720.3952736  
816.5435609  
93.06771187  
147.9219833  
802.3475722  
410.848679  
147.6874721  
60.55879068  
112.8205204  
436.5225068  
22.60818334  
349.7005298  
276.6572623  
150.0325625  
407.2486877  
436.8836285  
173.7625853  
404.7622297  
981.1640126  
161.2815892  
354.3707137  
77.23373491  
1041.921678  
115.7399142  
213.2782359  
425.7731424  
293.0340776  
1038.190108  
89.62613119  
799.5355958  
357.6710554  
315.7688642  
106.9435534  
91.30065577  
375.9925849  
1207.518834  
1143.512813  
1074.696847  
1171.872415  
524.692644  
2384.647535  
130.6221733  
812.7190764  
202.8581833  
352.0533314  
318.1539708  
247.3330188  
109.8330882  
101.9503133  
726.7716181  
309.7579377  
62.64167527  
1161.090535  
112.7758713  
37.63173404  
456.3616487  
139.7750389  
143.9631776  
493.6296056  
510.9292864  
614.3086331  
162.7715146  
365.6426317  
1666.06635  
1982.068113  
132.4806402  
488.181884  
340.1920982  
1.587665401  
470.521432  
33.6674428  
42.32126063  
450.836888  
1350.715184  
293.3731818  
97.84463814  
8.597676628  
382.5404668  
1712.384235  
187.379023  
1091.901684  
2446.851229  
95.45579768  
136.9454322  
240.5785653  
479.3324338  
403.7910693  
109.290373  
94.39639225  
120.352871  
157.8636577  
691.6554578  
100.8221832  
1260.599283  
297.4248622  
117.0168537  
290.0473921  
59.8099755  
123.4844075  
487.4988934  
530.6758372  
371.5357101  
469.0222737  
225.7248825  
672.2612838  
11.09122978  
136.3435827  
385.0366848  
539.1173378  
7.076466291  
85.31819113  
24.76861577  
165.7439439  
424.5134558  
254.6068698  
695.5726029  
321.3445795  
715.9450804  
826.7103167  
183.2400708  
138.253637  
