401.7780082  
368.6526506  
662.8148869  
2225.199243  
298.3044608  
2489.59703  
944.5453507  
3126.356495  
758.1358541  
277.3542572  
3891.711489  
197.6197981  
1645.929968  
1642.103366  
1035.338951  
577.3399971  
2352.088625  
139.0954537  
2017.892871  
489.0917306  
328.0890373  
2004.635441  
37.80600414  
236.2355396  
217.6841243  
197.976867  
238.3861124  
216.7906911  
401.6493248  
421.5043875  
821.4647029  
339.2429853  
385.1720908  
641.8866481  
17.92513427  
9.16649762  
41.96520679  
212.9933749  
421.0772792  
291.5983856  
81.41728731  
526.5083616  
1028.331296  
99.76929584  
706.4401867  
453.2123502  
110.6908144  
87.01574097  
250.6513829  
108.5318741  
70.01091673  
150.5547545  
191.4674466  
19.41478649  
367.7807356  
401.0972181  
558.2629332  
470.3230889  
292.7527456  
2519.604199  
183.3824397  
3514.631167  
34.95931309  
1156.151548  
1091.95518  
265.2815618  
1853.074802  
7997.471805  
3453.413191  
617.1722585  
5171.265448  
2861.239973  
1498.121959  
576.2099513  
909.4397178  
282.4349602  
292.988925  
1335.751595  
566.3811354  
100.4935266  
181.0608104  
550.2954323  
26.57497263  
15.00657221  
85.07275481  
329.8874311  
101.5151246  
43.27119635  
100.3413787  
28.63414398  
116.8096842  
24.15983762  
176.2662302  
62.02456832  
131.635845  
9.344750213  
107.7538272  
64.82728596  
19.61359992  
29.76311744  
107.2772628  
75.59587935  
6.429498378  
5.779351264  
110.2576173  
0.8190184234  
94.81548428  
14.45602555  
317.5441107  
11.29451158  
144.0667762  
130.9749178  
56.8087064  
61.84334898  
157.6430461  
161.9419945  
1.784837777  
211.8540185  
249.3063382  
38.08285778  
59.22989394  
19.97998357  
144.9691533  
33.68902427  
47.3048304  
181.758943  
156.7835154  
1173.183701  
136.5937136  
529.6826922  
222.8136097  
154.5545547  
12.82931236  
16.4025518  
106.9229318  
14.26858152  
134.2022249  
83.66453435  
192.2115399  
66.09725213  
52.59088492  
364.6074346  
21.74273476  
121.3219343  
28.02834499  
38.97736043  
100.4227486  
92.88643539  
7.901788431  
128.9063747  
43.53370965  
168.0261535  
81.97777632  
95.99465458  
24.87485067  
3.804279469  
45.73742172  
46.92741944  
27.16353155  
20.57848717  
41.85080296  
65.28134182  
160.6487983  
51.25469685  
78.49112945  
39.76719588  
22.12952942  
102.733324  
58.42404161  
163.1471282  
180.7414224  
248.5278614  
35.33043369  
1.404395076  
33.41678971  
23.81041609  
7.345516829  
61.65617709  
2.342974177  
15.1699155  
14.89297532  
186.6602941  
231.7178557  
31.18923123  
81.39833337  
14.99657006  
48.20566015  
11.57089515  
0.515090254  
22.8417811  
0.007123400987  
178.7161413  
16.44274905  
231.6435836  
1.277358839  
44.57578353  
95.34573958  
146.2569265  
113.3421498  
12.2286067  
21.0663752  
5.007285662  
124.4646281  
34.14257588  
40.26946826  
204.1571561  
210.2940107  
12.09615365  
0.9405251384  
29.64771237  
