52.1710532  
25.97224628  
5.988006832  
32.40190413  
10.39618202  
9.79365699  
126.6276217  
24.9509608  
15.0132075  
0.9543925423  
25.39554124  
8.600840981  
4.489306082  
17.94138044  
20.80476989  
90.95711365  
12.74754301  
31.76557783  
8.908163408  
22.95530975  
110.8988315  
56.68902797  
49.26759779  
96.46629789  
66.10979519  
26.84640736  
21.3812652  
119.2113186  
7.949454539  
49.38884275  
1.174508571  
72.64701086  
27.10290219  
39.94579396  
90.52647871  
19.78491882  
16.2882204  
158.8055594  
97.80258381  
13.21345944  
237.9207563  
49.13866971  
14.76463429  
113.04355  
322.87993  
27.94525104  
172.4726603  
86.27312804  
27.24688785  
108.1020438  
18.37449314  
124.3202288  
14.8437318  
21.47215673  
91.30654002  
124.0824675  
107.1167089  
337.6049932  
151.7020369  
106.6425602  
237.1152367  
666.2119153  
68.60129057  
320.0830341  
387.7900684  
316.1332904  
516.2749709  
150.0446125  
608.8705269  
443.412694  
192.5067513  
307.4511568  
211.7902294  
1160.049738  
1160.627382  
638.364552  
679.5386743  
263.1693921  
205.9448221  
1059.471924  
1570.826372  
1693.62548  
103.1499456  
339.8754998  
621.8677847  
1007.840027  
591.4520716  
24.58093209  
1303.895742  
865.2536799  
1414.313923  
278.2368819  
342.972387  
183.5883225  
66.33158317  
113.490465  
171.3548493  
193.001977  
225.1451506  
322.9753037  
290.8432844  
77.0274677  
162.598463  
3.555998589  
161.8779442  
104.7008027  
195.4178662  
19.98805963  
303.8130097  
83.71031593  
63.50431683  
28.35128168  
106.1360425  
21.45622282  
31.16933971  
2.924654291  
164.8489597  
63.01281391  
324.8016547  
29.86591291  
130.2910768  
387.689629  
110.219973  
18.98028063  
239.3097566  
339.7693897  
19.23273591  
464.3751554  
19.06481091  
65.77046245  
32.91773967  
105.9672501  
86.07569383  
75.11318836  
198.7080478  
126.0650864  
8.073402653  
220.9279861  
240.6012274  
141.7569715  
46.12040523  
312.1290246  
114.8653456  
199.6321039  
15.53108191  
3.681617666  
18.40473076  
538.6260319  
243.0636825  
152.6264363  
238.294054  
274.5450905  
203.9767643  
310.2133722  
166.402443  
71.36702618  
36.08581725  
135.70151  
41.27709019  
151.2519078  
638.2101633  
899.7903655  
1906.586556  
282.4818687  
2110.755006  
2850.894059  
400.6913263  
4570.677081  
6229.516955  
1483.444548  
9175.442605  
857.0165803  
86.13823522  
3103.868067  
9521.07902  
2007.724979  
930.0011805  
422.7572496  
8.028163751  
1974.214016  
544.3882774  
426.5255612  
1013.915991  
971.7431517  
191.9019153  
31.11955928  
303.3502301  
11.63708405  
50.0490831  
90.63116453  
16.62388561  
248.3859561  
78.97231878  
30.27739108  
106.5320508  
22.35289291  
23.07301132  
69.16234901  
9.147828944  
119.0618344  
0.997303595  
8.332964625  
1.277317259  
88.95102403  
73.43748416  
3.785794152  
220.0065291  
33.52345004  
99.66521214  
245.4488534  
