331.8920103  
399.6594413  
2401.677711  
24.4594209  
940.2009184  
757.5903322  
2441.93281  
2312.200461  
2978.507835  
995.8579165  
1463.987097  
80.14245544  
902.9107113  
1762.849155  
4631.82883  
2888.741545  
2978.031198  
836.9417072  
1146.054977  
79.112253  
2820.832329  
715.6524754  
1828.354057  
4423.805904  
649.8708517  
1666.648029  
1952.146613  
228.0335465  
1414.964195  
1506.524112  
1252.439689  
2382.435038  
332.3205314  
2565.244852  
1638.22667  
1035.649786  
1266.120787  
1179.033976  
974.7023868  
360.3588197  
266.4470764  
411.1690776  
149.4359901  
1332.415127  
2521.589868  
131.119011  
194.9015191  
474.4957332  
431.8092603  
236.9876561  
54.82338539  
179.6844746  
518.5338383  
402.8167419  
2044.214885  
224.5513537  
86.22742811  
180.7156276  
68.17074905  
1550.470622  
309.3861301  
683.9066016  
728.733402  
399.8081229  
123.3310118  
617.3842679  
317.6578307  
1486.271157  
182.6249485  
932.0064345  
619.4350783  
177.762108  
43.07563979  
118.5896037  
181.2675959  
42.84187949  
44.83518599  
94.67421841  
56.6657312  
329.8651571  
121.2382767  
68.50508909  
46.71922899  
338.343803  
607.718009  
261.3582099  
274.6265083  
24.18734242  
29.40535406  
215.8235471  
18.75253364  
40.29641632  
223.7207092  
27.69039921  
56.72696472  
29.30130125  
17.2486364  
41.38730548  
30.33729448  
48.03142642  
53.42854678  
107.1215486  
21.11232251  
16.35847624  
35.06797995  
12.68722484  
94.92111581  
14.44077464  
64.76721159  
24.75528323  
60.38594891  
178.9528512  
12.04384987  
68.84374229  
77.9769845  
12.55494588  
67.50130865  
60.97839762  
89.3413375  
205.4324645  
18.33272483  
56.65976193  
13.55056407  
69.12915932  
5.309785659  
66.62653359  
214.2643964  
221.1090693  
28.58783551  
25.87225233  
37.09894101  
160.2580898  
108.6498304  
50.15248611  
66.21679305  
86.16170947  
5.414542227  
0.4438736944  
14.42549618  
0.06050746789  
12.50527442  
42.04695623  
18.23586915  
7.903891941  
25.37138491  
11.10851859  
37.9648626  
35.43294197  
6.862808163  
21.923777  
2.410899597  
83.36211839  
51.96554511  
14.0073938  
46.63756864  
71.17705712  
23.17706232  
14.96447816  
23.75730152  
178.8109175  
8.238719113  
69.78916979  
20.17007635  
76.03848989  
54.41007095  
9.217395476  
68.67802549  
76.02637391  
168.0850399  
123.9126072  
11.99233699  
25.4196522  
20.24439901  
53.22336655  
168.4152994  
51.16465263  
4.008685099  
47.39752845  
102.570801  
59.67069469  
4.888915159  
4.119597625  
25.08530304  
7.929159779  
68.13777126  
31.96573733  
143.6432012  
5.68855841  
8.053033386  
115.2721206  
79.61469713  
8.008940316  
159.2401663  
27.99459424  
18.87389485  
22.57130531  
106.664623  
15.94133255  
3.577248269  
21.25545643  
3.601170532  
123.0569893  
64.37205803  
78.71265226  
57.85234139  
20.64983463  
85.58412985  
5.326955924  
112.7239004  
128.4686288  
