626.8814964  
5969.769209  
18.14535268  
34.51146638  
5971.627074  
1124.952785  
1389.395946  
4268.198922  
2192.574996  
901.4392085  
2527.557284  
6777.300776  
738.5919341  
1219.370815  
832.4367681  
2082.07039  
283.6545509  
371.7540229  
364.7151414  
2619.918615  
3135.211273  
1531.278333  
1138.423349  
2952.524211  
1103.533132  
2204.362526  
524.0234628  
163.5431263  
1024.370603  
510.1614276  
1490.466507  
1002.397503  
346.9477788  
1198.935506  
2443.690361  
552.597776  
789.4157399  
1436.609122  
37.76660206  
126.6389834  
314.7646938  
78.77226818  
232.1787621  
1505.359435  
332.3192469  
698.2040869  
115.394484  
423.451164  
457.3612397  
527.6452636  
43.88129821  
257.0651193  
209.55776  
28.09672244  
20.06509896  
161.4238401  
138.7499873  
190.8494252  
17.39097041  
1887.403135  
101.215833  
981.9935507  
40.66516332  
763.8087371  
822.35039  
67.55341343  
73.82848029  
464.7684483  
335.9963906  
83.36814335  
385.6635523  
17.21809519  
59.06738027  
324.193687  
501.5729057  
90.93056624  
334.8154028  
34.50392789  
236.8996515  
243.4880875  
33.34943296  
59.04581015  
187.5599199  
660.2337517  
132.9440673  
204.9175068  
151.2928498  
30.44617332  
134.0766014  
120.5431392  
18.42752307  
48.80240913  
52.98779366  
15.11724207  
248.5844373  
93.93242082  
183.9584099  
267.6201347  
18.04993908  
187.0497419  
125.1244529  
243.8446972  
12.64874827  
44.68844844  
65.34328837  
61.70766203  
224.0505391  
38.9224045  
73.4465327  
102.3484983  
18.20431313  
54.33020893  
145.1746911  
26.18534454  
12.07383549  
20.40324944  
87.73668613  
2.623749903  
28.90177306  
22.41085203  
77.91106385  
83.54837905  
76.6562299  
50.68274932  
4.218292516  
383.691385  
119.7823346  
345.0953295  
117.7326554  
241.0540528  
67.33007513  
179.808174  
108.2989713  
60.89989549  
61.42422031  
1.261707406  
34.93764612  
46.41510137  
128.1449367  
42.33478031  
72.56022058  
227.0284639  
79.67833656  
41.13307266  
5.30095648  
41.4424271  
50.73570118  
33.36417118  
91.01491486  
58.50478949  
28.33593992  
3.278883546  
62.5570171  
11.17472503  
0.7098904252  
10.49094896  
3.300880693  
221.5116632  
263.2393262  
25.01524878  
42.19978001  
6.419447204  
5.089651614  
13.34412576  
89.79883203  
10.65021014  
85.33313165  
146.5321494  
62.56844753  
9.124153166  
32.2890107  
8.223954344  
101.9449134  
1.686047321  
238.7140992  
38.43643556  
80.89424436  
52.55512106  
120.7296407  
84.73697154  
122.7828692  
1.767278568  
11.30202555  
27.33936387  
30.08212888  
34.55973796  
35.38352961  
100.4413113  
59.00176474  
59.15172545  
2.134714494  
102.9452807  
1.334957794  
27.75228526  
18.59024016  
21.36315924  
17.28110985  
21.99874128  
85.75446627  
23.15252866  
123.7809539  
2.26128067  
5.733848646  
107.7334376  
60.15231562  
79.43585771  
33.05175393  
45.9054359  
24.8705645  
38.74048746  
