312.0195296  
10.94057804  
94.5689406  
765.669051  
771.7329661  
777.9069628  
1390.800687  
91.87241196  
947.6955331  
48.60105211  
972.0121117  
151.1553867  
52.04796124  
3874.354861  
90.55287172  
85.08294676  
421.875971  
161.3737432  
61.99453697  
318.2615623  
1353.657006  
706.6035054  
897.9254571  
469.9556837  
745.9436703  
1181.939307  
1330.374185  
372.1322424  
653.0681012  
27.83224678  
1459.227037  
693.9347242  
594.0136493  
364.3715833  
161.069601  
345.9768402  
231.2914631  
57.41285603  
137.4304324  
336.2862026  
150.8490615  
123.0395424  
29.22895582  
19.46367869  
25.70388437  
138.0728915  
295.4979267  
27.85241925  
19.17763973  
4090.675308  
1.816094989  
11.27109573  
326.6756215  
269.9861044  
579.2830246  
71.15480517  
455.5334607  
37.67806103  
825.7197145  
740.5486674  
444.1624635  
357.7188049  
88.50450222  
1328.75117  
140.740039  
462.746055  
837.6046609  
570.725976  
812.9373347  
4.241532952  
203.7519477  
142.9784472  
2.142819275  
275.6325374  
975.8923646  
40.13581558  
799.2163251  
632.5196677  
417.1958811  
8.996206453  
84.77187441  
383.4129315  
23.29415579  
163.1482884  
86.6380135  
211.5950399  
154.2613076  
218.5060513  
185.666134  
25.29375624  
858.2948197  
9.484434284  
95.6315016  
378.860673  
73.41773197  
212.3831415  
59.1840992  
51.57174832  
650.7256355  
95.40258764  
19.4206632  
65.52575181  
72.40247776  
105.9615064  
580.9203754  
221.6641557  
221.4636358  
5.052369498  
211.8904443  
6.916411494  
361.7244244  
335.8234792  
479.3339311  
66.85746104  
723.1658303  
1117.789373  
2142.937003  
168.9601032  
56.02081574  
264.5131064  
115.3291124  
687.6714904  
820.9378402  
443.1762143  
127.314118  
645.2723445  
2056.295189  
2683.928316  
614.0213089  
3022.917218  
950.9734454  
881.2907503  
457.0299536  
1020.174646  
59.13019902  
413.6763883  
280.0936917  
353.4132697  
482.1706094  
566.7383921  
22.31213412  
560.8879754  
3.755810148  
145.7403772  
230.1782205  
339.057506  
655.8214506  
302.8970152  
356.7603223  
591.0043969  
32.59344937  
80.74210154  
181.5422984  
258.6576559  
1151.16541  
512.6171036  
152.5594987  
230.643217  
209.9591032  
59.11628724  
460.1112711  
939.2491377  
365.4572799  
104.5880501  
449.4845062  
313.3939663  
102.2326487  
1043.99306  
472.2809259  
914.0112433  
875.2977733  
110.7722532  
341.9587223  
84.13274321  
583.1958308  
153.5498031  
92.63007971  
23.81877385  
181.6819885  
302.2290225  
171.9098706  
123.9303952  
333.6425155  
168.9812638  
579.7899893  
15.43324855  
295.3161301  
41.65853561  
60.84847843  
360.0693634  
159.5830655  
31.34216198  
182.7756983  
107.6478246  
1.158575507  
115.1888795  
59.30377721  
172.3344325  
413.3611427  
474.2896764  
112.5657313  
83.55890485  
649.1890675  
120.5187125  
66.2451588  
195.6276472  
29.15262404  
70.40730869  
557.3253862  
13.06862103  
