452.0247448  
329.7158992  
843.9985726  
120.0864428  
3273.600727  
36.78444571  
43.21195865  
438.217717  
774.2063795  
3225.014555  
705.1314561  
485.8028809  
138.3936317  
2843.924627  
1321.297315  
800.4744582  
1207.793353  
954.2802459  
491.938572  
1161.799182  
1278.102969  
1259.731297  
2234.566384  
1073.102804  
2920.99248  
830.1819672  
1981.692354  
588.8912463  
1683.65002  
809.0855546  
262.789227  
3340.167547  
613.0061432  
2838.014478  
269.1555813  
2146.537241  
173.5341994  
566.2522356  
1253.360228  
88.4846785  
595.0297637  
246.5118541  
3623.968712  
157.7316286  
262.0823979  
97.65820007  
132.4043374  
1270.76543  
314.497609  
189.1103796  
825.2242558  
34.92200314  
372.4922498  
435.6462256  
223.4271957  
1442.231922  
68.30972178  
453.4695514  
679.5905108  
611.0829027  
1136.413911  
30.43028622  
319.0737956  
152.3603166  
20.12448862  
1807.750879  
127.2358584  
254.4329553  
91.18503704  
983.5806739  
1056.24032  
520.1243774  
131.7716468  
911.5144406  
129.1660914  
320.6255528  
202.7023502  
4.878304227  
146.4312574  
394.9959461  
297.6178664  
136.8988007  
564.5710665  
195.4801332  
625.8771237  
65.32401602  
21.60226041  
112.037358  
134.4966173  
262.665125  
663.8900789  
166.7312286  
43.17129862  
599.754858  
139.3980067  
51.66432518  
49.06307524  
182.6177182  
43.01961755  
101.1953216  
4.326555288  
41.25348031  
158.4592589  
122.2385982  
88.34850851  
23.9917691  
283.1455265  
190.0960164  
104.5545296  
234.4227288  
90.11856817  
17.53863431  
18.35037631  
251.4901516  
32.87939555  
29.37478444  
19.91080675  
163.1225449  
371.2543621  
25.04771951  
16.72903797  
154.7038774  
65.75227113  
84.89484762  
524.480061  
310.9837856  
760.5542643  
1763.645192  
44.29728399  
2153.581687  
196.6864228  
592.9349705  
607.3524146  
859.0260383  
51.16744673  
33.60996948  
41.46980353  
84.46610231  
11.16145069  
81.25887385  
350.7732446  
267.3279041  
203.4615873  
196.6158971  
230.8919677  
68.79129281  
74.21710665  
50.32557076  
12.1434651  
26.3742309  
93.67950129  
65.06636146  
21.53435252  
130.2418288  
24.7530407  
80.04352239  
24.69319001  
120.8530649  
116.0409977  
19.85782475  
41.97608346  
60.66624829  
26.20842968  
50.67409006  
106.4099719  
30.79783599  
54.3299481  
2.238579383  
210.0123776  
41.80238592  
44.21262195  
76.66927796  
21.99106403  
18.86980108  
24.34928363  
272.1229405  
107.6408355  
193.0554151  
14.96818458  
7.467464697  
108.3898625  
2.807024858  
49.46812144  
169.5000969  
289.9616133  
28.13056221  
41.27497576  
18.78012659  
26.47488639  
117.4678836  
43.72408728  
47.10273471  
191.0506811  
179.3748565  
43.50496358  
79.1199662  
24.69639557  
46.77074932  
0.3073268425  
58.05055645  
53.37215459  
119.4230748  
72.52255658  
65.79270475  
366.1720292  
63.95190745  
4.288181728  
260.6981828  
31.55563986  
0.3403147367  
