229.8377123  
81.6549697  
113.3456368  
1175.34063  
340.6897522  
6773.289135  
327.3408459  
2838.30746  
1606.833306  
1833.205166  
4.381041967  
1196.025844  
3173.197919  
9609.969523  
2198.175661  
836.5153515  
250.1157646  
676.1194166  
225.544878  
2260.777914  
1665.917918  
4065.447196  
166.882218  
618.7279907  
543.2285592  
915.8268568  
142.2673084  
372.2110564  
246.3632979  
23.32470885  
379.2798462  
335.8581822  
489.1066341  
2118.990703  
269.4131338  
165.0186818  
102.2667606  
437.3553864  
823.3664308  
526.734877  
190.3129921  
293.840225  
257.4162137  
43.76162955  
950.1228064  
197.0039923  
157.8629599  
670.544025  
101.3790054  
507.4854784  
878.9903444  
248.4941811  
444.7227726  
1557.057412  
440.4389053  
140.4256748  
1136.764547  
2146.526156  
852.8666524  
3709.398766  
397.2657147  
252.4686858  
4768.164315  
1116.192327  
796.5885314  
21.99461568  
1418.593793  
598.0657346  
464.2109516  
440.538656  
289.8157019  
227.1344841  
147.0686511  
1088.714058  
742.8046704  
112.2004617  
177.9442152  
108.6422396  
41.4202703  
46.20158288  
19.73968494  
163.6361165  
178.9743975  
15.36693823  
264.5675529  
90.88096436  
33.07600487  
27.10093375  
210.2948978  
325.1680022  
32.42948028  
75.14218933  
233.9657087  
55.51350172  
18.10605683  
9.555812784  
79.20216922  
6.437231687  
112.7474973  
154.0381015  
1.602566722  
44.92818233  
30.84759353  
60.19344725  
258.1710976  
66.88107815  
21.64787176  
3.629227038  
10.13950216  
80.45443405  
44.55508585  
13.67650169  
78.78461359  
29.35716746  
75.51827295  
176.2685125  
27.15663045  
7.042084735  
27.94594955  
136.1340396  
47.46196361  
104.9028433  
32.36690129  
17.44049201  
15.3667271  
286.3980008  
14.89223091  
9.173665187  
28.38275001  
74.98610508  
4.782408205  
37.87319828  
4.432044072  
64.79723977  
34.37524006  
4.700627481  
198.2875249  
34.75321253  
62.11960064  
46.13753184  
46.51105767  
32.88761217  
31.80238941  
32.65320869  
24.88977766  
229.897581  
19.8442056  
47.65371029  
45.31540397  
18.69774063  
0.1531542254  
40.0599485  
345.7532227  
45.93775456  
0.7175836761  
34.52075974  
154.3199792  
128.7368515  
88.48125182  
133.620683  
118.9142328  
72.02873705  
19.12344884  
163.5357121  
179.1253703  
194.568444  
70.26812281  
42.25236087  
157.2762995  
162.8188292  
62.73761007  
40.033387  
53.24521371  
343.0112799  
112.73061  
114.2741477  
19.93651582  
20.16601523  
17.57093769  
116.7747275  
30.75159674  
1.474319854  
123.348099  
52.04224837  
35.09734704  
64.01415725  
178.0483149  
11.51997097  
22.0112748  
12.92577353  
6.278748992  
125.4493684  
69.36522979  
19.46807463  
2.554576918  
43.98042019  
3.562429891  
18.76359937  
41.71835286  
26.29311024  
25.51369096  
5.527269955  
68.49984067  
199.0887923  
111.0587209  
247.405941  
1.770940624  
16.13966008  
79.06739098  
0.414753615  
