6588.768064  
139.3948143  
11.53085115  
587.6204662  
566.7636462  
280.0724908  
1856.033373  
2549.359624  
275.3812344  
909.6691334  
1227.379726  
260.9803495  
185.5339094  
289.5529775  
2812.240637  
2374.697327  
1009.131738  
294.031329  
809.920921  
1554.994675  
69.48257007  
711.1088661  
474.8269515  
364.1621412  
208.1528431  
1813.539773  
420.243514  
229.0276003  
123.0064425  
525.3711633  
59.51466051  
729.6084244  
2313.275502  
1075.624255  
447.045284  
590.5285063  
326.3048974  
550.5154116  
1064.606803  
143.7920836  
2355.54137  
1207.476264  
601.687109  
42.07306515  
204.7440737  
1632.59098  
171.9108101  
907.7288106  
153.4473386  
11.77765766  
29.82791284  
451.8494051  
1060.840777  
157.0423738  
1767.049904  
462.1632255  
1465.502627  
165.5850722  
611.2092296  
329.2807901  
80.80321478  
154.666738  
1010.983595  
29.77287787  
70.97230521  
267.3967915  
901.7258765  
1052.1321  
2371.345143  
941.9341627  
245.2993125  
396.0400741  
578.2052898  
299.9632701  
1943.99051  
1693.1916  
925.2607243  
616.5789912  
72.86493842  
852.3526265  
721.837552  
134.4543002  
149.817142  
126.8125881  
65.94575553  
368.7074119  
229.7821368  
83.73590561  
221.7856146  
27.93511455  
372.7207466  
66.81124587  
70.4552548  
344.3891341  
1.876567504  
45.74612593  
171.0461011  
132.0840487  
6.550450211  
146.2143723  
9.342946984  
106.1317031  
62.82436766  
15.33117224  
180.5363022  
64.23979686  
233.0940643  
148.8578252  
151.3222162  
312.1871113  
181.6259996  
110.716625  
0.7520694671  
83.29715588  
77.79742627  
239.9920984  
126.2018793  
437.6884916  
159.2728106  
306.7738861  
63.27032489  
51.57880027  
101.2227674  
154.1207219  
352.2267088  
135.7435306  
172.5238292  
856.5391881  
476.1235318  
1019.210309  
39.78019817  
1227.047027  
148.582093  
453.4972185  
49.68315466  
105.9730279  
125.9125126  
55.92966496  
49.63108791  
341.6189177  
17.64464399  
17.64339358  
208.857077  
100.975919  
117.8448631  
313.1252432  
23.26634787  
87.06687637  
142.8502148  
40.784522  
90.81863075  
136.1651433  
37.6144982  
92.47370184  
33.98500805  
25.15427898  
129.192058  
361.76064  
441.5323737  
31.82430685  
46.19130966  
244.1327824  
128.1044689  
142.6903566  
224.3452886  
375.6211181  
98.49351191  
285.5249496  
365.3563601  
144.6623954  
694.6638027  
291.4091874  
318.0447921  
809.4264017  
459.8368758  
109.1186126  
39.8599111  
23.90104348  
37.78700269  
159.0366884  
250.8615705  
10.72962221  
113.4161637  
13.47370104  
83.99119334  
165.8497112  
464.7414046  
14.47153027  
30.64327627  
416.9310901  
56.41941021  
95.75399534  
169.156475  
39.64871876  
42.18638429  
6.820203942  
45.89403031  
7.79729381  
4.684302632  
243.8618406  
14.93393595  
16.36173922  
58.98978548  
160.0616839  
138.0315135  
32.4653295  
40.03618252  
62.44813265  
137.5027761  
17.07671503  
