2404.959309  
2046.641192  
942.9820311  
173.234814  
681.8342183  
244.0454696  
1165.423128  
187.3725493  
1220.377003  
299.3625635  
336.10937  
26.35435542  
347.183614  
446.3601159  
3091.2514  
3427.238908  
1067.243409  
433.7449133  
107.3117597  
1658.164678  
1716.294803  
1885.320572  
279.7217268  
746.958452  
698.8911716  
142.2686666  
25.86756851  
1159.964564  
2235.350906  
329.7868771  
362.3822541  
811.5642972  
48.2738615  
50.34644283  
48.91926568  
60.21299659  
413.0096889  
599.9816524  
141.0382291  
229.7661643  
565.4062695  
211.7133165  
132.2149139  
183.4693986  
256.766539  
253.9019546  
465.7476918  
783.7251578  
651.8443756  
178.7849259  
560.1526811  
196.3124333  
635.8050694  
848.6410471  
4.619993589  
176.831574  
325.2173416  
163.8806005  
314.2606167  
510.5881197  
411.4551836  
347.7125181  
373.389088  
26.17914643  
2078.623206  
419.6944568  
278.1229676  
308.9304099  
531.3696011  
929.1327393  
29.55316195  
682.4779947  
661.6036544  
553.3681937  
298.6725298  
334.8159034  
540.4091957  
5.628963367  
175.9623375  
54.70390039  
312.2169391  
21.8240481  
378.6988196  
45.12602825  
98.12398361  
99.06074581  
110.0773595  
172.0165364  
155.1209315  
295.1215069  
518.9102074  
545.9640126  
9.669506038  
181.4315554  
264.3021218  
91.16210033  
3.584500604  
285.8759288  
8.015677714  
112.8380113  
421.5504128  
1031.521408  
125.4818622  
14.68600203  
63.29265396  
49.89997722  
390.6900098  
75.14767604  
549.893953  
5.810238326  
405.6150642  
212.1091254  
233.3254237  
35.53956572  
335.4474013  
1.135309842  
86.37352565  
310.3169162  
170.101944  
758.8349799  
377.7170749  
495.4514614  
840.6008308  
153.8064993  
58.86520759  
848.6825954  
1298.263323  
3058.419511  
1141.268252  
570.9207123  
651.4372953  
625.5954064  
129.0348963  
613.9329561  
187.1385968  
401.7368983  
71.77492879  
128.8731922  
109.4122765  
147.3536399  
106.2937587  
163.8345733  
51.13378826  
6.616067473  
28.1647611  
87.25228824  
308.1995077  
138.468769  
90.3266632  
170.509222  
332.337039  
195.6553214  
394.3804173  
658.9982404  
196.6884987  
210.5277672  
83.37315092  
118.0569738  
821.3654118  
88.65829933  
105.8162796  
1169.996728  
483.9931861  
341.3407526  
742.2257986  
45.24601991  
530.5394185  
325.6407399  
72.10038015  
91.59598321  
196.3459103  
236.0621493  
549.4818876  
519.9149672  
141.2646382  
77.86286267  
133.1560277  
58.58877439  
334.3779669  
486.9920722  
861.4570742  
141.3100919  
63.14613779  
83.96333976  
238.9210513  
692.4060449  
76.65303648  
36.64040889  
129.6101417  
24.86102707  
154.422583  
600.4910833  
174.0061046  
109.3564257  
3.7350264  
221.8527122  
35.96473071  
91.9602147  
870.0466677  
29.05381544  
41.95728445  
256.3840197  
362.2930536  
403.1397357  
365.5297694  
335.79757  
23.99769435  
585.5976271  
389.1038694  
83.90987428  
