135.4626227  
458.410442  
66.4694969  
1091.299292  
1423.4423  
1424.983317  
857.0964795  
1551.581609  
127.9860695  
1305.347965  
429.8704141  
345.2832426  
1920.441306  
102.3454824  
608.0910385  
1123.035295  
1867.239314  
2292.56904  
53.10918769  
213.9808808  
72.73634834  
2225.131643  
1978.145053  
173.4199407  
1151.347107  
1324.788222  
1100.391678  
2416.211628  
1343.393551  
1088.359432  
3588.532267  
761.2763318  
2347.998414  
257.364436  
2518.231547  
2053.413068  
340.6880806  
1334.672592  
377.5763476  
488.1757947  
4572.397451  
464.9966834  
1338.324234  
1640.690006  
17.82696334  
212.1799149  
838.6808834  
286.2268212  
4598.07772  
909.1479962  
19.36887584  
1415.6951  
357.1747786  
401.3646342  
492.535753  
203.7212892  
494.6560203  
29.15299557  
1124.7977  
0.1866345101  
2352.07594  
2961.119662  
383.2211288  
656.9647811  
1542.702466  
666.2556495  
1344.620901  
754.0653588  
90.44740692  
62.33172794  
175.4341475  
377.1570077  
812.7842164  
479.5785059  
176.7392565  
126.84692  
295.1305194  
343.7123256  
91.65032964  
3.557505331  
110.6776905  
11.66419177  
166.6789256  
404.5600664  
170.5779598  
71.93050522  
346.5196052  
15.3674308  
149.0582693  
12.39176261  
35.10584077  
23.42703368  
565.095686  
74.18153394  
132.2595582  
314.0031715  
46.70618843  
151.6864333  
7.617727778  
7.321174906  
220.9101489  
160.9406215  
20.65701695  
33.80237496  
1.752488587  
3.592777742  
36.08002398  
218.1500085  
27.37428211  
13.85458472  
47.1938449  
106.9626861  
163.0148609  
151.911782  
45.98808466  
75.57924408  
3.189502583  
4.955669787  
89.51366892  
2.009640452  
18.14598794  
129.0691087  
5.344681977  
6.693962335  
10.67043995  
132.8996146  
289.5325056  
135.7046834  
47.45015856  
27.32778868  
107.3351974  
32.80153506  
56.79211295  
139.7508739  
71.14979111  
61.5483155  
4.419559466  
35.18794083  
18.87302496  
3.567329253  
106.8855101  
31.35745369  
37.53823825  
16.74224925  
17.51460789  
2.71269806  
40.20020575  
30.59209372  
55.2064127  
272.8909649  
49.52919649  
4.794818052  
10.68343552  
143.1943973  
63.12345873  
22.74323973  
38.86446731  
21.80814478  
92.31959342  
25.4297766  
63.42158064  
27.45594665  
150.3290316  
58.73678289  
115.664028  
195.1579027  
62.23763875  
120.6122234  
244.2374925  
7.781602493  
423.6145408  
65.41021332  
135.4554496  
9.471086399  
53.47940072  
82.43384482  
58.5147459  
73.57550145  
152.9202418  
5.179387897  
6.848068732  
3.008516807  
68.71828094  
19.04951553  
80.18545919  
80.92662004  
55.29337736  
177.7990008  
57.41114909  
14.65875832  
18.11553362  
119.0810236  
163.1943421  
2.980192493  
44.26791633  
25.36877954  
62.43579647  
38.98607516  
96.07076924  
32.00859419  
15.44768328  
59.54986393  
142.7162932  
17.01051319  
110.944745  
51.38616985  
58.26214791  
73.34739978  
25.39237674  
95.38052924  
