1708.449025  
1105.350975  
2013.122204  
471.3495479  
2499.573766  
264.9534015  
2255.792796  
593.494853  
165.9250453  
724.8717358  
659.3073509  
508.8805946  
71.46210561  
257.7114961  
2703.067019  
1298.332467  
442.2897567  
111.0010314  
71.8290763  
346.5643641  
147.6798688  
886.3873544  
927.3320347  
1459.54436  
347.9817808  
2.087479711  
190.2264201  
367.2590967  
690.7763557  
23.3853562  
561.0805195  
383.1667808  
226.2422229  
167.5962066  
623.3387651  
68.65207526  
786.5208344  
178.2025868  
178.1946309  
334.8910892  
258.6321759  
157.1170473  
195.5511573  
312.9705977  
144.6814917  
52.27746824  
425.2084516  
141.76209  
102.4232989  
81.27666805  
602.9716947  
256.2671972  
63.61029851  
345.2224629  
513.1915253  
879.5542742  
1960.515612  
541.1884713  
115.4606029  
3325.668755  
43.97512045  
113.1430477  
581.1239898  
1250.185954  
66.27775483  
58.65609463  
279.9958812  
786.0319343  
254.032284  
1219.612757  
93.81022412  
2152.121562  
775.57088  
27.17561219  
18.97265707  
105.2394683  
283.6077231  
924.5239677  
195.2055532  
260.1121607  
1553.130316  
306.1216591  
77.85286098  
320.7492707  
216.9112744  
1.783138448  
176.9260221  
416.0122688  
233.8209722  
412.4717671  
18.52514305  
746.6022841  
48.44807283  
535.7490759  
114.8212686  
50.06241726  
256.4847017  
241.4563092  
56.42438612  
67.41341887  
600.0879646  
36.3492238  
112.2538656  
3.724007471  
54.44142094  
88.37336955  
253.4295251  
29.51449901  
61.47900562  
47.87452425  
185.125944  
208.9889436  
226.0175705  
310.1583826  
54.59178547  
11.16233214  
250.7955173  
145.3993741  
344.6422025  
383.7329936  
7.544865368  
825.3015853  
851.5004544  
70.38224149  
402.1027049  
2589.707094  
1621.688874  
242.3142266  
462.6396183  
2246.107919  
45.49854941  
806.1324004  
121.5091093  
1277.846884  
86.31856014  
2.329036682  
3.222027126  
324.9738433  
269.2670331  
471.5635038  
452.7155224  
244.7140506  
227.9760287  
196.0817989  
306.3727718  
4.310454178  
260.0791856  
187.1381531  
670.7904125  
580.8710527  
213.394214  
823.9643214  
229.768592  
7.201999468  
347.7764937  
787.6042482  
66.62087032  
82.94163706  
276.6003436  
60.49203073  
309.3879548  
533.9872894  
1244.448673  
79.54638426  
394.4960126  
247.5509873  
359.1025082  
214.7363656  
76.13543313  
298.1357486  
26.07106816  
97.23545147  
449.4787437  
47.56073751  
28.89727932  
111.8810346  
842.5542858  
524.5173304  
42.17160557  
135.2947116  
794.0257868  
46.87286025  
847.6256024  
201.5594362  
131.1841364  
62.06206427  
243.2546688  
95.61251114  
262.1594728  
30.31719728  
235.9013944  
471.8113524  
50.79304003  
833.7691819  
112.1210493  
277.3938542  
38.59787958  
301.7028194  
156.0811395  
232.1485318  
443.0170614  
3.161249791  
172.6603682  
139.6813956  
191.0629909  
36.77370578  
274.5903663  
343.1775416  
77.72599424  
31.78311297  
