1064.438555  
1140.293941  
1658.882275  
186.4341502  
36.02266531  
202.1157627  
2321.365136  
270.4323532  
475.6644456  
563.593251  
419.5091422  
315.5549382  
15164.85319  
162.127383  
2246.844088  
289.3015218  
636.760541  
810.9259848  
229.8620506  
8.030897261  
5544.192631  
285.0756631  
149.6235764  
1409.674659  
31.93809369  
409.3364415  
1167.168761  
515.3032102  
172.6672238  
431.3856262  
746.068156  
443.0307802  
755.8632354  
811.427703  
803.86988  
1662.012722  
323.846345  
9.947049422  
1090.073009  
135.2272963  
32.06221411  
1783.329171  
450.5521807  
187.2695412  
359.66715  
0.7107490831  
25.06197626  
215.6954471  
157.3093704  
219.4804806  
184.9752903  
1.701726583  
611.0487857  
29.9395709  
235.3874545  
721.1666618  
721.2258592  
1723.406086  
58.72581697  
603.9652166  
514.7964395  
517.1340698  
1379.891651  
580.9597906  
1407.267086  
2474.497002  
2098.568132  
978.5549155  
1908.851409  
1086.11275  
3673.474555  
2084.250128  
413.465652  
337.4351679  
550.3793158  
105.5439747  
205.1014413  
4.055709883  
237.6124048  
5.330161585  
172.6243581  
326.4532119  
222.9588198  
124.8098057  
37.183719  
233.8412038  
282.1530416  
32.98373049  
99.88296099  
99.06183432  
121.4733032  
173.9359577  
95.344953  
284.7355228  
73.52598655  
32.71212587  
204.6133743  
17.57239969  
70.58105928  
27.7966199  
180.2773356  
25.99345179  
52.27090123  
6.231168506  
95.05783955  
98.84537425  
15.95786566  
153.304236  
83.84145366  
35.32637353  
92.19621522  
14.99772799  
132.0837155  
16.18536161  
55.13425507  
68.68553545  
77.88383675  
50.30240759  
93.76510104  
36.67578612  
26.88855787  
21.94519427  
1.258776856  
90.47515803  
169.5946577  
114.0194506  
178.8783163  
387.4930854  
26.39567907  
131.2418517  
6.247034854  
65.75871443  
9.779305788  
136.7014265  
31.92907147  
3.835377605  
54.04003295  
26.55031774  
85.94117231  
248.2458148  
16.30035629  
17.76538265  
104.607912  
121.3350635  
46.78969699  
187.7708158  
257.2647381  
86.78537146  
47.24009501  
54.28128158  
87.80064989  
28.36039832  
194.9915742  
177.7868181  
259.4540328  
5.751703021  
375.8113329  
135.217075  
104.9114802  
366.5262495  
50.43085945  
13.43177333  
305.3834915  
37.46418036  
448.1773533  
19.00194077  
275.718645  
104.5815482  
61.36138789  
9.528943294  
382.3548647  
117.6953818  
82.26343281  
222.4158638  
276.7048467  
189.5800413  
38.3738516  
193.0866936  
15.3476835  
121.4229759  
31.74459687  
132.228462  
11.36980241  
95.3921374  
97.45071366  
136.4758557  
144.1390192  
38.84704975  
162.3282649  
52.85216346  
164.2945839  
159.4725824  
201.596928  
22.8975403  
26.83503101  
72.56961597  
3.001067279  
54.34085871  
17.96471619  
117.8943011  
12.91749586  
270.5299914  
115.9676728  
59.67385849  
91.59700483  
30.7772379  
1.883473343  
86.24359943  
11.28229275  
2.337066216  
