10.49599943  
20.26316541  
216.7357025  
47.78369129  
41.15857345  
54.05680997  
154.9069719  
53.2661914  
108.1321337  
3.31859473  
18.94909033  
84.9932184  
58.72835082  
10.80082816  
79.44437698  
128.6101763  
26.32096275  
16.31864212  
48.60274435  
21.80256412  
105.3918089  
111.2912294  
41.67056941  
118.0043682  
88.89920907  
93.33270729  
0.004964484504  
0.9612077792  
47.35032181  
64.60289453  
1.96899113  
193.2498195  
23.32304651  
18.69708501  
13.34821909  
20.40729205  
25.52483182  
72.7432582  
53.61494164  
47.87329701  
54.34255819  
23.70828087  
29.09306993  
23.57803465  
345.628798  
24.38753031  
13.4566306  
75.6783563  
158.7838794  
243.951683  
137.7407789  
106.783194  
107.2231065  
87.52490997  
56.16866546  
295.9745072  
73.39839106  
172.537027  
65.6596933  
321.1183988  
400.2129405  
821.4113482  
375.7751081  
201.6628256  
564.1114355  
114.1700095  
370.410953  
253.4684451  
837.5822987  
596.1926969  
308.7117729  
83.85809156  
339.7021812  
2175.372865  
760.9117466  
434.9632849  
427.1822371  
101.9740375  
942.7009243  
1519.728032  
1087.442971  
1355.892579  
155.009656  
329.9612429  
1468.041601  
870.0101591  
817.3975994  
83.19038055  
1182.231056  
331.2064921  
892.8950302  
419.4795257  
158.0681201  
66.31934955  
89.00068008  
108.3000247  
440.2257138  
73.27832818  
70.74833423  
298.0613934  
15.29941726  
197.5614036  
87.76605051  
148.4882099  
69.61347834  
191.7084904  
193.1008932  
95.58916051  
715.5430829  
111.297753  
30.9978626  
10.64491718  
271.8363593  
25.9270075  
2.030124994  
35.96297067  
201.3448871  
347.8853416  
383.2504427  
97.18284273  
259.2742594  
97.71575866  
121.0503861  
34.6075085  
231.2320403  
114.9035975  
179.4067869  
522.4529717  
22.19433468  
476.5314226  
157.9531881  
205.1643433  
107.4901698  
27.53427838  
240.2692445  
67.41954144  
39.33676962  
73.57954709  
230.1100051  
91.96401931  
260.1655922  
122.2944139  
70.46714935  
215.6721072  
7.221496846  
178.7583335  
245.9557622  
218.3407291  
384.0569723  
355.2167277  
133.8301143  
429.3751448  
55.26065797  
147.5721278  
750.2901936  
27.01087966  
87.55627698  
64.38975596  
104.1947049  
37.88497193  
782.2082669  
306.6554503  
2992.255685  
416.1055525  
3501.976935  
2591.054377  
211.0298067  
2842.874932  
6559.715027  
2806.516631  
8787.264307  
683.4088534  
131.3050312  
2440.385804  
6435.587985  
1157.423516  
651.6690318  
498.0469873  
49.71445482  
1819.118438  
860.9107662  
762.2258872  
442.4463382  
659.8722955  
196.4535329  
28.62335951  
326.3157139  
89.64139254  
293.9460639  
22.0055773  
27.83916788  
58.03050486  
262.2478078  
1.73885552  
53.71963171  
11.64583169  
105.7683004  
149.9050977  
11.14070312  
338.0710646  
41.92226261  
41.77452107  
124.5725344  
32.86983516  
112.0603046  
33.2714456  
2.689188972  
81.23603134  
29.37278308  
8.162664216  
