654.4441665  
474.1168784  
606.544578  
6677.461419  
1794.655179  
1606.179665  
1569.740899  
884.4794222  
566.0199794  
7054.1518  
2896.915172  
1278.450709  
4715.946529  
103.7198244  
3794.110586  
7441.224973  
3449.37888  
997.6069546  
230.1902076  
140.6071955  
2629.958612  
848.7877586  
1397.256404  
702.9238965  
448.2349184  
1302.900295  
55.29763142  
138.1025779  
171.1502508  
255.3525923  
1100.100364  
668.3968711  
820.2436533  
587.4787672  
743.7054809  
138.5208678  
172.8483238  
653.918064  
49.7839262  
129.7454704  
185.425228  
1473.368112  
658.4438354  
558.9443385  
399.7947963  
47.46872936  
5.174717444  
16.62875738  
412.4016733  
743.0801299  
138.6924139  
898.4098513  
720.9557405  
19.06571794  
426.4384918  
197.6063564  
465.7967855  
46.05165745  
1205.346103  
144.2751926  
332.7446552  
143.6962341  
147.0445159  
311.3265047  
598.708228  
531.5251532  
210.0370084  
949.2137006  
433.6307066  
242.7877446  
58.31172621  
1132.302388  
1143.148587  
104.4808433  
564.1972816  
84.24234151  
318.1486313  
371.9597933  
155.5712157  
159.0780398  
452.5695653  
457.2247064  
137.0066941  
468.1008227  
98.59381759  
752.8910621  
53.13439257  
36.27695839  
52.52151782  
8.159652229  
126.5427667  
166.5509506  
337.459892  
113.9759899  
138.5344655  
83.29141415  
14.1476017  
121.5961826  
24.13751681  
43.17653472  
89.07163408  
58.88079791  
28.33294899  
20.34626457  
222.2527406  
59.05304237  
76.3026132  
244.0845202  
123.7093584  
312.0025243  
6.994605806  
2.139618931  
18.1797087  
175.2532016  
29.09253086  
21.68415941  
48.89436281  
51.05609459  
59.75248013  
119.0708425  
65.52596075  
37.30980101  
88.32073609  
111.1115297  
3.661377141  
138.9554156  
76.85952677  
97.1224682  
385.7869661  
64.98760628  
26.40908047  
39.02168031  
122.330929  
5.404780319  
10.20628687  
47.84415739  
27.57825525  
73.89486412  
34.65119771  
39.94611073  
56.02612573  
32.95905882  
106.1401357  
4.134506415  
105.4892928  
4.534272633  
36.30475899  
54.12449615  
23.80557742  
29.75008742  
299.7070383  
30.07209736  
41.57020155  
94.66973296  
0.1783943385  
58.56337886  
17.90412667  
20.48473526  
119.7387942  
8.116343715  
224.4788298  
18.22321505  
35.51823614  
19.15113933  
26.56833969  
11.6929498  
149.8647927  
134.1184876  
27.28725706  
105.5880639  
128.2180045  
22.29003378  
333.3166901  
90.70195627  
3.644540693  
13.81605395  
66.27977491  
34.72725998  
36.7745827  
80.00556864  
44.71246452  
107.9483275  
15.84275395  
56.39741102  
76.00508933  
45.0524759  
130.8138324  
78.14132892  
4.782784446  
53.17105466  
61.45331266  
133.6607073  
11.75015752  
87.07003178  
33.18435865  
59.22638749  
9.667381437  
5.104251194  
78.47122917  
5.339733557  
4.154881623  
76.86371723  
167.9886832  
54.56670457  
21.79020671  
137.2859671  
24.25414472  
26.04314246  
16.88043008  
1.374324821  
