2668.386474  
570.7676823  
820.724117  
2490.363902  
97.19944034  
2287.196644  
1219.34147  
368.4673536  
1265.9716  
5313.97062  
128.1638847  
578.0746971  
2412.556227  
4394.334963  
3112.738047  
39.60533424  
192.7094361  
473.3952406  
44.82147731  
1097.21534  
3522.412433  
518.6326477  
306.0445281  
339.3928608  
838.692266  
47.47677594  
189.6548931  
101.1643966  
267.5077401  
562.5583726  
284.0747274  
12.03723383  
363.1434493  
345.1835358  
639.6429797  
156.6320748  
141.7354693  
492.9795726  
423.2116714  
1050.856405  
156.233847  
1547.543173  
169.5092604  
7.651244524  
99.31850758  
322.8868227  
332.7830433  
1282.648362  
788.522275  
264.0657153  
239.2229034  
611.9674752  
9.149034954  
160.7112086  
1673.332057  
500.5300851  
165.911589  
478.7110614  
861.7335543  
2626.969736  
142.8564252  
70.89873998  
1953.476324  
807.262969  
690.3119881  
408.9912553  
594.8698227  
704.7948665  
784.9107013  
1121.474709  
1992.117041  
621.4771185  
1420.584572  
2173.125811  
384.6973659  
152.8566398  
1696.928994  
474.3116718  
445.2926464  
95.22339327  
39.80614613  
252.4516278  
562.5132345  
537.5745251  
329.3121806  
141.8677754  
119.6355737  
514.8391761  
373.4703144  
1.688985989  
96.69536845  
21.06490096  
144.7714875  
27.64292154  
44.45305735  
6.659748754  
312.3464571  
27.84780498  
72.24517874  
28.62207631  
110.9176574  
54.10041045  
84.90869379  
72.13213612  
381.9327133  
33.87942506  
361.5892671  
58.87348937  
78.32422549  
115.4541692  
124.5013341  
39.27556863  
58.96972688  
247.221359  
168.171488  
147.4559157  
108.1083622  
198.4961878  
87.55027909  
238.1497773  
31.41418329  
108.6156035  
312.908471  
161.9298217  
35.14975872  
98.87620708  
288.6719101  
315.058479  
484.2263276  
1010.029969  
447.8811971  
439.8929503  
65.9481831  
123.3117005  
5.840749236  
51.65460956  
29.08281376  
23.30975827  
41.38162486  
186.9452514  
81.61419886  
650.9702118  
31.79695565  
388.6912732  
80.97434231  
65.20319218  
194.2654194  
189.2762474  
226.1815418  
52.29928181  
7.437664955  
86.9436407  
265.5039724  
104.7145416  
39.54816472  
64.56482791  
11.47250166  
14.98555698  
74.45096198  
139.9624236  
64.66643102  
15.55436204  
59.85582745  
199.9300573  
168.250502  
273.4029983  
183.0905436  
318.9797565  
16.50251036  
445.0804826  
257.3143513  
122.0487118  
11.72979053  
16.33981391  
225.0737408  
17.56300566  
47.31154596  
70.07398123  
130.3038029  
150.2710674  
38.32128164  
187.0254955  
15.36366314  
89.31888075  
78.01104912  
197.4304488  
105.9114044  
93.13724636  
331.7700492  
363.8470796  
4.066688532  
109.9010152  
208.1678991  
29.02465915  
33.88711183  
149.2516351  
40.87602353  
84.00770023  
28.18570786  
3.33460721  
7.647619009  
85.26154663  
22.28925017  
19.37006275  
21.52776307  
94.48731042  
57.55538404  
6.456955301  
15.02805247  
5.56783141  
