379.0387266  
199.8051646  
3730.805297  
580.3573651  
3489.090918  
201.1663008  
1265.961732  
259.0397809  
3710.33303  
901.5448969  
2455.677854  
461.7816242  
1208.753771  
381.9704984  
913.0272724  
29.32667482  
73.5829875  
200.1493924  
2163.824251  
2917.223502  
451.9414262  
308.4763233  
1106.28209  
544.7364877  
246.6549408  
236.3608149  
907.4074615  
414.2052538  
87.43897702  
575.2749408  
93.20192054  
133.3804751  
227.6892168  
186.4663618  
208.9946613  
598.483432  
43.3897687  
1081.124607  
396.9206001  
2063.5271  
1257.231655  
353.3696042  
564.6158463  
2670.005299  
929.345803  
266.7833023  
2.55675394  
25.918696  
533.7078674  
709.518615  
385.5686343  
1205.596402  
479.3829455  
579.6147701  
177.0710858  
3270.125943  
500.9236823  
682.7147414  
595.8976064  
489.6584313  
285.982886  
1044.637126  
416.6537654  
295.9830604  
1631.147669  
577.1430875  
1607.613221  
49.62350737  
29.35117084  
3406.90818  
740.3434515  
1158.830209  
2404.46487  
174.4828529  
246.2359566  
30.66059363  
168.3550615  
96.53911225  
75.03890123  
123.3945689  
124.5941384  
25.73585103  
588.8858435  
22.54943333  
221.8845621  
83.30598714  
169.9764084  
89.99335516  
28.4596727  
104.5971066  
574.0110884  
106.7696995  
53.23784837  
100.8980406  
79.0978298  
85.86992203  
363.2054548  
142.874784  
143.7107829  
114.462076  
176.4311822  
40.73181441  
56.22710353  
116.8976687  
85.16109783  
387.8368092  
9.337999213  
64.22044376  
143.8725974  
86.40457777  
269.695785  
170.3102034  
80.25169529  
114.8366373  
71.83211889  
383.1659706  
194.6541499  
422.6706933  
253.5015372  
126.1390632  
9.373154208  
694.2865275  
371.7146205  
160.0996625  
241.4387369  
764.5798741  
182.892457  
1197.436719  
5.373822583  
209.4179897  
26.0469053  
547.2727908  
100.1704292  
63.983283  
321.6202019  
262.0413152  
34.54420059  
110.7813726  
16.88049074  
57.35376876  
199.4735697  
242.2430942  
53.26796232  
313.9748773  
197.8932634  
72.21202211  
13.65077686  
289.5705047  
18.93306508  
44.3807335  
73.74340912  
91.0006074  
49.98634919  
147.01049  
318.2659903  
89.66892354  
58.07865945  
13.29795906  
55.91058693  
83.44120486  
525.2141091  
320.4580827  
588.8075147  
140.9786721  
18.09129903  
23.09134684  
148.3197768  
24.76357656  
290.1155519  
146.8017587  
144.4046071  
43.61028069  
64.05724838  
70.83457831  
529.666003  
261.0546612  
52.57854623  
8.68468621  
83.24984196  
109.8156193  
275.4350367  
52.73318531  
459.1903861  
73.25914786  
236.6378055  
27.61297291  
52.62314368  
177.536157  
135.9277676  
166.0282983  
262.0943054  
327.1534671  
20.84637784  
207.0467647  
30.49194736  
326.6349407  
49.48655861  
21.0135328  
132.5753434  
194.6490575  
31.23559883  
46.43666223  
25.32549338  
14.09642865  
112.1336539  
94.2896002  
280.4554813  
18.21530015  
583.1997987  
4.023574965  
