1553.026709  
384.119563  
2091.977787  
326.4654171  
774.6650667  
2781.942431  
14.23863792  
6493.990885  
2131.90385  
4395.704771  
182.1802127  
858.9162038  
468.6645796  
1962.415839  
3563.999508  
1566.663214  
1082.166874  
609.2640538  
2858.254086  
187.0879537  
418.3341156  
1205.228757  
1707.161684  
779.9086665  
156.831656  
2294.230836  
103.5569973  
283.2059506  
711.9782021  
1618.744428  
69.80846583  
500.2370318  
287.3499071  
37.59746752  
715.4001627  
1969.058919  
2486.242005  
474.9654523  
85.35028551  
1402.560489  
411.5240544  
432.6879188  
138.2722672  
104.0582466  
172.7434686  
825.259469  
401.3666476  
425.2214747  
1179.920526  
220.2284601  
134.7433934  
343.433346  
113.064155  
573.8352436  
317.5152578  
327.5055897  
997.2837054  
162.8185024  
572.5302408  
982.8519557  
2834.382784  
305.2189071  
385.1317674  
1028.933731  
143.5646884  
2049.423291  
459.6080735  
343.6471532  
384.6240338  
2300.557884  
592.6612336  
905.6912654  
449.326207  
574.6467365  
226.6243588  
62.72040689  
1230.43402  
228.9600566  
154.4125739  
253.3752607  
673.2561012  
166.3531421  
15.75998164  
374.2164016  
417.7183049  
63.4265877  
413.623646  
8.862272771  
260.8077719  
304.5944697  
275.1134808  
58.9048832  
10.60174218  
10.57550917  
39.15974951  
37.27644699  
82.88010178  
9.300458995  
220.0365783  
53.17736244  
225.9897886  
191.3355118  
22.03325016  
66.17542882  
57.40872465  
19.64557758  
108.389996  
76.42436929  
43.12986056  
30.78458459  
225.5153095  
169.9069073  
81.2568217  
3.336235092  
77.5755786  
27.10184384  
88.36386956  
10.27804521  
159.7113338  
152.4110202  
82.37301725  
79.93399657  
22.63773247  
24.43800544  
9.451857017  
167.6941264  
160.3229873  
717.1686006  
40.55898321  
27.34198542  
115.3624699  
0.186788171  
182.5803776  
134.4616711  
61.25076956  
68.62743664  
33.63938357  
82.51689549  
21.16897172  
3.924714592  
68.51418563  
47.57877231  
20.8412055  
4.037406888  
14.008418  
24.45787059  
4.048924751  
92.78635631  
20.89013999  
90.10769729  
103.9498355  
56.37570822  
63.01394479  
1.024653698  
29.35366703  
119.077066  
17.55311201  
158.389913  
205.3721824  
15.38552457  
49.15786122  
257.6892107  
25.32272998  
32.07162945  
0.7687838578  
182.9836097  
1.969128004  
202.8598177  
124.5672892  
40.2530028  
17.46062956  
73.61276402  
339.3487711  
117.402726  
175.9249521  
18.27802578  
43.0366531  
0.4332560898  
106.1645252  
9.759157022  
100.0455339  
135.0560866  
183.4983418  
56.92614454  
0.497511329  
67.16145073  
15.52038361  
23.82465905  
3.186793575  
27.08080944  
151.8913883  
76.71346669  
27.63721378  
124.0406793  
58.63103582  
98.07636682  
30.98958179  
12.02627632  
40.76941398  
100.4865419  
65.02919464  
72.79886315  
130.5044907  
19.32689692  
109.0819294  
54.32490929  
25.93869119  
268.264286  
212.7302894  
15.68473545  
