3997.450978  
4317.770168  
4764.327944  
1549.000105  
79.98761789  
341.2921453  
783.6403905  
242.5257083  
183.7232498  
240.161768  
112.5574195  
795.3579875  
197.1918047  
112.0769035  
70.97024845  
1450.355029  
575.6958188  
12.60723134  
383.8171071  
28.33497851  
525.5738216  
229.5809909  
391.0239049  
82.10217454  
562.1093928  
267.8867493  
501.1570163  
1069.241826  
87.14583844  
843.5556477  
287.8412359  
74.93595813  
334.6257179  
62.40446429  
595.5782533  
421.8495926  
33.52607797  
120.4127338  
78.04507869  
288.7424858  
93.83154047  
40.61286895  
342.6919724  
6.642839931  
153.951369  
1374.145471  
44.57582835  
101.6916392  
29.28828857  
162.4360454  
267.1543573  
23.12905339  
705.4379126  
97.41233372  
68.35238474  
152.0743828  
653.6119349  
132.1570213  
300.8196911  
822.7681136  
18.36333998  
137.3332852  
330.9409262  
654.1142201  
699.4329603  
141.5862321  
131.5585433  
1877.385425  
473.0739592  
634.9927631  
501.8167289  
285.0427524  
12.15299682  
521.3041252  
432.0123136  
74.76275597  
137.2206608  
34.98782863  
116.0682049  
535.4869784  
131.0724101  
176.2064051  
1542.641329  
225.2431644  
934.4799281  
161.8941331  
117.6197879  
352.0490612  
91.49069504  
107.5370799  
169.0461284  
40.80523024  
459.6036466  
555.9648548  
13.84943741  
179.6543914  
302.2378328  
18.92522934  
224.0723516  
342.5445059  
682.625312  
196.6773695  
77.41029463  
154.4808275  
153.2300204  
131.3131807  
404.1055743  
38.9982258  
13.76722127  
112.1490549  
34.09852853  
25.27378714  
170.6297498  
725.7890489  
83.06784473  
1010.864277  
391.097745  
830.0039641  
234.3486109  
45.34981504  
992.5145135  
42.18027819  
67.15218955  
818.0179886  
925.3577377  
763.1358355  
9.154390207  
1337.182773  
621.0250201  
1142.112406  
1421.563293  
1508.023329  
93.83018599  
10.23662669  
873.2566216  
129.036746  
379.2908038  
627.6576649  
41.57912804  
456.81189  
314.9967738  
444.6503552  
48.37385242  
830.9041611  
159.7042172  
522.194246  
434.3325381  
262.3811426  
160.2065009  
276.7482714  
265.9034628  
190.9429033  
283.5420604  
85.73991477  
257.3062511  
366.9757786  
671.9032792  
925.6602342  
284.9820319  
41.9956766  
182.0922868  
117.4807285  
155.1861184  
371.3795875  
393.527416  
257.100522  
140.0669303  
688.818077  
2130.19761  
189.9339892  
727.239536  
116.7980017  
219.4210088  
838.5547081  
77.53087055  
143.771585  
517.5056719  
182.328574  
194.0157673  
1153.513889  
18.14555522  
976.5511219  
186.4559307  
121.8429023  
950.2734323  
51.84255163  
62.4994674  
53.29125437  
474.6293247  
712.4640256  
66.28298529  
747.4376017  
8.466392609  
106.3786  
514.4043672  
435.935482  
797.0254507  
392.1558197  
129.1250283  
119.1304086  
8.421676984  
20.53591534  
95.44527132  
152.9142418  
59.71858047  
321.2199003  
84.52790394  
218.4835359  
106.8853856  
63.32053526  
