701.0815156  
362.9450252  
421.0185528  
339.3842222  
345.2022754  
195.5766304  
1023.702137  
160.4701398  
42.85845726  
792.3766664  
624.9894026  
124.62266  
12.964212  
78.39205184  
1051.216778  
18.93209807  
220.7282767  
741.5222343  
648.2081719  
708.797622  
137.1263238  
534.0230631  
147.6490605  
1125.785524  
476.8089189  
288.3038535  
137.629357  
132.9695575  
266.5415135  
101.0750689  
702.8601167  
1027.733452  
235.2013327  
13.24444705  
403.9250651  
178.6119394  
91.86538869  
755.7977935  
1186.79516  
1004.211059  
509.6877838  
540.2031857  
120.5900561  
1564.495018  
62.73805321  
360.3642981  
209.626165  
446.9803909  
13.79805477  
29.97343666  
331.5571101  
78.2908931  
858.1272339  
204.1974263  
1116.898821  
1250.105511  
703.9820197  
212.4642166  
147.6534517  
696.5465146  
715.9233527  
189.2509321  
3672.273627  
1173.139876  
1525.760767  
442.2904009  
2087.863311  
551.8952434  
616.6733131  
1483.793117  
1293.753787  
464.1985831  
1969.877421  
879.3465764  
794.2112622  
609.2798209  
741.4007275  
45.16462489  
316.7766023  
273.7981552  
269.1051208  
668.5830076  
94.7364963  
119.4121275  
107.6852986  
24.05005219  
121.4534927  
155.2234583  
173.90277  
432.4579146  
600.1178864  
1.198700184  
323.5165512  
678.060974  
18.53656511  
129.4834304  
97.50916132  
454.0278802  
96.53246149  
194.323139  
154.511501  
50.28365246  
91.70138868  
65.1828802  
45.071324  
327.9069914  
301.9252352  
10.47312574  
336.8967158  
14.98626233  
170.0469647  
21.65935825  
58.70322052  
91.11008028  
587.6377237  
769.2819042  
704.4939691  
384.4274705  
195.1373289  
272.5158681  
120.7180029  
262.3794205  
188.7407713  
124.98975  
1256.14569  
1771.131969  
626.7417191  
2402.48078  
416.4699505  
3539.877996  
90.46996512  
1021.745246  
658.1796246  
243.280686  
33.46729366  
58.66183323  
66.60251604  
21.40205318  
173.1900073  
45.23972439  
766.4571727  
388.3310936  
84.27913871  
31.12461353  
612.2545983  
5.264155429  
128.0157523  
394.5768356  
191.4313014  
388.0078763  
119.308806  
390.1000629  
152.5121848  
33.68475156  
163.2941288  
498.7979515  
89.49052938  
510.1834426  
577.0500239  
586.2243477  
615.733515  
541.0459432  
58.23563051  
39.13109057  
447.2899963  
290.2026704  
59.40427731  
73.61158264  
159.3705675  
911.910792  
482.8961009  
1019.319348  
15.49168556  
271.1095413  
77.67851282  
79.61457707  
118.266588  
273.7061343  
44.88441075  
61.55013076  
20.98610428  
672.914885  
627.920031  
49.94571415  
394.0064327  
312.054998  
386.2147637  
134.1479448  
627.6837835  
28.5074348  
31.64349538  
463.6044249  
469.0210248  
104.1510946  
544.7604087  
99.4252796  
85.34360348  
97.67111228  
89.8510165  
13.25521396  
171.5649731  
12.3551536  
242.2079839  
172.7939888  
627.0530913  
40.68205123  
92.38131923  
54.32339858  
97.01291106  
143.5835705  
