429.9543044  
633.0890081  
0.4312694665  
168.0522653  
81.39996233  
275.2604169  
1445.845283  
2285.767087  
232.1161671  
822.0653882  
1049.356966  
121.0745084  
429.8595426  
607.7630715  
128.5485468  
176.3635915  
153.120036  
316.9707555  
546.302012  
81.46338224  
186.7400253  
421.3011244  
786.0573631  
107.1331062  
7.708228862  
128.6872914  
28.23188917  
461.4589236  
28.21236933  
248.9161029  
422.3791183  
170.9759267  
39.3297267  
195.362662  
327.1264493  
179.0160147  
578.1652283  
88.56383461  
300.9698381  
344.7697625  
138.5182903  
68.5555736  
224.3812814  
115.5824308  
62.77100571  
175.1452574  
113.5858459  
283.6204779  
25.94398447  
410.1763475  
180.2625483  
751.4489331  
118.3839646  
79.92382331  
368.3993812  
72.20027941  
61.06292992  
435.704105  
631.2515852  
1819.617352  
309.3066595  
256.1789188  
2587.382418  
913.0894795  
609.7031855  
2368.84868  
6084.619109  
9547.054458  
1135.44874  
17318.24072  
2520.369803  
3956.872334  
2612.960951  
474.5358814  
189.0997126  
1537.108426  
110.7638437  
7.032460271  
83.81293557  
27.46194163  
137.560885  
40.17090819  
45.66020002  
332.8446465  
189.5092049  
99.97553492  
9.335151311  
180.0345877  
151.1779159  
36.02010949  
27.43464299  
37.83100394  
151.689931  
158.9541568  
69.7910538  
1.820843464  
27.74058654  
54.01569358  
178.2529753  
118.3816736  
197.7737482  
29.65218795  
51.98636791  
16.1317672  
39.32402681  
46.85219379  
170.8759016  
18.50646121  
75.03125633  
149.025308  
99.75809454  
13.24484482  
100.1866986  
306.7614911  
0.1784147481  
12.5457691  
230.4251171  
98.67609772  
74.8324801  
67.86284643  
11.394739  
46.59545171  
157.944988  
23.47747599  
269.0638704  
54.50119738  
28.57315345  
460.2018563  
94.57697393  
174.5421101  
133.5905679  
90.11376251  
157.9896415  
9.467953189  
107.0328431  
15.98140685  
52.64521039  
158.8356352  
474.9720357  
134.6271989  
65.72189158  
426.2208532  
15.68719306  
178.0438464  
29.94054661  
3.192383499  
48.04296768  
88.24100779  
72.05932391  
86.42189942  
90.58403544  
13.7420438  
51.38785087  
127.5743797  
71.53875875  
5.287719566  
113.2414589  
65.97012999  
15.87297493  
150.3981828  
190.3066189  
117.483638  
72.55109907  
10.83553292  
445.0379742  
24.69876501  
98.99838401  
557.3587738  
482.4443556  
470.9359556  
399.7960926  
23.60786988  
91.58724757  
15.08517324  
112.8415557  
42.89362357  
328.944268  
35.57635702  
132.7774232  
169.2725249  
65.3783599  
24.23157838  
54.66994522  
164.9515148  
14.73587558  
120.2016121  
146.9104321  
29.82925246  
8.326130003  
78.22237441  
47.40269901  
10.09255753  
162.4955339  
112.6935148  
55.35685639  
4.270915451  
119.581622  
37.88881408  
68.49973228  
75.38020015  
69.08375652  
106.0532723  
96.54279245  
15.61148566  
45.18827249  
82.2601023  
65.39079527  
88.01427873  
106.3561035  
91.76297534  
