747.0891054  
126.3106227  
813.9623793  
437.7861458  
1537.990977  
297.7264848  
74.59582584  
92.45824467  
131.9648531  
113.6922391  
109.161204  
621.7842522  
565.6926581  
1040.194901  
203.664965  
882.2919166  
2375.775914  
970.1824257  
83.03300173  
270.430284  
36.46610459  
658.5456731  
12.95375973  
214.7317927  
649.8865202  
869.2893966  
57.89224476  
2120.43419  
813.0907922  
80.25267765  
383.9125149  
107.6682294  
29.27543861  
887.6629707  
264.2125183  
167.0375272  
164.875409  
649.5137347  
774.1135045  
148.186877  
183.9880208  
333.9027586  
900.3579834  
406.5773402  
219.7003453  
1235.171704  
1955.365771  
422.4762549  
277.1250506  
158.6056723  
37.29873463  
42.09081103  
773.3703259  
13.81259031  
41.75714004  
218.4974601  
453.3007243  
41.14654805  
17.79515842  
179.709911  
1067.837697  
615.9027865  
1093.743947  
120.6063921  
762.184573  
140.8140468  
2241.304178  
1643.898722  
245.6961691  
557.3157075  
950.0775185  
324.157903  
388.3793875  
287.5335216  
329.1194823  
351.3351449  
294.8741483  
2076.475005  
231.5561426  
1166.747665  
303.2704296  
496.4920748  
429.4819626  
106.1951895  
319.2570198  
283.5398345  
65.37423303  
125.1839491  
428.8935443  
86.62884784  
216.67217  
97.0696978  
238.7560245  
210.9800839  
348.8370048  
1308.473498  
347.6387062  
599.6760017  
712.8173573  
199.548628  
290.4467126  
648.4507206  
77.50914705  
854.2291508  
52.59852984  
47.31966619  
436.1419162  
489.4880898  
67.94720834  
25.54082349  
457.0083467  
176.5698844  
263.9055785  
50.73701108  
28.73859013  
142.0931907  
962.2858384  
314.6367096  
73.6439022  
83.02736235  
268.3520851  
28.42833722  
538.8683159  
82.78562819  
98.58405507  
379.9542896  
102.2133216  
2628.009857  
403.430016  
221.1175125  
22.4723706  
194.4073239  
36.4348045  
150.5929399  
14.62084165  
332.9736772  
512.852205  
628.255779  
176.2164439  
59.75869937  
486.6446597  
61.39660839  
1047.556783  
320.7409233  
101.1376353  
361.3726739  
526.9588442  
264.7662184  
356.9072433  
113.8512333  
122.7465088  
438.0105528  
119.0937144  
30.44793418  
105.7084846  
638.3593019  
419.7011794  
616.1084481  
660.3458169  
58.16392994  
314.8599988  
70.0545749  
554.6207342  
405.7397725  
123.4297087  
259.3346384  
547.6261314  
592.6566232  
632.5064525  
366.3296122  
529.5568336  
87.34549791  
15.353377  
45.19101251  
2126.50889  
888.7353169  
262.2942555  
242.4207609  
670.4193509  
202.1106396  
1366.975136  
179.9771728  
266.5764413  
130.1681757  
153.3435817  
171.9254616  
71.19077931  
479.4557158  
457.8054748  
28.16730265  
398.9590615  
71.37520945  
18.02381238  
160.5359753  
61.73008636  
194.3684933  
473.0261407  
724.2988956  
642.0765747  
56.65945866  
38.44345711  
427.7090281  
1188.935707  
189.1621987  
314.1686277  
396.9516602  
403.797006  
303.8867585  
71.22950855  
54.26073148  
