1950.126936  
1193.817867  
405.1909407  
116.3089858  
1470.169775  
2271.171392  
1240.915215  
302.4087653  
807.7110679  
753.3313798  
518.1327235  
97.98006369  
10.40681399  
660.2110745  
966.3429013  
1688.094105  
76.24719265  
149.5588179  
409.5585054  
1119.271759  
455.1399294  
1090.253208  
222.3930835  
410.0794899  
491.4245798  
360.737492  
234.3518133  
335.0707199  
688.8566363  
468.1788303  
311.5900388  
219.6625923  
711.895081  
340.4086907  
1483.886672  
163.6655588  
72.28878283  
52.89921769  
697.8894459  
237.5715275  
1793.766843  
422.5267249  
426.1948328  
204.0430899  
1276.689802  
1412.550687  
61.65832252  
256.6746578  
119.3967487  
58.19575143  
977.7179692  
430.9108665  
80.68241064  
223.2600921  
316.302516  
1223.103507  
334.7829259  
895.0847417  
285.9374257  
1206.383384  
141.5245805  
242.7963639  
1020.250831  
2480.758547  
666.9460423  
757.6130778  
1166.490866  
1455.563669  
387.9907362  
355.6166601  
369.4574946  
785.6941912  
518.4359942  
337.0813701  
1035.25773  
740.3879917  
1296.923671  
1080.009325  
155.6845925  
1253.199493  
330.2470456  
607.5803389  
89.41567853  
205.7497661  
85.59618013  
24.41335196  
201.5775569  
63.53236402  
96.69945432  
126.6005034  
459.9428556  
518.8294674  
89.34899725  
89.18310775  
228.5995065  
396.8146843  
111.5844847  
172.7123563  
1004.054125  
9.62122583  
1655.531199  
221.7549745  
103.5602094  
291.5568869  
118.0954423  
26.15988801  
640.9631837  
217.4212322  
92.05325327  
226.981326  
165.8453968  
222.9419498  
424.1679653  
648.9545573  
56.1709909  
195.6342658  
178.4233968  
383.9222892  
182.1848696  
267.4479326  
380.1502667  
133.4904174  
386.7816913  
760.1702934  
9.715718596  
730.2141338  
466.8000771  
825.193678  
649.5286884  
553.6895641  
12.85406689  
694.1368384  
249.5524367  
228.5650539  
209.9991119  
198.6441009  
209.8317468  
167.3534241  
112.2939154  
8.433826664  
26.43076837  
136.9802232  
160.8566399  
369.3953031  
19.99098343  
121.3708317  
115.387731  
165.6485635  
85.46098288  
77.89623353  
836.858235  
35.55288897  
377.0594591  
156.5285962  
56.81596185  
198.6895834  
111.6420966  
518.7944192  
222.8355247  
632.1168202  
48.1835346  
509.0405841  
34.228792  
11.08534621  
135.8577185  
1121.536084  
354.0486309  
96.56056418  
86.5416077  
71.87692016  
824.6038504  
69.45495067  
162.7377933  
83.30430633  
170.4102224  
378.2167836  
350.2594028  
268.7960901  
267.9590797  
57.08074632  
45.761019  
71.2352695  
303.0297314  
295.6212547  
149.0575594  
3.772473776  
242.7146538  
129.7610107  
856.8962521  
22.06601713  
199.9334404  
93.05963697  
254.7971857  
16.86889592  
117.2370141  
404.6337722  
294.93346  
98.71478751  
486.039962  
386.7886045  
103.2477035  
87.76675353  
8.936564201  
286.7272977  
207.9457741  
746.138753  
126.7679887  
459.591339  
223.2275577  
21.22781427  
