18220.85366  
1994.478144  
3485.118661  
3946.677931  
4301.085232  
804.2388066  
626.6393737  
430.2455913  
556.5423769  
293.4925642  
1709.68456  
1085.863858  
639.5664464  
166.7748517  
1238.17113  
889.8759747  
93.88815211  
294.7677256  
54.1923135  
434.3108322  
300.6263667  
343.8267871  
911.1462345  
1177.555872  
1445.605288  
472.7958864  
20.29332574  
484.9443875  
375.8997909  
270.9161209  
14.0026422  
171.4441605  
332.4153957  
761.7677335  
255.422984  
40.79547789  
198.6953626  
396.2074005  
179.4723041  
11.63473338  
301.3484637  
25.08529313  
299.8455479  
668.2302955  
404.8061552  
42.31538734  
123.5561754  
12.9242655  
236.7534304  
77.2461355  
302.2936533  
71.50862042  
592.7821534  
107.3121401  
412.8887194  
246.5485081  
200.8641614  
313.8616158  
313.787904  
5.443758557  
132.0929565  
163.3139815  
121.2403311  
386.4553352  
157.8600408  
1364.837757  
291.8382574  
22.77153041  
1229.830108  
195.0309316  
386.772584  
413.2024395  
1138.892347  
1868.005289  
40.39515052  
393.9201209  
268.5264607  
389.4271022  
289.8822394  
776.3282379  
184.7883468  
464.1981843  
108.9458958  
14.49593846  
75.41932147  
129.6743353  
732.6120885  
193.5281617  
382.4467942  
493.5952785  
1128.544063  
417.16556  
438.0202278  
25.45791164  
194.1035896  
358.3674729  
373.2360973  
277.0191491  
120.2153176  
77.00217021  
248.4587261  
74.3029632  
84.46329334  
139.5590143  
40.08765018  
28.31387454  
315.3919718  
43.1535938  
11.6944241  
27.69642313  
8.252211466  
11.84176157  
113.4564018  
180.2957001  
143.3038024  
47.52603806  
87.31224077  
388.2798786  
134.3646022  
216.9809649  
139.3304337  
285.7623261  
229.3148905  
41.87253971  
8.438667339  
335.5740616  
7.996080359  
689.2574243  
53.38030064  
327.1420863  
296.5186905  
565.3479906  
161.1211774  
45.41910394  
105.3754609  
129.8288203  
67.10091562  
31.22633243  
35.05735645  
29.85332387  
21.63350755  
264.8700331  
52.0988122  
401.2973753  
18.44425542  
85.334666  
221.6856476  
195.9764736  
145.0849159  
33.59469214  
4.373889074  
273.6915052  
60.68961342  
90.24483002  
427.9224791  
321.2177223  
107.8421679  
81.61150274  
274.3827289  
108.6751972  
245.4948257  
117.9821836  
530.9133212  
65.17033084  
497.7908648  
220.9623971  
114.9609456  
594.8382196  
131.9807286  
3.984820335  
97.17024711  
167.5805672  
79.57122121  
453.6252378  
109.147536  
89.9429165  
210.194245  
45.95989137  
24.04893825  
20.23517848  
23.49958203  
37.00149998  
20.17689434  
18.49447382  
268.3875415  
109.8294802  
22.27093153  
110.2341499  
293.5877172  
84.16438918  
130.9911819  
70.51059052  
55.36387601  
23.42429386  
344.5149291  
349.0133989  
25.85149301  
66.99590064  
183.1236892  
81.53805678  
533.5046769  
241.4794522  
19.76020291  
491.8713583  
177.5184322  
156.8837354  
32.70913214  
301.9615259  
317.1710941  
90.97648658  
