67.86204333  
80.71706684  
48.36716585  
44.43052315  
25.59541973  
56.45268724  
17.07863411  
5.509828931  
203.3860827  
71.87620655  
163.3367195  
28.10917762  
13.79507033  
25.91067066  
44.21663778  
90.6049664  
7.319789947  
40.62054835  
176.449984  
0.6235370663  
5.697583066  
87.98288268  
4.345415212  
170.5122618  
41.96659588  
209.2647382  
17.20090701  
68.50347724  
16.07690373  
118.9589787  
14.2050483  
18.12189609  
5.604661397  
21.49150194  
7.120496081  
311.2332879  
4.086507186  
83.60436067  
125.3230938  
71.87476404  
235.0676155  
6.396414517  
19.13781099  
8.93967204  
82.106737  
5.90868278  
72.75778549  
55.31165465  
93.06857787  
151.0875341  
33.55805213  
31.33976354  
181.21222  
14.86120643  
26.96118771  
58.24039464  
231.8181193  
78.71662857  
95.83488596  
572.7553063  
392.2568877  
410.7975495  
230.136018  
92.26719829  
484.2640564  
406.9814497  
592.2319893  
175.3948925  
240.8233499  
794.3840726  
77.07104529  
5.278641915  
19.07968386  
2051.496639  
819.7765414  
234.3817603  
82.33604478  
291.3575264  
599.9226002  
731.0979508  
806.3292337  
692.0674997  
20.36187693  
52.59104915  
1614.716257  
531.3981906  
1023.021363  
45.50360682  
247.7134282  
467.1462563  
537.0748064  
22.64937197  
18.2472031  
233.5099996  
3.556103827  
697.1487708  
356.7602393  
196.787184  
234.8022242  
29.0489308  
766.4907525  
22.02685881  
83.42270113  
98.64111908  
216.2916664  
62.00456764  
28.16276941  
45.45260454  
13.93080626  
21.60037909  
99.73831694  
48.7106934  
70.51981053  
185.5648004  
128.5062974  
85.18904725  
174.4034519  
19.44704735  
126.7572043  
78.15219345  
154.7581488  
7.571457257  
85.30381886  
122.7851789  
25.21702658  
54.6141171  
0.2815839497  
298.5838475  
155.0139557  
131.3882168  
123.2753744  
158.5543665  
5.522091944  
202.2308981  
5.290677771  
100.9290602  
366.4903377  
221.4282551  
60.68839339  
18.69475136  
102.8011645  
246.5528692  
266.7385885  
754.2971792  
40.55392292  
126.9027749  
194.7447679  
17.11042967  
79.64002226  
997.7635811  
166.4140087  
505.9961759  
1760.408461  
111.7293868  
678.3091793  
251.2323427  
814.1741085  
76.74855892  
161.9642301  
1056.785642  
114.1556315  
628.8360913  
480.0004842  
65.43095991  
2848.854089  
3250.942127  
1388.067675  
3202.688535  
5196.223704  
2822.225268  
12005.14837  
258.1986863  
470.1841837  
2473.940198  
9107.610651  
514.573579  
81.69464893  
1925.082938  
511.1941156  
2140.193236  
292.0903625  
301.6013716  
228.0372837  
717.5101803  
12.14169015  
36.28648564  
260.6132544  
262.7375333  
105.7108325  
5.265277563  
94.7227559  
30.58508994  
206.9267296  
82.84707607  
108.2337996  
85.53912576  
243.3760389  
92.32563375  
71.21063339  
304.0324781  
52.50203863  
28.55946989  
5.258750675  
26.87105166  
29.21642957  
77.26048322  
69.77343341  
107.9721877  
248.3398333  
0.8352181058  
