501.3973336  
1227.623313  
418.770964  
152.0257614  
763.7007912  
23.82515612  
1159.237456  
601.8245399  
2949.43743  
2695.685931  
573.1386481  
123.1886712  
45.67103522  
427.8235167  
207.3723791  
1832.330998  
437.6476529  
831.83585  
118.7816179  
366.9312954  
175.1480704  
1015.275759  
438.3429243  
821.9509648  
72.92930905  
399.3426419  
125.7034513  
1288.269757  
1520.520991  
1182.696425  
415.3475511  
551.4674362  
1109.430995  
261.8725712  
842.4526121  
374.6355096  
1453.32394  
374.7045808  
408.4292325  
707.6549878  
549.9825364  
1498.148563  
120.5834602  
413.5772624  
822.7798023  
387.4178539  
1098.899582  
78.08713129  
380.4114151  
1925.689671  
80.350715  
527.5897183  
771.0399538  
220.8412887  
242.007468  
287.5160342  
175.4002369  
1495.610354  
977.9507819  
498.3014563  
95.96898007  
371.6693615  
92.09760839  
181.6356959  
1048.593855  
673.3300909  
923.4318108  
79.6565269  
29.97910634  
865.8090431  
41.56946001  
460.8357386  
76.62464787  
741.2933344  
12.99571401  
752.5544867  
784.3332318  
669.4523159  
259.9348503  
111.2816878  
742.5803079  
915.174017  
587.2527092  
8.888998082  
1.747578859  
349.390772  
206.7673363  
197.7990886  
103.1926247  
220.4379814  
128.3461438  
424.3850887  
136.9131734  
111.5837114  
1148.469902  
5.544466915  
26.28435061  
303.6658007  
124.1956003  
47.19195614  
157.1777903  
209.3631683  
47.6425654  
161.8490277  
37.2840928  
326.6197091  
19.11685205  
85.61969232  
319.3210822  
339.5427777  
264.4386362  
214.8897982  
26.685286  
238.6308568  
470.7931371  
375.1126335  
46.39756462  
34.38195827  
375.4517231  
106.5873727  
221.8986301  
229.1672891  
152.3291111  
106.6588746  
83.61090726  
283.0473922  
1480.047165  
1131.890043  
182.7061791  
813.1462097  
58.44088597  
1102.922605  
86.95370088  
131.4735404  
45.94512411  
56.97267969  
183.4195953  
259.5320111  
150.1294776  
26.64964679  
961.619127  
309.3371088  
485.1035076  
453.438833  
514.4143725  
391.6029952  
975.3504406  
591.3705855  
641.6113521  
133.3923006  
635.9048538  
255.3557529  
604.697678  
838.8752464  
560.5927449  
447.5165287  
225.1737914  
150.3592474  
99.89729195  
39.86322871  
134.7340279  
3.901098409  
298.4211885  
908.5733105  
24.15328491  
233.8474358  
89.34898633  
778.7450874  
154.4715193  
1040.424019  
419.2510905  
277.1698472  
659.1167774  
167.0767105  
104.9608909  
286.7518639  
36.88161768  
155.4925235  
44.40842934  
170.105137  
54.07940938  
0.9614952296  
151.8500346  
119.6449973  
215.1118406  
327.7762683  
1182.128757  
128.4033113  
42.60443262  
264.5483675  
238.6123716  
66.81446463  
148.348838  
223.5358066  
620.1541991  
716.8033809  
220.4414351  
19.6615313  
19.35681464  
472.009337  
116.5933661  
263.0638616  
170.1982632  
175.0638234  
107.2700799  
145.776309  
47.08029989  
10.32492977  
115.7419077  
92.17390202  
