39.90372907  
142.706737  
1096.384974  
1914.486767  
2972.579702  
2592.164996  
1027.638701  
4774.063686  
469.1980823  
575.7885606  
2111.670692  
2376.600156  
1212.911525  
822.7090829  
2325.834597  
278.9792497  
286.0236921  
731.8175309  
1574.92765  
178.2958697  
3339.677296  
1060.82073  
82.434325  
798.175563  
21.77982002  
172.6017673  
1157.198008  
802.9232842  
183.6679053  
271.1017224  
823.4938269  
1047.994859  
771.5580769  
133.8863287  
295.7194907  
525.3780892  
20.87739826  
172.7967234  
615.0690721  
203.3770804  
41.49534446  
169.2753625  
676.8220386  
78.60546576  
49.47872076  
1472.265158  
277.2201927  
612.9007285  
111.7015593  
200.7352987  
87.19195716  
908.1563927  
69.26795418  
26.71189516  
350.0933822  
2080.249654  
2273.825205  
732.365561  
178.4271831  
3435.057384  
1794.254461  
1047.879987  
501.9738601  
1841.562349  
26.35384154  
1993.032744  
2484.479949  
448.7253574  
2186.921644  
335.4189423  
119.100388  
489.4738659  
579.6139653  
1742.504796  
187.2301055  
473.7071817  
303.7970523  
49.19395996  
233.2367471  
268.0050765  
94.72025211  
182.8287419  
58.34530917  
193.9709023  
41.98395534  
55.1907474  
147.7878421  
67.17286393  
83.03615619  
351.2493041  
2.866917843  
214.2099528  
122.7522757  
302.1939881  
65.4309064  
14.62216916  
72.50002611  
29.85975516  
241.0604628  
232.2130488  
110.1798289  
160.6685732  
44.47417826  
11.69659091  
138.3240714  
10.32808346  
332.5895912  
42.7581324  
237.3394667  
45.8819437  
19.48507056  
28.6061653  
296.3546026  
92.13609382  
80.32321745  
130.5811901  
271.3703962  
68.472281  
228.1343811  
45.44627338  
15.07363748  
226.3355055  
43.30973675  
255.164089  
12.73225282  
201.4414342  
237.7055518  
21.2094415  
177.8307177  
188.7356317  
237.5355566  
1182.409758  
162.3578097  
102.6333203  
56.33790384  
9.806546345  
96.03097815  
60.80295616  
269.3597405  
4.321225344  
16.94988095  
94.4458485  
83.8524781  
91.91875061  
56.11982941  
345.1275064  
87.86569888  
75.85003268  
28.73303038  
183.1296514  
135.262272  
106.3892716  
408.0082562  
7.353380017  
6.438201562  
226.9509231  
230.2950532  
46.24851954  
291.7424759  
119.4972049  
37.52078156  
233.5083344  
86.88350033  
41.24692612  
61.22475741  
319.2817375  
193.5553383  
129.089834  
512.0339491  
322.0743599  
290.2344731  
40.48934971  
101.8242955  
161.6785711  
268.1606526  
112.9806341  
43.66935604  
84.37617439  
152.2352874  
241.5591932  
38.76408317  
7.344346439  
81.56649574  
27.73229239  
8.910142986  
63.93538535  
179.9803348  
13.01144911  
77.01569049  
4.383187779  
47.72159632  
303.0020882  
41.94980425  
32.87870456  
84.98359814  
38.04145023  
173.5537123  
215.5831109  
52.21692084  
56.26455616  
4.075438175  
245.4558864  
59.59056686  
17.35087012  
71.21711452  
22.89507177  
296.2404804  
106.6425234  
40.48457977  
55.18637523  
