35.93307953  
6.798431971  
529.1268442  
29.4167879  
342.408331  
86.58035742  
356.1418346  
32.63210271  
275.3061348  
7.79295033  
178.695876  
314.035738  
724.193194  
181.5574601  
184.6738458  
180.7332565  
949.085156  
86.22880561  
2144.684594  
704.7606529  
91.74393555  
37.48776294  
123.7224106  
269.9548679  
261.2010105  
1076.890948  
11.90478078  
249.3368934  
902.2233547  
103.8529702  
22.76070285  
716.553102  
236.0331232  
193.4886504  
455.0671831  
135.2143524  
1126.65458  
839.1375934  
503.3782601  
52.33825471  
6677.632236  
1682.732702  
19.09824709  
103.8091937  
2274.909778  
1440.80063  
406.7177346  
507.0217712  
441.8646505  
170.6811538  
948.5516557  
1571.911431  
354.9466253  
11.20689998  
315.8806684  
462.2783935  
198.8011003  
43.27854791  
676.6053839  
520.0301548  
819.3563787  
963.4308328  
105.1690292  
212.9741009  
575.1702269  
391.6417172  
692.396671  
770.8195129  
178.5626457  
913.9556326  
1619.293434  
226.9794048  
893.105215  
963.3466033  
92.4358884  
164.4494488  
25.00955754  
191.185684  
231.1470969  
39.70830544  
217.5689135  
65.48661558  
601.7920248  
1317.956459  
1301.149374  
101.3458101  
162.3033513  
362.0444976  
406.3064793  
342.8457034  
1285.680271  
60.30386595  
9.565870895  
770.8025087  
1019.421253  
299.1366849  
307.5235308  
148.8068287  
17.40869451  
20.80005063  
324.2205528  
602.226536  
263.7484408  
502.653732  
263.9126701  
29.07405565  
524.624837  
81.06312661  
178.729113  
3.148823761  
220.0965469  
238.9674357  
380.7110941  
67.33621853  
216.4005427  
5.925468716  
644.9847646  
80.15041333  
5.716529125  
201.2441765  
556.5256786  
260.36515  
282.0066326  
160.8996508  
395.3809582  
176.4652619  
257.4977862  
334.9487041  
13.20418326  
353.884217  
273.2502424  
190.0966231  
57.84579265  
122.192843  
390.3935381  
54.17509088  
76.28228555  
98.77078683  
8.40299084  
242.970886  
120.9745997  
34.0937099  
44.60870473  
303.6373622  
11.75354795  
364.4941033  
35.1274788  
100.769232  
318.1299169  
20.0302555  
271.0012012  
16.27316833  
730.7640854  
267.8397742  
134.8260941  
127.3277161  
716.6730746  
94.52781637  
8.049817109  
86.0225977  
1205.780688  
1375.716791  
348.4205328  
154.9627739  
1373.025741  
109.4015177  
515.4223898  
851.8918325  
1699.433251  
1841.706756  
2322.133819  
385.5630103  
325.1693391  
1407.011662  
1075.768993  
419.7825197  
94.57889261  
23.02338398  
1407.00344  
384.650893  
295.2819446  
417.4395308  
165.8613438  
108.5851932  
662.4563103  
29.08547966  
253.0481679  
134.7336245  
22.66183604  
185.546351  
103.253779  
365.8622682  
91.77684812  
165.1802706  
65.88705992  
261.0901775  
14.18503269  
1.598560841  
221.063018  
485.0379314  
3.598961966  
34.64379403  
15.28811197  
122.9416368  
47.11121071  
29.81668554  
102.9763859  
409.8428077  
134.0672242  
590.6725828  
