132.4350031  
1333.876313  
354.447364  
38.13892344  
98.52379387  
779.8299845  
215.2399571  
60.69159301  
572.1347275  
87.51997778  
104.6307573  
868.5833748  
216.2672765  
64.64104812  
266.0286434  
302.484609  
275.7072581  
45.16222758  
1265.182046  
518.3678638  
43.40183495  
507.353296  
217.2608933  
1156.086924  
93.77878812  
767.5141795  
32.15925535  
1134.506977  
26.0991234  
1408.061772  
975.5240152  
611.0026793  
141.628084  
341.5881163  
93.78726361  
533.1178763  
146.660873  
76.60995  
138.9619773  
369.5718791  
98.57206473  
2196.667663  
502.2003158  
191.6546792  
197.3766796  
3.586210151  
470.8167431  
147.7631319  
1431.838305  
9.364616088  
256.6561064  
59.90534721  
34.31882923  
547.8747371  
91.92633414  
712.2013642  
886.9920133  
94.61572474  
1375.16509  
613.5798796  
22.61035535  
1023.002863  
257.4894518  
326.9270957  
319.4316802  
189.2569597  
405.8847024  
711.0648148  
314.0804364  
22.44909413  
2054.522068  
674.7485254  
312.6614757  
1954.54321  
854.9158708  
1337.185873  
810.8522074  
1025.669242  
285.8375636  
59.48315197  
435.0331474  
546.3244768  
209.3044139  
884.908787  
300.0842143  
738.8835676  
117.5171009  
48.07929551  
419.1313365  
118.8376399  
885.6906278  
10.30506177  
78.55232771  
512.9365714  
108.1173274  
202.3493699  
168.3298015  
235.7410905  
13.66635317  
1268.165919  
876.7453852  
1459.048102  
551.3684016  
69.98784806  
447.9220501  
376.6368915  
272.0033463  
732.4097243  
11.48563337  
350.9239599  
728.3564851  
1041.84101  
111.3631163  
24.50900683  
433.8709404  
154.0995289  
303.2759202  
475.1189873  
477.655582  
398.1125271  
577.516871  
172.7440462  
252.7383271  
182.4905483  
444.2828519  
96.51991199  
17.56582573  
203.0273683  
40.3085002  
194.9130081  
583.3918472  
439.6886642  
59.56596575  
373.1831876  
27.38003843  
297.1490238  
154.1153197  
12.35772323  
17.6376549  
180.1004241  
141.4036526  
274.1298487  
444.8012172  
750.6430613  
363.2980188  
20.14207991  
49.3618821  
169.5660985  
216.5262688  
594.3512179  
213.7296776  
1059.066482  
204.9192303  
457.7771582  
201.4623961  
376.2389478  
335.1854022  
514.1458281  
382.1313558  
954.1092105  
971.1268633  
141.440983  
195.7245446  
355.1144727  
38.90113213  
344.2770225  
1270.524055  
437.494939  
343.5532216  
290.411258  
378.8011305  
17.41485171  
303.5841448  
548.9776536  
250.8770882  
485.2742139  
137.1567453  
26.47482912  
373.3200261  
290.0728015  
460.0513181  
424.4057566  
38.2547629  
774.7614896  
198.8511028  
386.5925562  
132.1638094  
82.76964812  
658.2318135  
68.08695793  
26.53206186  
330.8327504  
722.7816597  
905.2789848  
836.2653472  
568.7705802  
660.3624859  
197.1599653  
620.7571358  
477.690149  
443.7349938  
619.7227491  
167.3257359  
1016.705619  
695.38507  
948.0473076  
112.9272859  
180.797852  
10.82285471  
149.5764523  
