1803.493053  
1709.541033  
309.3820792  
44.79244812  
50.05652642  
328.370378  
2167.215297  
620.3340774  
2521.523814  
235.2336588  
571.8653052  
788.0845751  
125.2575452  
328.0303641  
512.60979  
281.2205497  
199.9447632  
787.8834676  
343.8154073  
1556.005149  
906.8972576  
466.3141944  
301.1720195  
820.3347871  
617.5322928  
617.9807742  
93.02403691  
660.6680058  
560.4708413  
274.615986  
731.3712785  
660.2224007  
84.2397062  
356.3844258  
576.9249911  
644.6433783  
8.826924074  
932.7901597  
591.0010656  
39.89128848  
48.30877144  
12.70058166  
293.7728124  
89.66019674  
748.9357228  
25.96738603  
582.8529625  
569.3012174  
206.6407415  
11.8934232  
451.7831114  
973.4929937  
476.5071724  
18.51555606  
506.2808102  
1362.020116  
83.01175105  
85.89230533  
1787.540323  
711.492553  
413.8268071  
273.8449938  
580.8349679  
578.0384705  
366.7844899  
1343.557136  
940.4293166  
583.4602213  
360.8989408  
533.5966167  
4414.522408  
650.1430844  
1389.681484  
109.3265103  
90.5215949  
3.679710311  
115.9348034  
272.7830304  
557.8695229  
192.6407566  
332.1710281  
291.1384189  
142.1356815  
0.9319714838  
299.2716438  
209.9233639  
432.3555419  
72.22350028  
179.06276  
269.6212232  
915.6594721  
539.2368407  
3.539013959  
176.1833034  
372.3527746  
746.5980335  
148.4059201  
1.663128417  
13.86028063  
58.43244991  
96.89237269  
73.60539258  
3.031570159  
474.147911  
41.69819173  
428.3395332  
226.0447533  
94.78158831  
26.08099809  
133.0776763  
177.7701224  
53.17305682  
183.0931508  
193.4511553  
230.1031744  
121.5377855  
626.8332883  
691.0843154  
93.72163138  
459.7376344  
198.3652957  
304.7741315  
688.2868857  
192.9313997  
484.8694871  
160.1633181  
518.3509651  
755.7529298  
147.5471629  
1121.021772  
357.9868348  
111.5925293  
627.394  
88.10998877  
98.64003245  
73.51970406  
78.87462364  
894.4598828  
374.3942797  
1.664866693  
1.082725121  
232.0025196  
77.96452042  
137.7495065  
648.4468505  
402.3793247  
22.22739041  
408.039321  
1614.705678  
237.2634703  
588.0815001  
117.8826936  
58.75842203  
46.98363537  
644.4085708  
2122.647058  
13.9924068  
374.4976152  
309.594441  
80.24288934  
162.8873229  
1839.145818  
278.1792539  
377.6067757  
182.3078359  
250.2782562  
415.4338401  
778.7889483  
14.29175404  
240.9406224  
500.056642  
144.4330577  
652.908688  
556.6669675  
636.5185761  
184.5555362  
27.79412386  
264.6445245  
60.37091854  
828.4948658  
41.25992158  
78.59683413  
26.94624511  
700.3889567  
351.5925307  
165.0910176  
348.5880207  
88.70728985  
86.49736487  
1109.313587  
9.903462672  
191.8004369  
69.48468735  
188.1591215  
117.4941795  
870.4429787  
446.9473922  
141.8013046  
47.02009511  
184.7500467  
70.79251307  
11.39479957  
81.82261376  
110.5024233  
81.74505188  
132.0603331  
35.79504145  
61.18173566  
511.9056726  
264.3545315  
