2521.697813  
1045.50828  
315.3143527  
359.1032561  
730.3442879  
1828.215633  
548.0732935  
115.4699037  
1181.577463  
1206.302313  
1311.730963  
1357.258696  
1.35703068  
748.9998009  
46.03635833  
109.3817978  
348.7042633  
499.9967425  
91.72550054  
43.67182701  
1783.761649  
792.674018  
196.764803  
138.4487069  
2657.779156  
640.5078974  
0.2066335972  
713.836428  
259.2462944  
260.7631253  
562.5900889  
253.6272706  
47.58168657  
948.5492659  
440.7810098  
128.6156064  
281.4436784  
130.7110835  
22.92471908  
271.5595076  
389.4961768  
320.420419  
223.696353  
1084.25812  
11.93709264  
1181.630466  
300.5134037  
258.8089132  
288.1365069  
383.897655  
108.9575526  
1077.813915  
275.1999995  
1160.336233  
572.3700601  
2743.764824  
14.29611028  
237.1003029  
830.4434425  
563.9356914  
283.3524169  
83.27367141  
114.1434095  
353.2743454  
8.162969462  
2.82118525  
246.4848809  
732.4081224  
1362.991308  
2150.226911  
675.310727  
519.1451859  
3635.536343  
5.731823771  
267.356679  
8.358524046  
126.54908  
221.8590603  
36.62429405  
750.9579725  
1089.09489  
7.615804216  
132.1697868  
238.8548398  
284.3391363  
219.5595461  
231.122204  
369.3703532  
107.3628246  
96.61866925  
10.52320896  
384.0343704  
112.5333226  
238.541438  
345.8219697  
275.9616508  
44.39153997  
52.42977564  
569.3770391  
89.96418487  
313.5411416  
211.6586346  
196.7962036  
467.9862798  
98.52609034  
51.7501136  
786.0291917  
24.6911475  
48.37351675  
749.1389517  
38.71117792  
659.95169  
90.9901352  
270.3656396  
111.2339339  
65.11562581  
1187.674469  
918.7748523  
196.1191977  
251.8350676  
18.48119078  
287.374456  
104.5181448  
641.5225617  
86.48647931  
573.0151482  
291.3229714  
1164.789105  
39.24072859  
522.0289714  
412.6499133  
1634.534355  
103.1895869  
581.0394539  
427.1046866  
262.5629044  
611.535923  
4.600274126  
33.43718751  
335.6748521  
1086.56602  
352.4296806  
242.97848  
429.3524111  
149.543368  
12.43962654  
205.0122514  
546.0484871  
598.2171239  
89.02388831  
89.53218794  
336.7300939  
210.605281  
341.8159427  
254.1250024  
762.8947737  
402.2764822  
116.6361834  
345.793814  
281.0964944  
74.98545244  
367.724424  
49.46584856  
733.7711378  
988.4503081  
186.140422  
397.1411921  
293.0168186  
226.3711208  
239.7028345  
677.815959  
346.5208244  
293.5423191  
530.4493742  
277.3184097  
162.5456523  
1703.635469  
256.9398797  
6.062076454  
26.70295542  
176.7767802  
67.66589546  
148.9079756  
30.93446095  
129.6114222  
139.1908143  
148.3131588  
255.0994245  
11.23629451  
164.0985901  
253.8561097  
108.8496213  
343.5012326  
18.12727927  
8.204803526  
106.4097511  
181.5739382  
69.72151751  
194.4899009  
331.6046313  
201.3791868  
106.1255961  
38.93878395  
323.9426314  
34.90446347  
372.6746912  
163.9243857  
435.5410038  
179.4157746  
450.1538999  
