889.8335577  
528.9704935  
2607.417004  
1189.989582  
91.76261555  
357.2522239  
44.56163596  
1178.267649  
101.3310326  
108.4749304  
199.2509744  
785.4327116  
723.1887845  
724.1565844  
1161.975924  
965.5273626  
168.6344527  
1430.84681  
1705.399277  
357.0380348  
493.0842083  
612.9896682  
137.7528093  
39.40739133  
328.6913893  
690.5948658  
202.7546316  
923.9284894  
423.5188381  
282.7115557  
338.430324  
877.1670581  
159.5598784  
162.7603136  
265.8668204  
588.9030257  
1189.233593  
36.00691886  
636.8889074  
645.211889  
40.77132928  
715.3168143  
130.8253981  
270.9672641  
32.99211415  
176.3687679  
633.191176  
691.3506398  
113.1142624  
91.32227415  
73.44972063  
316.2368936  
95.0634024  
850.0544225  
783.9717101  
171.9208817  
120.1147332  
140.4232932  
387.5657903  
105.1450357  
152.0990122  
876.7823515  
1145.228342  
569.594502  
5.483359881  
322.0150587  
967.7494957  
139.9178338  
2644.909477  
954.5238683  
925.3356896  
2587.491486  
1672.484363  
7.549836402  
1061.748973  
120.9063724  
976.2596735  
27.80125364  
155.6497775  
136.9360453  
220.2079895  
159.5306629  
35.26977997  
814.5150393  
702.5012855  
11.67284376  
654.840749  
456.2325559  
285.8731286  
1.140372169  
472.7477367  
427.7125627  
230.1678953  
1046.432673  
297.7036942  
14.45528117  
317.319574  
142.3274327  
131.5077186  
405.316389  
29.21576175  
24.46566782  
80.32024893  
50.05287171  
236.9851699  
321.0866971  
31.6356842  
235.836813  
127.6636224  
211.0593783  
8.654415424  
146.5453963  
255.9110094  
187.8305214  
3.604488651  
338.7367974  
817.589057  
165.2642467  
247.7159085  
283.4357189  
63.28445314  
387.537333  
936.470416  
234.7824693  
510.3821301  
198.814381  
191.1913539  
2345.558677  
498.8017747  
611.8334125  
419.0013664  
581.4876463  
704.9437633  
586.8753179  
14.31214914  
133.7561076  
858.9619445  
4.44649959  
180.3993688  
317.6629459  
369.4861615  
166.7335926  
690.3034051  
10.82857556  
224.4889023  
61.40510287  
103.466771  
63.62454803  
69.24445871  
322.2474009  
863.3221509  
393.8966754  
220.9171821  
22.25143536  
219.5147312  
192.4856149  
432.3816249  
641.3404738  
449.0245783  
61.08212707  
2383.772502  
675.1345347  
954.2798443  
39.54717717  
887.977386  
543.9924323  
1678.852778  
61.90725791  
79.17283005  
69.89149418  
435.9191563  
109.6796107  
414.3202704  
14.71320219  
312.3256042  
285.807451  
243.3659425  
252.8662494  
48.12734252  
537.8822377  
278.8257977  
489.7920885  
890.9889883  
87.6401873  
612.9597987  
376.593771  
135.4198441  
0.6521538005  
410.5045401  
119.9618561  
19.69468682  
21.42976142  
123.8373983  
64.77006514  
377.6255597  
73.70789308  
22.36568004  
119.1010609  
127.5636146  
75.69217293  
0.6213273446  
513.4991848  
374.487063  
287.1056526  
113.7139294  
250.6469085  
109.7343878  
55.33085174  
7.260550558  
167.7942964  
