2360.419972  
157.3519009  
1237.730318  
1544.068969  
1049.333165  
233.7569462  
1182.17601  
662.166953  
519.2313095  
771.7493537  
158.7166115  
47.07736497  
311.9169344  
7.210879123  
572.64093  
2228.313053  
296.3928511  
1163.919559  
1066.70005  
577.2110286  
345.7748273  
163.5232219  
47.78220837  
576.5794495  
16.78227588  
956.7381536  
1681.753567  
310.2488924  
172.4231865  
285.4576109  
72.40412365  
75.73373121  
396.9869899  
164.5364324  
76.07878355  
448.5386132  
168.2827037  
233.4658402  
130.95605  
1919.912322  
406.0871409  
264.3701512  
1066.283986  
534.3552103  
390.8227447  
100.2767577  
171.9336254  
880.8944257  
211.1023634  
606.9302342  
208.4106615  
149.3042621  
304.6231903  
488.5493336  
287.9596338  
476.1447979  
370.1555433  
1106.169881  
503.4897948  
73.05540219  
459.7523096  
274.6104529  
224.167315  
1220.049819  
793.688962  
392.5166615  
1025.306431  
1113.217158  
879.7729252  
364.6336535  
129.2415912  
143.3550497  
137.4079713  
1413.06781  
31.84617861  
693.3173039  
18.18041805  
438.1188621  
1101.330364  
612.698562  
216.0657825  
383.0319577  
838.1807003  
244.506372  
139.7817547  
322.8326821  
896.2984409  
929.0883411  
250.7979826  
120.9984839  
810.3607062  
477.6432498  
233.9442508  
191.3003835  
555.7511386  
437.3872435  
317.2225907  
92.22014099  
49.78215318  
285.471277  
191.6135535  
527.7695102  
664.725013  
617.5905898  
435.6900067  
155.5585373  
170.6001496  
499.192795  
103.7290737  
108.9404038  
121.569035  
107.3026207  
842.041825  
69.89735298  
64.84850149  
399.7368077  
362.7968074  
194.0410036  
898.4511552  
393.226729  
429.9086615  
85.78746964  
94.64415155  
1032.031632  
463.1450627  
734.0396131  
775.9766253  
1431.329347  
201.2388485  
981.4394648  
207.7786604  
305.1693759  
515.7260144  
49.96290448  
419.7753895  
178.5817772  
191.3910907  
402.7049264  
156.0253426  
149.9242841  
383.494622  
61.21353557  
334.3608947  
387.9258117  
85.10396741  
87.71605247  
865.0558001  
299.682815  
260.2905235  
249.7882831  
57.20019316  
62.57077804  
44.63657221  
36.80877853  
657.8695158  
184.98115  
425.3279223  
199.4160504  
296.6291031  
239.1373907  
482.7158883  
417.9955233  
189.4635039  
17.79884189  
422.7030605  
109.8342673  
54.35831811  
479.7703104  
489.402004  
326.197423  
641.4240533  
717.8863711  
125.2388056  
649.3600814  
399.3645917  
413.1425972  
60.85980167  
8.470972629  
560.9008668  
39.95075349  
156.2689944  
399.7366319  
1806.346322  
428.6685867  
33.45147134  
187.8988645  
784.9455925  
410.9439748  
289.3034148  
19.32633643  
283.7874245  
248.606833  
112.8628292  
112.3264512  
441.1302767  
29.58410636  
555.6536897  
90.84974732  
80.3157812  
48.13608878  
49.46532792  
66.4439034  
47.11357114  
23.9699305  
145.8253524  
351.0906505  
484.7796002  
167.2898585  
300.0212271  
39.99908104  
