82.65990836  
1102.743339  
249.7726578  
173.3316309  
989.3869296  
1852.907834  
98.72616493  
1519.482432  
934.9395458  
505.4479857  
1303.371888  
4.270167879  
2162.830496  
504.4924764  
929.1017151  
2723.886206  
731.5249032  
1135.269593  
1943.625991  
53.09260669  
924.3287153  
51.51941098  
508.9420408  
1074.830022  
49.76682886  
2693.548768  
155.7229876  
111.4269663  
237.2203121  
53.4474905  
642.6381429  
654.9068107  
12.95141814  
90.98146255  
277.0431463  
314.5733911  
81.45198282  
6.504608579  
69.70099188  
834.6231448  
891.7362771  
275.8372748  
99.6246364  
377.3621904  
551.6141472  
80.34795768  
22.948901  
406.4528441  
81.54181402  
249.7647591  
522.6673586  
92.62978368  
144.4409199  
288.5151894  
342.8930383  
834.4025056  
1729.513787  
820.7370139  
315.2600675  
398.0880168  
1786.394207  
608.2201176  
805.7050431  
995.0407818  
945.2178512  
224.4246961  
1804.426108  
2084.021631  
3349.930429  
1119.62845  
1142.55621  
3946.050129  
8610.927206  
954.1122938  
3204.955844  
489.6757209  
674.3311085  
1581.963269  
455.1385974  
742.4680203  
65.94277454  
434.5488124  
150.6379444  
428.7541368  
808.0433328  
191.8158294  
37.29067581  
138.1265767  
458.6265686  
285.091862  
63.2857169  
124.7976304  
54.02134003  
89.4678895  
180.8509943  
306.8082787  
47.18960011  
206.2738675  
455.9630393  
95.33439221  
198.7552654  
65.75218253  
178.736904  
47.65483601  
85.93289907  
19.21180436  
52.17242628  
69.16912511  
28.50701656  
99.23646819  
76.53267271  
77.78992183  
331.1867117  
171.4499963  
23.82230478  
37.29588449  
105.4401667  
94.46862655  
539.3076112  
37.19364959  
62.90634048  
113.0817794  
6.913279148  
1.089184603  
145.9636414  
280.7148432  
156.97793  
1.783618086  
57.69733618  
324.2409938  
24.52694828  
242.2484884  
227.8273956  
93.92577828  
52.37208199  
81.66237596  
18.09023371  
7.609820511  
26.76414724  
27.17104543  
29.92031035  
114.8195925  
166.9837167  
17.08362702  
396.4346455  
9.166457884  
110.4511302  
14.83641475  
35.23828667  
138.626169  
367.1978805  
17.18080111  
8.945925051  
214.0075538  
89.49824928  
31.37505306  
18.65554447  
7.595040981  
178.634791  
39.26295331  
104.0613421  
114.2370533  
30.86976528  
133.7821941  
77.68385803  
123.08306  
117.6911918  
129.803881  
380.6089378  
191.0183553  
62.8495064  
128.372045  
275.0431748  
36.69587591  
75.39770403  
181.6803976  
8.377676096  
104.340638  
46.81936969  
38.99564475  
131.687463  
12.02617515  
60.43951949  
13.78700142  
106.8375802  
214.1158383  
23.27384293  
308.6356449  
2.851236323  
12.51960746  
158.613889  
18.48351543  
36.63597294  
4.910197496  
14.45305194  
146.9512958  
8.156179659  
474.4906135  
56.48310345  
17.95596731  
59.65985688  
8.126768882  
165.7862805  
145.6623305  
112.7298468  
187.8762192  
65.47312886  
225.8545826  
10.92717339  
5.311993339  
