228.9573424  
1038.913272  
498.8060677  
389.8001022  
615.0163093  
110.5130821  
42.96150225  
4090.428871  
730.0080419  
1402.270001  
1585.235179  
299.9417491  
537.2398192  
1807.015339  
165.3703109  
105.0521166  
36.19817216  
57.88816542  
140.1205626  
1656.522657  
156.0912113  
480.5879232  
504.2491545  
591.2172301  
17.27141221  
3046.087321  
410.9191872  
1712.91379  
852.4421498  
318.1547342  
164.8790139  
163.3479333  
639.5896672  
72.63654666  
130.9057983  
332.2572208  
2129.982663  
370.4687803  
141.2989298  
1614.9169  
1266.918172  
860.5202309  
73.60602439  
52.92941939  
340.5782235  
329.6925118  
533.7430275  
887.2377041  
403.2655144  
32.96785513  
385.3759891  
111.4154476  
154.8070176  
85.10900168  
233.5737427  
155.7704972  
1161.943364  
1492.274879  
103.4687214  
63.60682261  
318.3672908  
1181.9912  
530.7773226  
284.3843548  
82.3071715  
1049.802365  
127.7382334  
175.9299859  
27.86764226  
270.2347089  
230.2712588  
1938.8725  
330.988102  
139.8717304  
551.025197  
615.0660158  
126.4592016  
1271.953141  
471.1186408  
825.2702618  
314.2888154  
245.5688531  
603.5323797  
30.25965368  
160.3943146  
920.319216  
171.6963778  
4.121970346  
313.6367356  
59.5249611  
180.8181127  
137.5843906  
10.68682542  
122.4638518  
81.14777467  
115.2110193  
346.4195336  
57.54472969  
306.0851576  
612.8664322  
19.82724085  
152.516758  
435.0827726  
118.7266607  
265.079111  
314.858294  
554.0619314  
413.1542894  
224.1072995  
814.3801618  
192.4667026  
222.17948  
134.746767  
193.9157347  
61.32635535  
8.033374099  
325.9415777  
33.79690639  
128.9155813  
306.2521044  
212.8208607  
33.19364216  
272.990712  
326.1311665  
320.0397441  
370.9300239  
584.8738464  
364.8561266  
1275.241035  
1555.092188  
701.4876354  
562.801199  
301.4799229  
449.316848  
817.6608933  
21.87163966  
471.0884816  
126.3314982  
70.48678289  
108.0907211  
215.0513325  
89.05160395  
515.5543791  
731.8360094  
241.4451376  
305.4555431  
398.3762169  
338.2473964  
47.26353401  
132.6882516  
374.2089673  
14.94552581  
589.6981783  
230.1484558  
1223.265523  
1021.629254  
66.11334377  
176.7455551  
468.4142771  
233.6497921  
484.670734  
87.16802478  
174.2243902  
34.06389015  
243.8213194  
666.0043079  
175.1388414  
440.3743605  
338.4799363  
1219.820588  
10.77822874  
283.2135033  
447.5105954  
192.8111312  
439.2298741  
497.3915696  
49.19542064  
811.9450792  
182.1541952  
12.88271613  
1181.475903  
117.0134606  
178.4861022  
391.0096142  
18.93408102  
90.72280355  
307.8667944  
84.3105911  
106.9092448  
464.9563558  
227.4556338  
68.83378351  
25.86284557  
122.3449695  
48.83898904  
223.6587649  
658.6270815  
0.3854829838  
124.6785126  
108.3949205  
350.2099039  
173.9120935  
108.5361016  
75.00346957  
228.7734968  
134.2390694  
182.0655459  
87.9889642  
491.3514593  
149.1701673  
