45.99779295  
47.71812369  
176.2665561  
39.76424139  
22.18638674  
76.14519109  
229.1869842  
5.144473608  
109.5188095  
14.18674789  
64.62051748  
83.12974122  
49.08770315  
10.99726398  
7.579501232  
46.90646282  
39.28043667  
41.59061546  
113.5386798  
45.10147579  
3.569180154  
130.9232524  
36.17427303  
52.05488734  
103.6101108  
203.3716789  
16.66236334  
38.19024615  
165.1338695  
107.6024465  
9.697363885  
156.0467627  
52.77877251  
21.36075346  
10.7841314  
123.8224173  
176.4908347  
104.2472535  
19.35824647  
22.84088743  
54.78990501  
10.41946452  
13.40697189  
21.7616057  
370.9720881  
29.68433481  
0.08647220386  
50.90991999  
65.92094035  
53.77406766  
52.20576297  
72.11877667  
14.18514714  
99.1366488  
95.4746878  
318.6695076  
6.967626368  
47.04640397  
52.40559169  
233.4481807  
301.9407485  
616.0503842  
303.9607892  
110.6292049  
638.3119926  
34.18056293  
152.4190683  
21.37392377  
864.0540746  
224.4310506  
218.5886283  
20.47880574  
88.69504332  
1386.831076  
650.2192872  
244.0862713  
220.0017877  
68.11697081  
765.2756717  
782.3460895  
1331.458362  
1195.036486  
223.1111208  
191.5885415  
1735.400409  
311.5681014  
584.8440838  
137.53345  
812.8051843  
21.47640494  
979.7784765  
277.6001198  
111.4996869  
54.56215747  
74.59268486  
187.8640298  
151.399518  
142.8507019  
89.51357761  
86.35482603  
56.13913858  
64.64507957  
8.966057919  
34.32379571  
31.79295934  
157.9160443  
4.002049947  
165.9216078  
166.6241034  
172.5515503  
222.7558995  
7.060004814  
187.1017927  
84.93407171  
20.24119589  
83.66117342  
159.2553864  
154.6361288  
192.848744  
2.263105998  
333.7323593  
97.16983867  
68.06759732  
109.3323853  
44.78082182  
61.37180346  
120.8279266  
48.35182371  
57.03802921  
150.7540772  
86.16063224  
57.84778757  
4.19048946  
105.8692138  
5.003725588  
84.55506546  
298.2640747  
29.89327226  
82.15977379  
180.7611577  
179.3999947  
107.6317112  
55.93577044  
570.867809  
121.0000791  
198.4635576  
217.9729988  
256.6100494  
318.5161479  
445.0222961  
30.84888754  
631.9817056  
535.2827777  
217.8823354  
573.4637021  
173.0796517  
467.9220665  
100.4985451  
5.136575503  
355.499426  
392.8351521  
140.8608915  
2463.789812  
322.3190524  
2949.470943  
3174.240498  
254.1185605  
3809.519609  
5759.713419  
2901.280026  
11327.73575  
494.4492298  
348.9670644  
2687.899461  
9087.673781  
1369.740223  
463.2414641  
1278.428972  
337.943454  
2130.907464  
687.9598229  
1361.485181  
748.2198585  
1003.077775  
16.23824304  
1.534078176  
116.9477297  
146.3792426  
297.2701739  
55.39617396  
85.12872918  
74.77594446  
16.35275626  
11.78857878  
167.1802564  
10.79940279  
21.27982797  
57.99410891  
45.24342748  
124.1272882  
81.06518077  
33.66603211  
57.61078753  
55.55301694  
103.9975452  
161.2335691  
6.053793621  
166.9063064  
105.8251323  
16.21297202  
