1320.209567  
1754.796581  
2185.040287  
400.2810913  
3190.072149  
60.89140298  
609.6071361  
138.7196451  
1920.198932  
822.9443634  
29.71980936  
427.9902052  
135.9710028  
69.59888101  
493.575655  
74.99851724  
1007.164176  
104.7545966  
1089.329126  
1426.192342  
380.4170435  
109.9863713  
199.4051418  
185.693782  
225.4929468  
87.91746583  
301.9986039  
169.1753434  
492.3804299  
31.78850915  
349.5986238  
227.53846  
83.25287444  
1354.160479  
352.6329188  
450.4824313  
419.8615627  
560.0274377  
1218.064744  
16.65470011  
1718.552982  
926.8595545  
55.96125637  
347.7354737  
91.77980164  
361.6856239  
48.38423337  
8.820732098  
27.53221713  
5.452231158  
258.6686363  
64.0125092  
233.2178111  
42.69261449  
229.305179  
1023.15159  
363.4854121  
65.26327381  
24.74626594  
109.0789322  
236.5294801  
510.4185463  
1906.400777  
1084.904976  
4689.924212  
18.33361488  
226.771916  
555.7355396  
218.9130493  
545.6847773  
249.4861866  
767.5899416  
1160.251407  
212.2074277  
464.7940193  
659.588475  
835.1118761  
686.901622  
102.6371603  
299.9231948  
610.9716687  
72.04561998  
64.67077692  
789.850319  
121.7720307  
134.3143013  
259.3761557  
196.3344202  
230.9442023  
146.1111886  
341.5359582  
402.4454526  
3.578981805  
804.8060658  
156.998535  
180.696355  
894.5338005  
139.2495032  
54.35435218  
27.488602  
399.5572173  
182.3294422  
150.4146976  
0.9698548481  
202.0730023  
183.1282522  
573.979888  
247.8718258  
699.7906731  
64.23514287  
128.8884124  
69.4478003  
98.60318869  
93.74490111  
126.9975465  
15.18324596  
473.3735697  
32.2137526  
20.96752566  
20.30366323  
201.0275499  
315.5360048  
151.1165936  
235.5238076  
485.7314639  
1210.22293  
443.9055549  
2203.858797  
643.6455645  
3533.874865  
163.1502904  
524.9518869  
74.07841484  
96.95457023  
187.9024537  
108.2644034  
284.4112862  
459.7262804  
146.8891756  
352.3114321  
26.23609319  
384.604456  
337.5824612  
338.6869153  
353.5477116  
189.6865829  
196.9280797  
251.3671205  
637.8964367  
3.381284484  
50.55027739  
803.2077808  
557.4699571  
151.3477318  
3.146967299  
1254.943828  
190.8555333  
831.2787754  
253.2256878  
56.16823901  
58.39322214  
136.807753  
379.3362068  
36.12066665  
316.9967832  
50.12582878  
718.6230615  
373.9235218  
64.82987531  
163.6068172  
35.43900472  
768.2201516  
82.98637081  
341.1958245  
907.9307991  
751.6464485  
229.7627539  
110.0632271  
496.3813862  
297.9652355  
128.2243666  
324.2235339  
343.4861103  
202.3581471  
157.745823  
259.7691438  
304.2734636  
142.0902231  
1106.885025  
34.10370365  
0.4463036155  
155.8772986  
86.63681768  
897.5330221  
932.5680888  
29.31488624  
20.44863131  
114.6198578  
187.0203659  
92.93848076  
439.0653893  
82.5463124  
123.5894945  
100.0666899  
221.8227373  
53.39144777  
425.6613101  
233.8051725  
417.5686308  
46.27516517  
