1240.742265  
794.4921123  
1601.392858  
1033.622012  
38.81441  
33.71945243  
1330.577128  
909.6816682  
188.5290813  
2368.278234  
235.4064404  
848.7518423  
1042.872389  
1382.635915  
1213.700485  
92.97390724  
212.1516386  
1414.39166  
2925.808315  
1377.091369  
1464.698704  
1260.428209  
608.2418937  
909.7983304  
507.6985825  
798.6784715  
2384.53327  
360.8856548  
80.55337309  
401.339269  
1196.52426  
195.4731204  
265.128205  
65.09110405  
78.19778374  
557.3218595  
19.75696553  
462.6898744  
288.7733129  
824.6417257  
206.4115665  
724.9127897  
249.5199706  
63.3380158  
1063.342476  
221.5358259  
48.11709204  
233.3759195  
738.3636314  
2241.11161  
421.0359185  
905.0689316  
546.5611023  
900.8075263  
258.9868172  
133.2913685  
474.8569564  
120.350022  
350.3542415  
269.2972281  
1039.046749  
324.6124543  
934.9249281  
549.6960414  
2021.768509  
164.1181448  
17.68014541  
3632.514209  
121.6631194  
714.2717479  
2472.488898  
301.4533856  
42.62231274  
76.48573725  
282.5895745  
35.09468043  
262.4550679  
1550.240267  
413.5231246  
658.1590915  
287.6606262  
433.3943964  
853.6201761  
528.6185267  
13.49663545  
85.76757486  
71.61215214  
185.0593832  
137.277425  
281.8957536  
33.04304533  
58.9957014  
453.8342953  
86.34936954  
158.213032  
10.89372205  
302.9079054  
59.72374369  
162.0541976  
106.0660447  
72.26267495  
7.547645727  
364.1896571  
264.649328  
140.4922422  
185.4422914  
224.9673634  
35.107489  
44.87478615  
7.621896408  
2.076148596  
72.39997654  
27.19118374  
108.6552003  
55.37682753  
68.33054849  
250.673213  
135.9201233  
91.21804915  
2.811482486  
378.5974309  
71.21468508  
323.2838321  
556.0377325  
473.5765278  
228.0067147  
221.188792  
995.2474028  
188.7236748  
1343.734269  
1510.678649  
1035.568368  
279.2478123  
476.6281533  
1.107620108  
361.6500633  
44.07218659  
196.400091  
106.8080345  
199.990694  
471.5592725  
415.4415289  
717.7324107  
103.3909142  
150.4308929  
125.2302417  
62.37569883  
82.74127052  
85.60603708  
283.3313303  
69.82405833  
112.2164408  
44.36853738  
204.7834944  
239.5095081  
11.91640206  
398.3147837  
38.86832563  
86.3565283  
85.6861432  
23.17197817  
171.0984297  
47.72484635  
679.0596476  
12.17081495  
565.5453693  
43.3815683  
38.61017829  
127.0666491  
891.3654954  
318.6524141  
334.3395022  
15.28086506  
371.2816049  
652.9100989  
301.5078647  
12.81033093  
71.58417389  
184.1340965  
169.7620393  
171.1938688  
388.9593473  
0.3736229812  
84.18186436  
166.8056829  
146.0500004  
16.69986825  
112.1949302  
563.2028103  
142.8661944  
311.1397988  
114.7308929  
149.0716775  
24.62631109  
88.06265103  
143.4047885  
52.0938097  
169.419364  
150.2540835  
359.1744118  
94.31405923  
481.3872942  
213.6342483  
359.0854073  
97.57471729  
21.28523901  
21.51952082  
73.48844993  
3.093544307  
365.5616696  
