383.8417102  
1351.378851  
262.1922531  
38.98058731  
4.486120178  
409.8682961  
628.5588894  
362.1073609  
1284.831443  
8.575949966  
80.06398739  
443.8763322  
124.9110282  
69.49658968  
22.91495582  
1257.991605  
191.8882933  
1127.052095  
1394.716484  
1421.136948  
710.4983722  
411.5679437  
92.88780611  
2408.566453  
289.0971393  
498.4795665  
1147.138408  
861.198302  
110.601445  
336.0908174  
1022.452292  
303.7346909  
145.1753036  
476.1703825  
682.397507  
241.1552088  
36.03852392  
947.2033625  
633.5012232  
274.9118832  
287.0935859  
289.7571514  
680.5671505  
37.46984897  
121.9961364  
414.8711969  
68.48771145  
179.0828374  
151.2283014  
148.1182025  
506.7381268  
146.1969013  
684.9960404  
273.4655972  
154.8714735  
152.0190177  
140.6412224  
578.6464768  
54.59730164  
600.536233  
551.4876106  
122.6538088  
158.8977286  
1503.662346  
112.7132277  
1048.758093  
260.5656806  
116.0334508  
187.1864462  
183.8393002  
2081.307413  
111.5102895  
273.4882407  
616.7977798  
137.330599  
1865.863978  
29.81254196  
128.1273754  
156.0437406  
708.6323188  
440.8636739  
538.979129  
899.2993886  
235.8695972  
318.4570655  
556.7543957  
36.88095183  
144.43037  
567.6517098  
164.903932  
712.2435307  
320.5966491  
171.4355673  
594.6353302  
111.9619155  
304.1711993  
697.3628711  
862.1493018  
27.33887863  
214.0506155  
286.0871197  
105.7268438  
131.379379  
376.5804428  
32.74326449  
195.7401862  
456.061187  
280.6993288  
16.0517893  
885.4153889  
583.0188592  
81.78947215  
1155.48593  
694.8606232  
190.3944083  
610.999634  
1227.11124  
515.1475995  
843.4715612  
517.3712693  
233.9772477  
80.06338289  
1365.203178  
160.5371653  
106.2102409  
313.4563501  
389.5452436  
860.6777576  
332.1172444  
231.9378147  
931.6693029  
331.9643104  
14.61352881  
45.44582159  
229.9994128  
24.33552459  
11.77283399  
705.5654857  
151.9113974  
238.1049626  
115.9244857  
549.5905929  
2018.15404  
340.2761797  
29.87081871  
7.666963787  
140.0100576  
264.4591317  
139.4074327  
366.1085001  
268.7705931  
221.6780792  
404.5855547  
20.66873736  
108.4204396  
70.65537823  
120.0011837  
888.4933676  
924.9866817  
262.7107337  
45.2726839  
56.61641447  
92.39353777  
128.5706635  
660.6881686  
666.1349939  
2.585763108  
1601.135471  
965.6829996  
2357.961127  
61.1475478  
364.9044618  
219.8498145  
167.5837717  
934.2083356  
296.1256392  
62.62876541  
1254.850901  
57.81993104  
636.003276  
32.46675309  
63.79108218  
424.8702004  
315.1492655  
84.45873697  
226.2355753  
20.15832764  
103.1286402  
16.99656683  
619.8433946  
347.5515602  
6.112960884  
353.9299508  
156.8997903  
180.3948947  
585.4710024  
334.3916396  
341.2802595  
684.0988314  
533.1641535  
196.0678741  
282.6486503  
304.4650623  
9.312355204  
18.57589216  
289.9785197  
813.9594986  
28.27631834  
310.2791353  
44.66237893  
