769.0487374  
1975.597971  
136.0778925  
358.7253046  
374.2265583  
72.41813188  
118.2766976  
380.2690376  
140.344187  
531.3100972  
27.12907083  
45.03943551  
78.80405747  
979.6711192  
1222.647528  
437.8188689  
190.4411776  
1540.099158  
1592.742714  
66.42122377  
564.1243644  
319.5433065  
38.06827038  
18.72494494  
241.2806268  
29.81982978  
113.8818264  
202.4178869  
849.5103144  
383.7709143  
368.9727166  
427.5186075  
195.083996  
1149.355472  
1222.932626  
192.1151211  
149.0147689  
293.99067  
875.5079428  
136.8728334  
2013.273158  
673.8513378  
1126.37048  
799.8986441  
283.8904893  
1112.353978  
626.8442144  
81.47507466  
514.4676562  
277.1082854  
0.475857795  
1997.692915  
334.4556266  
202.7809886  
506.3967704  
678.2894055  
560.6828688  
36.736032  
161.2895795  
1.642970178  
373.887546  
2802.172943  
556.6342054  
617.4224296  
326.2943468  
424.4536385  
47.40310076  
97.23449625  
1949.712813  
432.907758  
583.7109987  
401.893602  
869.9954614  
1156.843755  
1705.029264  
136.1853032  
1046.52003  
660.2715525  
321.042449  
39.78803523  
1517.73863  
1.670319018  
206.9213049  
771.6888006  
248.8664552  
678.7325894  
172.9651307  
130.4300274  
171.3203006  
200.5329488  
277.593322  
675.3213422  
129.8766782  
137.0365235  
125.9508077  
67.29030076  
74.06803285  
7.619186707  
200.3534736  
5.137951877  
30.71650691  
132.6970481  
14.80560523  
126.3874313  
297.5971587  
166.1786547  
348.636122  
983.6020964  
58.65791249  
43.64100238  
14.00709579  
44.38081659  
250.3560873  
53.34137075  
1334.022715  
15.81519091  
274.878939  
137.3540664  
1162.230702  
11.78601327  
8.745780795  
549.055638  
621.8950324  
699.1293331  
161.9876571  
1388.012548  
465.6667275  
2667.440644  
809.9462931  
118.1563821  
192.7385775  
122.6741519  
49.98736464  
4.528555924  
69.67548172  
621.6371874  
213.6281096  
566.2743945  
421.7441896  
339.1387695  
16.82790164  
281.6663072  
608.5650548  
1068.496235  
508.4485995  
184.9190835  
202.2387107  
78.87691934  
223.1682584  
439.210375  
56.36811097  
168.3246261  
5.694982462  
1.619534532  
459.8153446  
74.91000281  
694.9406094  
153.2721182  
352.1312921  
83.3973901  
127.6624221  
161.0493177  
10.15216771  
349.7711658  
611.3513472  
19.27913384  
131.952915  
1113.049354  
341.4035898  
87.17536104  
376.577048  
132.2309779  
26.41687702  
945.9851271  
529.8085981  
456.7874756  
288.1708447  
42.35888628  
37.2267374  
1225.414956  
578.585024  
999.2876698  
241.749618  
231.8501751  
46.65150876  
319.3492285  
144.9796458  
88.02036699  
974.6714698  
259.6983313  
65.01045334  
266.0006308  
289.2809494  
380.5001002  
976.3301105  
236.6036147  
109.4359265  
182.7822379  
68.5925052  
94.65989149  
233.6145824  
107.6380038  
608.5488409  
468.4511453  
110.7491048  
75.49380383  
3.60578355  
118.6505618  
243.688215  
91.07838907  
