1436.800579  
1703.015838  
665.7846999  
1339.149142  
462.8441769  
917.5120234  
1066.647861  
935.4223668  
416.0191984  
1311.203448  
1019.306486  
78.35797773  
599.5041533  
1912.532313  
69.21954029  
642.7371632  
414.0945398  
2517.96166  
290.3413644  
110.2357616  
158.77432  
139.7360234  
1132.355694  
318.4408288  
594.1729009  
942.1124225  
616.613699  
440.217745  
185.0024361  
610.190542  
391.2608667  
50.04521148  
289.561227  
349.2408944  
472.5222505  
385.7279615  
343.2515195  
403.6064927  
23.14564737  
1338.35731  
812.7209895  
247.7805604  
499.8603854  
121.5215083  
300.699774  
229.3732737  
600.3146179  
874.8729492  
41.4907164  
21.3264296  
140.5763443  
640.3522419  
716.7286297  
648.9561934  
928.1957585  
519.2651345  
291.1253444  
0.06968992104  
74.77784106  
513.5977995  
570.4691783  
1736.251253  
581.8961249  
254.4680198  
11.96464424  
339.678381  
646.1110746  
1498.478998  
36.31826181  
1202.340668  
2.369443214  
1867.863652  
1020.926255  
631.5416719  
228.8202904  
214.7930031  
1449.403467  
241.0552528  
244.151657  
323.0611846  
269.5707794  
176.2732131  
733.3766742  
172.6136206  
1052.82518  
64.33407508  
264.7853415  
423.0479277  
53.71846406  
236.9729387  
263.135377  
354.9701222  
386.975729  
119.4751275  
879.9870628  
70.14795723  
164.1749736  
570.6522105  
225.9196884  
174.12614  
374.1105278  
55.24976006  
2.389695798  
131.3826406  
70.72335295  
172.5406272  
568.9115253  
7.711093967  
316.5524035  
198.5498668  
285.2631775  
375.1378164  
48.3129365  
362.0944472  
299.6773849  
487.4622643  
190.8412082  
200.9838613  
481.0003217  
761.3124435  
127.3020149  
797.6852023  
199.0851402  
747.6102108  
62.39771643  
742.5830926  
656.8282553  
3555.236102  
37.81847574  
2087.886564  
75.90685625  
1217.44284  
72.45305829  
425.0702279  
32.5384716  
528.362371  
138.1402877  
123.9476027  
81.60626003  
140.7550857  
349.3252083  
38.56074193  
310.8486959  
686.261209  
117.3752148  
98.97819483  
115.3771062  
868.6415295  
760.2547742  
261.3073075  
56.47523498  
173.5586415  
16.8278368  
471.5066032  
879.6503584  
6.308432639  
365.5106982  
277.7251719  
299.3310603  
109.3859275  
283.0272206  
196.3623437  
197.376669  
28.70563794  
102.5188901  
313.6196185  
72.46825587  
67.04576683  
134.7473887  
687.0862993  
326.9403091  
295.2757632  
231.892432  
693.2528145  
154.2619898  
83.23320075  
167.8982064  
7.469474546  
63.3405707  
70.92169359  
309.5198032  
450.6419877  
88.11294112  
159.1322935  
38.47591268  
32.98709852  
521.4685835  
0.3547771893  
201.5154669  
681.8929831  
74.83211543  
122.0250779  
90.68019233  
112.6054126  
243.8777658  
13.81065809  
32.1917916  
59.5739699  
113.3438357  
635.7147113  
42.7844305  
2.892989197  
104.9761248  
349.237894  
50.40741401  
216.2065824  
176.5079578  
60.86975386  
227.2907368  
37.74700671  
