480.106635  
742.4559353  
552.1379395  
314.7628409  
120.184657  
556.0495963  
919.5544947  
833.6583274  
52.91437129  
163.7231774  
677.2612221  
0.0649028165  
209.0128209  
254.6377416  
46.86162829  
567.3836482  
732.4442453  
29.48703634  
1725.724335  
34.52558746  
306.8351214  
739.3827616  
569.164976  
1851.521697  
378.3715702  
22.6112021  
1780.681712  
451.7856338  
111.0803688  
1036.825956  
271.1295768  
879.0546648  
1013.58826  
4.725929851  
2121.941799  
371.9578662  
1038.943206  
168.7642113  
834.2000803  
115.9636849  
128.9280457  
471.1229243  
204.8416191  
1675.997719  
557.0501034  
175.4685059  
390.7622688  
251.7495266  
475.5077689  
1252.611884  
43.66868041  
130.7692695  
7.244822298  
372.45973  
936.9366286  
40.29127817  
504.5530303  
241.5047248  
43.5762532  
157.9788171  
820.7365361  
127.7701354  
1242.665325  
1732.70391  
1451.119066  
1489.942188  
766.0426945  
902.3989584  
557.339046  
649.8823532  
591.6697182  
234.9442421  
190.023757  
49.58463745  
10.28848577  
41.99576245  
2253.608934  
376.3046887  
48.66393932  
368.7020395  
184.3271798  
588.8785188  
131.597069  
359.6489378  
702.3039587  
52.28988081  
61.97122326  
113.6278913  
377.4561849  
613.4438903  
765.8067969  
75.87691341  
654.5766383  
57.95082294  
358.3617321  
123.3013914  
88.53782748  
26.44445476  
527.7330097  
82.26664183  
301.7758638  
94.96255353  
167.1569917  
15.5447143  
752.9652195  
39.0084113  
190.09632  
177.067325  
355.1127659  
119.5793869  
879.6753677  
353.7932281  
160.1980492  
471.403101  
66.08546362  
479.2548241  
21.51591201  
13.04793306  
355.9003834  
9.783436385  
76.87003062  
24.83727352  
112.2357169  
5.597616634  
577.6934314  
1334.824452  
223.7064739  
1919.584657  
457.2448818  
293.5202534  
103.9856918  
2446.826282  
593.9122639  
1618.982463  
15.76685141  
179.6053655  
356.4246659  
110.3593946  
1138.498433  
343.088769  
149.4259337  
431.204091  
25.16355591  
410.1607174  
270.0125494  
276.3256963  
488.8001051  
589.3376172  
848.9910183  
339.7247218  
1099.647358  
1465.944962  
26.75466734  
71.37236655  
19.95268236  
65.94924641  
1083.492951  
354.3594637  
361.5822867  
52.40139751  
415.5394869  
322.1458201  
158.33565  
603.5860315  
205.277877  
191.0008884  
86.84539601  
303.5359066  
152.1118473  
188.0404598  
30.88481518  
1460.130509  
332.1985367  
9.068963102  
386.0980686  
458.2329044  
42.79323659  
49.32865894  
269.1929812  
739.1372962  
408.3058924  
304.9099647  
56.10618181  
18.7672701  
380.0986141  
29.35200537  
230.301748  
155.6704226  
625.1449087  
156.5772103  
91.77606762  
104.0497277  
110.4948277  
45.9744394  
134.0222642  
46.20011456  
31.32050774  
145.3252057  
11.17874113  
161.18265  
15.64475244  
259.6191633  
317.600301  
172.6896212  
94.62507507  
248.4257379  
27.38880084  
352.9736255  
23.5877476  
883.6261415  
