131.6839068  
222.1775902  
269.512311  
194.1754233  
600.780633  
373.3181856  
1185.245306  
1127.153157  
2100.755086  
616.0395655  
216.1214448  
2411.57431  
2426.388894  
60.42685413  
757.2133529  
628.805033  
486.6630653  
253.9206153  
1074.874945  
797.5030258  
863.4949514  
1403.235258  
491.7928077  
58.98088403  
624.1454298  
20.32307732  
119.4701547  
1044.560883  
184.1823847  
1381.515127  
498.9470177  
706.2912774  
371.5293857  
167.6618799  
722.3244705  
168.8761714  
528.55844  
193.4272308  
525.5677787  
243.7208838  
321.433549  
784.0996871  
612.642454  
18.41826606  
820.2288491  
2484.527276  
1.758644002  
131.9302951  
861.6138589  
720.7161882  
1494.901842  
51.26868846  
97.83435183  
1623.563175  
198.7293829  
995.9143677  
366.8725812  
1309.33719  
1345.205612  
2512.095941  
1578.903412  
1388.843906  
312.9162177  
833.6372336  
10235.24611  
1419.458309  
1209.262277  
95.42489512  
3312.379766  
129.5300707  
1950.576856  
562.9560896  
1483.221846  
416.4538427  
938.3892954  
185.2208044  
186.3708321  
234.3557152  
110.0500065  
40.72950765  
3.34810856  
19.75415973  
317.7306413  
238.3230295  
122.3476048  
6.154531556  
570.2280451  
171.2439788  
61.67877424  
344.5129905  
223.7234629  
91.51120603  
124.6989289  
599.9347821  
118.3162961  
250.8387539  
20.76388425  
52.75639934  
66.7879155  
21.59585899  
43.11527776  
98.31523962  
95.88845466  
7.452433132  
71.82935483  
32.99215553  
175.8782144  
60.54085828  
92.82660657  
75.92724884  
327.7176836  
183.686888  
123.2334562  
76.03869428  
90.73328505  
206.480185  
111.4061363  
43.95393206  
608.9568529  
71.37627339  
108.3454798  
137.7976858  
5.615113342  
187.1998137  
174.8141992  
23.77288773  
166.9458807  
759.8591702  
457.9949981  
319.3659606  
8.029913156  
36.46639158  
157.1773391  
2.859682357  
68.16862723  
292.5692535  
389.0507624  
209.8698362  
7.319214366  
136.4228262  
34.99491188  
168.3250325  
472.6349768  
139.3169856  
2.574544738  
4.652129583  
109.691599  
349.5730553  
221.9560935  
46.55535089  
492.8931496  
200.8638512  
155.7653818  
10.2119655  
5.972481364  
20.21645721  
6.875398896  
85.70009585  
121.0537929  
117.9314207  
51.04703831  
248.1832834  
52.51326355  
67.99081712  
4.376709995  
506.6102935  
226.6328889  
224.9981445  
37.39265829  
94.68395272  
159.499241  
15.81235847  
77.551162  
12.32026322  
162.7107992  
289.1291686  
55.00435568  
210.8809852  
26.29111022  
106.1165719  
176.4003894  
27.9854919  
65.33382636  
10.69137205  
325.8449803  
57.04188136  
26.71564125  
610.7082399  
46.95452886  
1.204350311  
153.9895037  
34.5757062  
57.76576392  
1.734478982  
73.32471711  
149.736727  
11.25330228  
180.0925279  
35.38487349  
279.5426638  
153.6275764  
108.850997  
53.30775815  
130.6481313  
11.18865169  
157.7516042  
48.65751724  
69.58916881  
134.2333244  
188.3191153  
