588.0508575  
1530.54533  
830.1612434  
1131.583914  
122.643827  
962.4556404  
579.369617  
581.5748166  
2355.348527  
173.1286042  
1563.67522  
61.02139807  
711.5656398  
937.842183  
528.5499334  
1092.145992  
120.9303365  
249.0875529  
1587.835401  
1917.041003  
387.9266177  
312.843595  
397.3306536  
166.2538653  
429.0979428  
379.5811386  
1197.233075  
67.92784954  
180.1000624  
1763.405771  
662.0993905  
25.18885875  
4.904281651  
1262.209694  
252.470528  
234.7499246  
305.5629753  
324.5056853  
525.4122185  
109.6160387  
452.066305  
25.74742361  
49.53340221  
222.0291732  
30.82288062  
469.0713228  
185.7360369  
294.2031836  
40.98773617  
467.931761  
1677.511985  
9.842253619  
1183.125801  
556.5512836  
62.05558679  
328.2061031  
70.24311837  
156.8313702  
996.0593439  
215.6468324  
750.7987013  
412.5203628  
1118.891739  
493.8493715  
918.4962807  
693.8145951  
611.0206955  
718.820989  
621.9964865  
181.5281082  
193.1314358  
374.9380347  
953.1231685  
80.72902548  
63.5781417  
111.650384  
42.10772162  
1163.207779  
148.4677222  
859.2040878  
197.4028845  
1768.49678  
260.1859985  
237.455984  
564.1592456  
307.4396386  
140.5694147  
20.68155477  
20.28994382  
247.6322079  
325.1739656  
696.4917106  
719.6511543  
19.1555566  
420.4521522  
42.39792698  
399.354664  
665.3804309  
104.9786335  
513.3923529  
146.5243072  
590.7317261  
34.56171237  
172.3103998  
61.00125979  
527.6229695  
225.2933634  
64.6482115  
122.662881  
146.975836  
309.696693  
379.7539804  
633.2354158  
75.27862873  
270.8751976  
47.02644462  
27.92643528  
14.9666216  
143.2234016  
128.8606775  
124.332131  
271.3842608  
24.57075051  
471.3588899  
97.87265968  
484.2423652  
81.59905229  
737.2641469  
695.4212305  
763.2193043  
199.6142574  
159.6977028  
81.69057236  
454.7930481  
276.1767013  
689.4170737  
324.2603185  
373.0766127  
152.3526337  
21.62724401  
347.0489176  
184.6482474  
103.6788412  
2.628590128  
138.554158  
52.30459576  
1239.301663  
225.3341593  
16.71778544  
523.368257  
107.5722888  
104.8496306  
354.7126311  
339.1759016  
142.4530981  
7.779691579  
33.82187882  
430.1077611  
126.3943836  
267.6019837  
437.8730746  
1073.337347  
363.1729133  
196.066295  
251.4883027  
599.3377084  
99.42710457  
142.2830263  
966.5333583  
1242.072967  
1619.176403  
147.9164559  
605.4075477  
21.52433711  
1052.893989  
3.955159517  
343.1751074  
113.8755277  
1465.853212  
210.0382996  
952.5321054  
611.6506173  
66.00462845  
284.1382331  
738.8138599  
164.5205423  
512.8498564  
225.3201265  
227.8510848  
250.9217234  
173.3383738  
108.2386384  
230.1882855  
56.98387883  
390.3582021  
113.1543663  
87.77569153  
426.5135152  
8.751238374  
197.0507126  
57.55334016  
358.8739048  
163.9704319  
871.3634881  
128.6285382  
43.98249307  
1038.897212  
163.0349213  
565.5897711  
341.4867285  
