162.6276132  
2989.391501  
750.2115292  
125.8012683  
185.5849464  
8.03805972  
1391.766572  
94.5685428  
12.4394148  
567.0428205  
372.7102238  
575.4068637  
76.67620154  
628.1341286  
718.9414996  
76.91007691  
1337.378286  
234.7879505  
732.8810135  
289.0006782  
562.5125745  
1437.408826  
277.9091462  
48.33132837  
1677.876056  
1359.205191  
741.0278744  
1357.54868  
175.6170043  
156.0942179  
3.059945116  
374.141045  
347.6059741  
346.1316021  
1575.008532  
592.3031555  
106.52568  
96.3617738  
355.5289259  
731.1685825  
324.5121521  
120.0300072  
775.1721878  
181.2228179  
336.9197756  
145.797043  
440.9767933  
406.9734862  
1021.980874  
755.2039259  
172.1480272  
19.4095506  
436.5627738  
919.4192357  
974.7569651  
798.4245781  
1211.190808  
128.9210129  
255.7754992  
226.250806  
35.52326323  
94.83315227  
164.7443441  
2178.489476  
648.390521  
1635.956384  
2062.88188  
35.28968002  
1596.819278  
646.4382302  
60.08324864  
193.3100314  
498.7206131  
25.56848415  
47.27226763  
167.7113089  
562.5716383  
994.2399951  
1191.028151  
109.404189  
24.52692328  
1319.617081  
11.41867956  
192.4533782  
434.7886924  
111.3141113  
204.2915304  
934.5316635  
264.7720933  
114.5633524  
886.0999808  
140.0343362  
122.9935369  
72.34616477  
241.7005943  
150.6277358  
74.07505327  
652.8402454  
7.548281279  
82.63891978  
86.76063723  
233.449813  
177.891128  
34.43959913  
223.0005802  
275.744075  
674.0947914  
251.3623339  
571.1995904  
44.2713366  
147.6903352  
89.62313499  
34.84792375  
57.94297581  
212.8699783  
188.8926651  
105.5316657  
52.38376371  
77.92293318  
117.6813616  
159.8836764  
85.67736578  
24.0343232  
387.6533841  
583.9450098  
71.80400603  
171.7305907  
239.4928225  
306.3909269  
659.6612384  
317.5091503  
618.0400798  
285.5195954  
109.9946389  
33.56652841  
15.14430507  
101.3711728  
349.9571933  
636.827398  
442.4715778  
28.04938858  
489.6893223  
392.5173056  
437.6822152  
604.8838068  
139.3027771  
562.6336214  
279.630124  
83.09326847  
49.33120401  
125.9364491  
688.5142791  
425.0521869  
637.8228781  
251.1238325  
760.1307642  
694.8568074  
1175.922854  
27.55264964  
440.6697256  
47.78303308  
355.4231852  
229.7301027  
552.4347812  
1337.307236  
1206.922488  
185.0235745  
277.6341753  
2263.649258  
3.950127659  
700.4058634  
592.7329345  
360.7762192  
298.917666  
106.7889645  
25.11382803  
88.36101695  
156.3422317  
254.1322629  
390.7200675  
96.99015114  
255.2244091  
79.94705115  
456.7686361  
854.5902069  
88.88887828  
603.3226609  
107.0220209  
119.824394  
207.5623662  
538.9484455  
493.2040174  
103.8201958  
349.4440145  
350.3371884  
96.60645099  
43.21246139  
886.0656849  
49.53910443  
770.9898906  
36.94247409  
36.0789892  
122.8078432  
286.2537855  
198.9735723  
91.69508043  
545.4574932  
27.92068771  
704.2017463  
209.5358041  
