658.6629938  
1900.565278  
466.9789239  
51.61179169  
1061.408533  
420.0351103  
350.8798526  
943.6365039  
448.6627824  
809.2349246  
60.09593805  
1512.542094  
729.238338  
240.8316752  
270.9018515  
2827.410208  
226.5813248  
179.5476021  
207.4974611  
248.0337956  
441.7706111  
48.51260181  
92.47020918  
18.6531301  
613.2617654  
733.7905928  
1065.499545  
80.83974368  
862.7156504  
606.9570938  
1105.467507  
226.8770414  
751.2601843  
461.4010599  
801.9013865  
729.3625003  
460.9917703  
454.2983573  
128.473214  
95.93119978  
121.7840033  
217.5880777  
496.0558873  
438.3906512  
103.130697  
928.9084523  
115.3068202  
234.609184  
304.5530297  
452.8371848  
89.09111462  
985.1773306  
504.6904687  
313.3636421  
642.163145  
254.4682461  
329.7506666  
48.63648906  
385.3180927  
1318.073235  
187.8850746  
1321.386837  
720.737105  
46.52294686  
1965.114925  
103.6836301  
44.87268256  
180.783118  
1048.969253  
278.2705666  
1083.381714  
643.3628829  
676.2069726  
87.89497134  
1222.766507  
43.31453899  
273.4433251  
335.0453669  
911.2988239  
296.4851439  
894.3812321  
178.0378142  
122.1812078  
170.1212635  
277.7602015  
142.0775453  
77.48361379  
41.21413486  
950.9168023  
461.0743949  
352.9795567  
101.6621909  
478.4630226  
201.7765176  
74.8340251  
289.6790442  
53.52550463  
305.1030364  
211.6178095  
197.7849895  
61.75933857  
770.1770084  
158.8530512  
135.8280612  
900.2788826  
493.0281307  
142.0592974  
94.1403412  
166.5817323  
22.03586159  
5.731510831  
383.6154962  
28.62312595  
86.88762335  
78.61103448  
48.70480959  
188.7416429  
200.5332093  
424.7723637  
244.8790421  
75.73729947  
782.4979064  
757.7400747  
42.13828006  
766.9000665  
195.5025019  
323.9272407  
695.3652538  
506.6971008  
31.83654828  
351.1589401  
311.9694365  
357.3093457  
141.7570838  
99.5664203  
237.1150419  
725.0478268  
78.2175351  
245.9086909  
167.4160388  
745.0535522  
1392.809964  
261.6160487  
143.3681873  
866.8539095  
38.93879177  
585.5049709  
498.7554537  
34.25133342  
120.6824636  
663.52667  
174.8557002  
1452.552834  
3.244471059  
469.5449853  
1169.666466  
159.060281  
197.7743284  
436.0952361  
117.112437  
493.6758777  
1053.260148  
187.8344141  
448.2724328  
10.9330101  
283.5277035  
521.4096914  
183.5277226  
343.0201935  
268.2470186  
1081.068514  
59.77767407  
160.0220103  
132.0336519  
1115.332654  
108.1127696  
235.7017568  
249.0844  
287.0973129  
341.9416122  
562.400144  
1539.472078  
118.1491499  
195.7992933  
228.2435442  
64.30831048  
162.9405311  
526.2273978  
272.9855997  
312.3847057  
137.7860492  
84.92900678  
389.3618726  
148.9606634  
1035.135318  
105.2891599  
115.8577075  
355.5234259  
110.4545003  
25.24300015  
264.3686658  
292.3553182  
541.3179772  
298.9729218  
807.3490291  
318.0591114  
533.0562063  
205.8882794  
862.0595868  
35.06747906  
