2.068844297  
-0.4060024512  
0.6293019649  
0.8566427523  
-1.100735546  
0.5354733894  
1.370631285  
-0.9736425856  
-0.5562511502  
0.9753763775  
-1.250770362  
-0.5693843578  
1.015979622  
-1.300488546  
-0.2810465227  
1.361482212  
-0.7593978924  
-0.3373766488  
1.282948394  
-0.6558064454  
-0.7073279259  
1.069954822  
-0.3208923279  
-1.421778561  
1.305852826  
-0.3071068199  
-0.6777161163  
1.576953819  
-0.3581435928  
-1.087962547  
1.14555983  
0.5969556682  
-2.073897927  
0.5548781646  
1.176027194  
0.8973385029  
-1.380355928  
0.985568218  
1.576690066  
0.651423889  
-1.274802681  
1.321975817  
1.017971193  
-1.29130984  
0.1743497994  
1.224458429  
-0.9871364303  
-0.4739349843  
1.155960969  
0.3726418012  
-1.217943198  
1.255805382  
-0.5386062396  
-0.5586656368  
1.5057656  
0.9676090432  
-1.385215479  
1.236804841  
0.898814142  
-1.510030541  
1.244364041  
1.127795201  
-1.026179271  
-0.8574377178  
1.333479044  
-0.5435721568  
-0.6164035547  
1.316777354  
-1.090559009  
-0.3425012334  
1.162830895  
-0.6202350022  
-1.430771061  
1.120949694  
0.8672983216  
-1.431233752  
0.1814213961  
0.8489978055  
-0.7047440958  
-1.1093383  
1.411113487  
0.5754295321  
-1.163602615  
1.253948616  
0.4385666728  
-1.009783052  
1.174215081  
0.7110288346  
-1.428116164  
1.02722038  
0.8220758503  
-1.8275915  
1.159971217  
1.046465691  
-1.567433348  
1.146982963  
0.8632740971  
-1.280405867  
0.05469899762  
1.147765125  
-1.208334253  
-0.7434414685  
1.277082597  
-1.002211353  
-0.7428336439  
1.199505892  
-0.3892935214  
-1.208556801  
0.5751432534  
0.5931606185  
-1.26923987  
-1.022082665  
1.125172461  
0.2921232624  
-1.459741381  
0.7554621585  
-0.5644185992  
-1.408582209  
1.049039212  
0.6356433833  
-2.003093625  
0.01207094062  
0.8851580181  
-1.379640784  
-0.5791137743  
1.02106062  
-0.4976410026  
-1.510812597  
1.190182965  
0.9382952109  
-1.469895332  
-0.5641228177  
1.138929548  
-0.6297518409  
-2.24265735  
0.5506912552  
0.7813615749  
-1.117483109  
-0.4714971432  
1.21435281  
0.2831448707  
-0.6333054601  
1.24412185  
0.09699690604  
-1.576907642  
1.155238856  
0.4817645754  
-1.555562876  
0.7288465446  
0.4346270277  
-1.976149257  
-0.177552383  
0.4406932799  
-2.27254566  
-0.2430685059  
0.7166926001  
-1.588248566  
-0.5928669417  
1.051138505  
0.5319975552  
-2.02812544  
-0.008919486827  
1.188429584  
0.2688583555  
-1.746925581  
1.229020857  
0.7190650029  
-2.354898367  
-0.2065306925  
1.053367415  
-1.63253464  
0.257545529  
1.468966552  
-1.612503171  
-0.7668918186  
1.00557385  
-0.02646697223  
-1.352314918  
0.8852900603  
-0.8924621057  
-0.8552622398  
0.8121470439  
-0.01116088732  
-0.8718624376  
1.146123614  
-0.04178335762  
-1.424441807  
0.6845895553  
0.3471234145  
-1.935682858  
0.7901384618  
1.394335777  
-0.5918253692  
0.4539832681  
1.357547919  
0.1205400155  
-0.4771701518  
0.9163118875  
0.4898519135  
-2.076602503  
0.981325673  
0.7788363517  
-2.135727688  
0.3815609537  
0.7675075285  
-0.7359871133  
-1.278665114  
1.096431894  
0.5932171898  
-1.797077749  
0.6327594435  
0.9854488869  
0.3283282889  
-2.239617182  
0.7364146145  
0.7944332476  
-2.212627662  
0.8451940005  
0.7944891247  
-1.980623983  
0.8268554031  
0.8231512237  
0.5434053253  
-1.752467297  
0.4960527883  
0.691658571  
-0.963043764  
-0.1040543595  
1.01887738  
-0.1433293353  
-1.792743393  
1.003403024  
0.7561338516  
-2.39235606  
0.7252687237  
0.7479958104  
-2.211238576  
0.3299521793  
1.030720875  
-0.6136135714  
-0.2723500049  
0.8443046507  
0.2624720345  
-2.159819309  
0.9054965944  
0.4515409301  
-1.118824494  
0.7888493698  
1.119454509  
-0.6205669592  
-0.09805354809  
0.8585908069  
-0.125261173  
-0.6617814392  
1.375387203  
0.8446152612  
-1.007237355  
0.9432152588  
0.7198560216  
-1.421994528  
0.2477592701  
1.014038233  
-0.3578681023  
-0.5890280652  
0.8682070933  
-0.2837038818  
-0.7614033924  
1.016704135  
0.6147924949  
-1.084503435  
0.8745497176  
0.7202646557  
-0.913834981  
0.6283476931  
1.15359608  
-0.6861568818  
-0.001639313889  
0.9501687053  
0.1851002578  
-0.6202671418  
0.7218790966  
0.3178310154  
-1.37722774  
0.6774489844  
0.9470897988  
-1.227647969  
0.7000772052  
1.047195379  
-1.062402147  
-0.1338674104  
0.9928824095  
-0.7808670262  
-0.1003416623  
0.8322442951  
0.4678174984  
-1.586232958  
0.4812182751  
0.8522372774  
0.2282927278  
-0.9977468607  
0.9656929448  
0.5722231601  
-1.55339935  
0.8505944681  
0.6823040045  
-1.511778947  
0.6841782688  
1.040302047  
-0.7489495126  
0.2880392284  
0.9293357509  
-0.8308374696  
0.1537660499  
0.9707874111  
-0.5386857489  
-0.7356615889  
0.7547731905  
0.6652271142  
-1.525515463  
0.0519781899  
1.205569784  
0.2279969738  
-1.027974573  
0.7984174577  
0.5374558371  
-1.64720971  
0.7688498425  
0.9492085621  
-0.7541326319  
-0.3460401747  
0.8363263201  
-0.1669371508  
-0.7541130566  
1.267345397  
0.3478496534  
-1.474486603  
0.4152630005  
0.464938653  
-1.40252967  
0.4591818624  
0.7128224284  
-1.291930778  
0.2171781725  
0.7281581951  
-0.04310741645  
-0.8453412019  
0.9927450774  
-0.351626016  
-0.6014642347  
0.5708448041  
-0.5476115469  
-0.5175002053  
1.058859476  
0.7597557084  
-1.298314966  
0.3815731826  
0.4938543405  
-1.314461535  
0.49869269  
0.9245143436  
-1.132032951  
0.7747758689  
0.865055541  
-0.9358664183  
-0.02221799221  
0.6782211895  
-0.5732312765  
-0.7005699645  
1.00787725  
-0.09827506722  
-0.7059155529  
0.936570708  
0.9151183643  
-1.111412271  
0.1823680036  
0.7467466718  
-0.377160908  
-0.7219749355  
0.9545378349  
-0.5742164223  
-0.1797331914  
0.9887706525  
-0.3446138813  
-0.2172494551  
1.249569239  
-0.07639231104  
-0.594721773  
0.8112231351  
0.3601756074  
-1.527843286  
0.6635273993  
0.5142508905  
-1.264166803  
0.4970256976  
1.045269242  
-0.8255270581  
0.01809728652  
0.7929176124  
-1.197111399  
-0.4435833783  
1.07892964  
0.419148537  
-1.319361938  
0.9964742177  
0.9138827096  
0.05305362649  
-0.8927343306  
0.7474903966  
0.6374296279  
-1.561895624  
0.5227582304  
0.8143598683  
-1.010894781  
-0.5445484412  
0.8790628263  
-0.06027850392  
-0.9838209341  
0.2996328711  
0.5104094419  
-1.196084855  
