0.06403709476  
1.267620991  
1.978755375  
-0.4536876346  
0.8736950715  
-0.3854967014  
-1.094791345  
0.5435135605  
-1.265494167  
-0.960492304  
0.5738985426  
-1.3072643  
0.1371081387  
1.158036637  
-1.14257819  
0.4244716983  
1.470709739  
-1.239452201  
0.06743320395  
0.03992384308  
-0.08665494261  
0.7455242893  
-1.474414672  
0.2939899413  
1.173101877  
-1.195997313  
1.116715609  
-1.269352379  
0.1692120628  
1.47077723  
-1.354616825  
0.7034501684  
-1.22202928  
0.04684626243  
0.9615202541  
-1.084463414  
1.37806222  
-1.186138702  
0.2138088792  
-1.376369484  
0.6387713686  
1.356907012  
-0.685581478  
0.9757050445  
-1.378755204  
0.1339680282  
1.670669397  
-0.9387974348  
0.7954474021  
-1.02220817  
0.4325682511  
-1.730831332  
0.455657187  
1.54258334  
-1.000474349  
0.9369402727  
-1.153181426  
-0.0031543644  
-1.426778414  
0.4550845363  
0.2504538376  
-0.4224633652  
1.221264586  
-1.218964614  
0.02224989687  
-1.391001882  
0.7298026482  
1.213992634  
-1.089149978  
0.5084959802  
-1.438046942  
0.5121606528  
1.682319676  
-1.114561907  
0.2207664426  
1.509659017  
-1.012273  
0.7260289277  
-1.313958142  
0.3567674098  
-0.8150427596  
-0.1322213602  
1.619586725  
-1.03349016  
0.1284554159  
-1.402443568  
0.1639094065  
1.283547985  
-0.8298598759  
0.5396485361  
-1.370044759  
0.6715342114  
1.071950996  
-1.112452853  
0.6496951846  
-1.416052864  
0.4790794428  
1.566969081  
-0.9637098117  
0.1986497765  
-1.342621816  
0.6445153653  
1.170564141  
-0.9217622296  
0.7726625563  
-1.255171227  
0.5440516219  
1.807277535  
-1.265042189  
0.7027684005  
-1.094620134  
0.6809681661  
1.379883016  
-1.057287517  
0.8562026399  
-1.131404389  
0.7431755104  
1.774909693  
-0.9876494358  
0.2808914701  
-0.9296511338  
-0.01222603834  
1.026348231  
-1.253362303  
0.1604259761  
-0.2940619516  
-0.6099186726  
1.454739084  
-1.224477829  
0.255176249  
0.3675169851  
0.2021715449  
1.274036797  
-1.048842881  
0.5444176773  
-1.436394032  
-0.09593831428  
1.481889253  
-0.6577693709  
0.849970353  
-1.028767804  
0.3956467466  
-1.510516206  
0.5133735897  
1.69643302  
-1.079235197  
0.8565256466  
-1.163397237  
0.4191761511  
1.421296868  
-0.970988511  
1.002378044  
-1.150863521  
0.8440958468  
1.674858709  
-1.076976357  
0.7275333917  
-1.299464543  
0.3409824233  
1.283072472  
-1.03684764  
0.05926229729  
-1.773564842  
0.4534093871  
1.858225723  
-0.8204664553  
0.924086932  
-1.098314686  
0.1976052369  
1.174860514  
-0.9425191374  
0.7687577102  
-1.099024511  
0.5333859267  
1.207914157  
-1.229107229  
0.6637252177  
-1.367308052  
0.2707530576  
-0.9283543315  
0.3915567385  
0.9383077951  
-1.26563213  
0.3771053263  
-1.364150811  
0.6910785562  
1.546291891  
-1.055546699  
-0.07836078487  
-1.474485188  
-0.03172938544  
0.6290589199  
-1.067310683  
0.2051410286  
-1.196120766  
-0.1127720092  
1.551464336  
-1.183217581  
0.218198187  
-1.246825172  
-0.09341890646  
1.033557982  
-1.256141594  
0.2128700003  
1.035174933  
-0.9761574535  
0.7975536275  
-1.456127021  
0.06224566701  
0.8287755711  
-0.5489159357  
1.169853631  
-1.017596555  
0.689925106  
1.41793605  
-0.8755650723  
0.6893763581  
-1.224130756  
0.4253739023  
1.660272666  
-0.9457771327  
0.4942633324  
-1.248029857  
1.229105591  
1.37293908  
-1.139409324  
0.5907381217  
-1.347008985  
0.03128538362  
1.348670943  
-1.141531718  
0.5450521191  
1.571062758  
-1.114263877  
0.4035282453  
-1.47739492  
0.7327815424  
1.476315516  
-1.05989401  
0.3602608422  
-1.484351793  
0.4265273914  
1.294080989  
-1.167859411  
0.4873562034  
-1.407710936  
0.5923975595  
1.260455393  
-1.050181373  
0.4430772207  
-1.419714363  
0.09867786464  
1.337815412  
-1.223855618  
0.2347856624  
-1.200602908  
0.5485519007  
0.9207894218  
-0.8749447688  
1.29155791  
-0.931379  
0.6345017373  
1.226673651  
-0.6393817219  
0.838358211  
-1.267728468  
0.7429165499  
-1.364724929  
0.8363237366  
1.725180147  
-1.150643363  
0.5101306583  
-1.159576031  
0.5709468734  
0.9242334936  
-0.3286754187  
1.198302079  
-1.152523942  
0.5851104293  
1.328067638  
-0.5238941992  
1.287926743  
-1.014845389  
0.297381042  
-1.403560519  
0.7752292565  
1.38300345  
-1.015850455  
0.8034477825  
-0.9900671552  
0.6608804069  
1.837452036  
-1.021958391  
0.2872956779  
-1.340791511  
0.6626937015  
1.053713522  
-1.132862283  
0.5923909854  
-0.9933345732  
0.4774567769  
-1.131637958  
0.1712354036  
-0.07792469369  
0.009035036632  
1.485382794  
-0.8263258679  
0.4514488996  
-1.256429135  
0.09756582378  
-1.719069358  
0.8732811349  
1.340981422  
-0.76705254  
0.5940108034  
-1.431887165  
-0.1593496299  
-0.4734687057  
-0.1387088596  
1.181516564  
-1.169192994  
0.2019334754  
-1.315070156  
0.2781226129  
0.3570065469  
0.3407305007  
0.8365734063  
-1.07897802  
0.5234820497  
-1.207786089  
0.5211517139  
1.357474862  
-0.7730289286  
0.7842415702  
-1.199150833  
0.623960728  
-1.54695422  
0.5801760376  
1.677494881  
-0.8167169476  
0.9543073566  
-1.100411879  
0.3882467918  
-1.432972183  
-0.7069845944  
1.171378991  
-0.9383282524  
0.585519954  
1.340575695  
-1.003411978  
0.8173466084  
-0.8643874587  
0.7286046662  
1.37100846  
-0.5734702863  
0.9858335975  
-0.9302243348  
1.092313896  
1.466351456  
-0.8192001148  
0.951554251  
-1.245888696  
0.2180887823  
0.2506211  
-0.5089584017  
0.9312418542  
-1.230000352  
0.3695860776  
-1.476658653  
0.6404496956  
1.273982235  
-0.907974068  
0.5603817445  
-1.261210333  
0.3740795725  
-1.368171063  
0.7704868409  
1.343096047  
-1.000486234  
0.6347256609  
-1.094106507  
0.2825490238  
0.725020787  
-0.1466982563  
0.9056978501  
-1.038224918  
0.6100635603  
-1.484246596  
0.3086198814  
1.676659129  
-0.9786516115  
0.1900563988  
-0.902849977  
0.2686336432  
0.964855984  
-1.124942305  
0.1935427461  
-1.26448368  
0.235326092  
1.341756558  
-0.733424021  
0.5300789035  
-1.122934875  
0.1349421415  
-1.353856923  
0.6062568736  
-0.6986883121  
0.6802771483  
1.187858459  
-0.9646011037  
0.6867789068  
0.9410146023  
-0.08213576204  
1.370477794  
-1.08303519  
-0.002095213613  
-1.293514182  
0.2058081186  
0.7054369328  
-1.223329872  
