0.4808506639  
0.4415469498  
0.4033911137  
-1.701288332  
-2.077300763  
-1.582785345  
-0.8501392646  
-0.2021108072  
-0.9528844291  
-1.192460098  
-1.117317284  
-1.647636546  
0.4645721001  
-0.5835801547  
-0.3523653055  
-0.4176142616  
-0.1798337564  
0.3613703245  
-0.4129415122  
-0.03580038022  
-1.371718024  
1.127526649  
1.836537408  
0.9049184858  
0.3215855255  
-1.610082651  
-1.512285998  
-0.8068977272  
1.024602396  
0.5651006295  
0.531694362  
0.541897532  
-1.395829991  
-1.183037466  
0.1067064065  
1.419174872  
0.5284265057  
-0.4407761011  
1.042603597  
1.191620031  
2.041977208  
3.472112639  
1.97408851  
1.973045364  
0.7646653411  
1.04885831  
1.193250739  
-0.6586318383  
0.9499212572  
-0.2449259516  
-0.7878867122  
0.3230781318  
1.280350116  
-0.107605501  
0.9558453986  
0.3149789991  
0.6222142081  
1.42730949  
2.527406035  
0.5063845085  
-1.247113187  
-0.6699837804  
-1.11278395  
0.5339346217  
1.507780317  
0.9559663087  
0.5692188133  
0.04002219321  
0.7518683028  
-0.1196590423  
0.08421661778  
0.5731655228  
-0.3353399492  
0.8741159961  
-0.01700707449  
1.569087611  
0.6479790756  
0.2790455658  
-0.03935596066  
-0.491966833  
-0.4685140076  
0.7045331203  
1.228055839  
1.491432047  
1.319788616  
0.1571851638  
-0.4007342666  
-0.8309883835  
-0.2018424398  
1.040012374  
0.3745335533  
-0.4859132088  
-0.6597957064  
-1.607872769  
-1.297944474  
1.094447213  
-0.3098839778  
-1.874318934  
-0.9852324212  
0.2796603607  
0.179119145  
-0.4548895137  
-0.04678558362  
-0.6926455379  
-1.266902392  
0.4194797644  
0.2511944876  
-0.6007235385  
-1.230685898  
0.7792275441  
0.3462124758  
1.061716674  
0.1006128605  
0.2929688418  
-0.7034174523  
0.9029517505  
-0.2611156592  
0.1337793158  
0.312621382  
1.128817671  
-0.0006439237781  
-0.3418022724  
-0.06345634883  
0.4466630278  
-0.9310091857  
-0.9075517924  
-0.05743238469  
-1.176022801  
0.1262000343  
1.237678831  
0.5036339241  
-0.1400208845  
1.192164197  
-0.4882764336  
-1.848913082  
0.3717902001  
0.508347711  
0.9743413475  
-2.021260227  
0.8928231661  
-0.03748989626  
0.03350501765  
-0.01082103845  
-1.276137914  
-0.4719187041  
-2.635967261  
-0.8582475526  
-1.65632868  
-0.322096604  
0.329288944  
-2.097276848  
-1.744812471  
-0.6339334026  
-0.7949915034  
-0.8859756784  
-0.8832973323  
-2.043808089  
-1.887394465  
-0.5781398485  
-1.242775646  
-0.2178794224  
-0.1660604381  
-1.296337258  
0.1489645141  
0.08513405709  
1.531649966  
1.072974536  
-0.7431510601  
-0.1544099911  
0.3363129551  
0.1499504313  
2.356451544  
0.06404984963  
0.4570562265  
-1.47865035  
-0.6701579857  
0.07013231346  
-0.4342248635  
0.128851819  
-0.1531122434  
-1.095475802  
-0.9899042836  
-0.09496179116  
-1.123725025  
-0.4218306112  
-2.000298604  
-2.211836029  
-0.6613445995  
0.2313431345  
-0.3891151422  
0.7019905149  
0.2466050958  
-1.062703694  
1.230085848  
0.1335152927  
0.5025850203  
0.7024536686  
0.6128971544  
-0.3513543644  
-0.1484205903  
0.8617276457  
0.2761980744  
-0.06045087721  
0.2482143219  
0.6292518703  
-0.04306403323  
-1.205228789  
-0.2066661171  
-0.7547617562  
0.0009015648302  
1.56564918  
1.988449115  
0.9537814763  
-0.6713081711  
-2.069405834  
-1.351569602  
-2.298756502  
-0.2333413489  
-1.117059771  
-1.649443691  
-1.553305066  
-0.1727409794  
0.07557324057  
-0.8501919318  
-2.312694575  
-0.3178414541  
0.1965382329  
-0.1069098942  
0.4832166599  
0.9650731286  
-0.09435748145  
0.08809758539  
1.881197258  
0.7538782504  
1.648337986  
1.440645383  
0.4555486304  
0.8528923648  
1.586669681  
0.4888061559  
-0.1768108695  
0.696116627  
0.9704670473  
1.500851805  
1.681422521  
-0.3825566765  
-0.9486572719  
-0.3248315621  
0.7538483668  
-0.2220515744  
-0.6218587496  
-0.5334004772  
-0.6404224749  
2.568870879  
2.484640256  
-0.1039589908  
0.05264057357  
-1.189333917  
1.266609059  
1.253921113  
-0.4746537687  
0.6997099731  
-0.9739518886  
-0.4644478256  
0.2691657873  
0.2614317219  
0.97690609  
1.164827042  
0.04876242772  
-0.1310118622  
-0.4838833747  
0.03753765943  
-2.049312539  
-2.932351416  
-1.726761889  
-0.1127622929  
-1.413731124  
-0.1057674138  
0.523684497  
0.4247468083  
1.128147666  
-0.4416618637  
-0.6913667565  
-0.3697749229  
-0.09381743425  
-0.1403773785  
-0.6659982897  
0.5290202267  
-0.1565944887  
-0.1555141522  
0.4295849721  
-1.521756189  
-0.4504845427  
1.043260199  
-0.9023871095  
0.1521397623  
0.03176561472  
1.126433707  
1.73659654  
0.1570509211  
-0.7996633233  
0.5326848926  
1.060583777  
-0.6113323886  
1.096228565  
0.861648204  
1.041387665  
0.7942055647  
0.09496005539  
-0.9561209504  
0.7583807094  
-0.3386577465  
-0.6731694837  
0.1676458529  
0.1033786481  
0.1926797281  
0.4566453538  
0.6901422501  
0.8158191851  
1.084071688  
0.2708194105  
0.9032536723  
0.2244377995  
0.6823877661  
0.7848431298  
0.7084516321  
-0.1657191767  
1.055421262  
-0.3678025844  
-0.1364385696  
1.815757497  
1.024385846  
1.265321896  
-1.163959663  
1.003000071  
0.6540487685  
1.731097137  
1.13513122  
-0.5882121744  
0.4375720626  
0.1670174447  
0.9592665387  
-0.09992838816  
0.3281148682  
-0.2998246026  
-0.224204079  
0.3463521411  
2.307406097  
1.014264128  
-0.1204974801  
-1.633255039  
-1.825995989  
-0.6779111154  
0.5848393852  
0.4486931463  
-1.595711824  
-0.7893535451  
0.7336376544  
0.5801322704  
1.949760276  
-0.2744511237  
0.9140220619  
0.04564517503  
-2.203784929  
-0.8496077985  
-0.8175114722  
-0.6896768334  
-0.6301429812  
0.7956949577  
1.029934756  
0.3062542813  
1.078225434  
1.209323885  
-0.6026913  
0.2811627226  
0.7480302747  
1.014843324  
-0.3278170759  
0.129397271  
-0.8298615376  
-1.771932009  
-0.03408603573  
-0.5215848453  
0.4573123716  
-0.4422337325  
-0.8397766047  
-1.622141116  
-0.8962745225  
1.343739124  
-0.3505562351  
0.4477325756  
0.172543547  
-0.8485069315  
-0.3370266939  
-1.055377455  
-1.764484235  
-0.5634983575  
-0.2721545771  
-2.358876047  
-1.211353676  
-1.522075086  
-0.2873709698  
1.845717285  
0.7759042789  
0.9083235929  
1.191633872  
-0.2588751038  
-0.1536143388  
0.9429362523  
1.076702586  
-1.86845577  
0.07604754253  
-0.1961381932  
0.5176000194  
-0.2980412847  
-0.8880844189  
-0.10175638  
0.2830111277  
-0.115450316  
-0.6159389031  
