-0.3124642244  
1.775576566  
0.8671037825  
-0.558855979  
0.7577953339  
0.4002975245  
-0.7834276936  
-0.4557968638  
-1.315526261  
-1.116483234  
-0.332734549  
-0.4084374972  
-0.1438304037  
-0.2961287944  
-1.508083359  
0.4098109796  
0.8024175169  
-0.623095421  
0.07750748707  
-1.876744366  
-1.093158645  
-1.799858436  
-1.457411371  
-0.08239827779  
0.3802312146  
-1.34972169  
0.2637226944  
1.270632571  
0.1199634231  
0.8478777214  
-0.8950873987  
0.08125481806  
1.555682597  
0.7721548652  
0.06611772091  
-0.1142764978  
0.7629010441  
-0.8297625935  
-1.723579649  
-1.094482274  
-0.08108342365  
0.2439236243  
-0.5864279173  
-1.318456035  
1.027333886  
1.526660663  
0.2653917556  
0.7030611053  
-0.5370267915  
-1.267839236  
0.8250829737  
-0.5769669986  
-0.3890960496  
-0.8701697187  
0.2590440706  
0.4532515604  
-0.5875819126  
-0.8582256604  
-0.9973824042  
-0.2880149473  
-2.106810195  
0.1245944276  
0.3630412845  
-1.372748048  
-0.824884175  
-0.9157343819  
-0.5901476234  
0.601005337  
0.630333671  
0.1548328309  
-1.947040452  
-0.849785523  
-0.7224824066  
-2.483248514  
-1.356456749  
1.10476723  
1.349626187  
-0.4969576033  
-2.786507904  
-1.084806526  
0.5065491813  
-0.1107340943  
0.102001528  
-1.478075754  
-1.38515612  
-1.665914442  
-0.3804937881  
-0.8191165356  
1.037459479  
-1.016279067  
-1.380599457  
0.3326707877  
0.4740662574  
-0.1071606164  
1.270101047  
-0.8398213886  
-1.167949025  
1.342848384  
-0.6384313815  
0.4981140574  
-0.7626808689  
0.2691830522  
1.005763646  
-0.4176879226  
-0.2438014408  
-0.09433269657  
-0.7356339721  
0.7569993243  
0.1131590289  
2.233556262  
0.329682273  
-0.3123853662  
0.7463856096  
0.01342791943  
1.745203  
1.390053002  
0.4673369871  
1.508419501  
-0.889437783  
-0.9966628464  
2.294565706  
0.4469944854  
-0.3220196683  
0.7418254123  
0.9662067295  
-0.5007885364  
1.51230564  
1.395984964  
0.4036527643  
-1.331977684  
-0.01213159286  
0.9975937448  
0.5214246015  
0.03067996079  
0.6456680234  
0.1138221561  
-0.2827493169  
-0.1374409908  
2.308886881  
-0.1024692883  
-0.2620764039  
0.3525249091  
-0.115387915  
0.8604787441  
0.7409934553  
0.07505265278  
0.621027142  
0.3328878707  
1.022037657  
-0.5943942102  
0.9205567187  
0.2045941859  
0.1188223593  
0.535719365  
-0.5411695054  
-1.68557892  
-0.2882474904  
0.6499036447  
0.4187944813  
-0.4983060134  
1.493648583  
0.04689005513  
-0.8816338516  
-0.3647919825  
-0.6084396465  
-0.2169190266  
-2.121121574  
1.308231764  
-0.9991952186  
0.1012056669  
0.9063167512  
-0.2583577058  
0.3278352056  
1.758317428  
-0.2419955764  
-0.5313278606  
1.630656434  
1.242384169  
0.6661439473  
2.00555793  
0.0273909009  
-0.5135438506  
0.91666563  
-0.1818929086  
-0.2573153558  
0.3174953452  
-0.7114943803  
0.5650997584  
0.2401232592  
1.402443762  
1.743366985  
0.1226712865  
-0.1624687487  
-0.4493829616  
-1.044030869  
0.6517732858  
0.935341308  
0.3260292677  
-0.7061496358  
0.02194355605  
1.418922686  
0.0873074407  
-0.3657286294  
0.4055137319  
-0.8757316488  
1.149136299  
0.9391875387  
1.602525398  
-0.6163441676  
1.515991777  
1.362216197  
1.171252582  
-1.224161689  
2.537656442  
2.317677488  
1.360280135  
1.517348626  
1.01045988  
-0.2350392523  
1.576792243  
-0.448602016  
1.885892477  
-0.7035659784  
-0.6254497731  
-1.087750702  
-1.35132237  
-0.02166992273  
0.3584647488  
1.509364442  
0.379501266  
-0.7512755843  
0.7306564192  
2.048776141  
2.51991492  
0.5876355498  
1.072505266  
1.563173757  
0.5662948621  
0.3325535396  
-0.1090846647  
-0.9428088376  
-0.2702356007  
-0.2821057028  
2.30827185  
-0.6300936872  
-0.6141904403  
1.297488709  
-0.4769619612  
0.4429426205  
2.204246866  
0.948569651  
1.275851782  
-0.2771700962  
0.1842244578  
1.649517003  
0.9512809397  
0.4989335439  
-1.35194834  
-1.157617219  
0.4296843459  
-0.7850212364  
-0.302358115  
0.9774370371  
1.145266439  
0.9000450432  
1.117041816  
-0.1910037086  
-0.1101466553  
-0.8828031766  
0.2040962984  
-0.04458844654  
0.7588766253  
-2.189553521  
-0.9405286789  
-0.7499124986  
-0.2880143315  
-0.5110127767  
0.7008812566  
0.2468457029  
0.09433249467  
-2.060969046  
0.02657991001  
0.3151659276  
0.8559556653  
0.1470482005  
-0.5531912155  
-2.792306673  
-0.644355173  
-1.079312614  
-1.140713797  
-0.06570920808  
-0.45235269  
-2.275919352  
-0.3308516979  
-0.7439385692  
0.4824019988  
-1.637036065  
-2.090843012  
-0.4837459651  
0.7457954486  
1.860056393  
-0.02283373767  
1.801557467  
0.1986998765  
0.4139445919  
-0.2678918594  
-1.457759037  
-1.084179881  
-1.21175439  
-0.04492201571  
0.4123537078  
-1.165512805  
-0.2619930265  
-1.335014731  
1.100535318  
-0.8902879224  
-0.2203545793  
-0.1736482208  
0.2788618868  
-1.427653396  
0.7318647833  
0.9681904445  
0.4625700301  
0.1107147216  
-2.740616034  
1.628373159  
0.1474837866  
0.9017146652  
0.2757571535  
-1.286265034  
-0.2370879781  
-1.073759247  
-0.3126682711  
-0.5437457882  
-1.995604966  
0.1366504071  
0.2696692112  
-0.6635909111  
1.977143954  
0.5505660003  
-1.281910037  
0.6506392082  
-1.481697195  
-1.235461483  
-0.8266719939  
-0.8909902522  
0.02952250387  
1.685412241  
0.1952446036  
-0.632499743  
-0.05498694477  
-0.7201858711  
-0.5483660403  
-0.05818715249  
1.001024091  
-0.9961146036  
-0.8259737856  
0.1590662763  
0.2246907484  
-0.8528324331  
0.2531059471  
0.20794864  
0.4553208732  
1.472857355  
0.2310040696  
-0.7963291662  
0.574863783  
0.3496449745  
1.181549492  
0.6212654559  
0.334453471  
0.5028515522  
0.951603548  
1.409429699  
0.03229343024  
-0.0178670104  
-0.2885138253  
-0.3937521169  
0.1436059771  
0.7736594227  
-0.7196540666  
-0.8735501807  
0.02956254392  
1.097678079  
1.824373771  
0.6159284434  
-0.01927313382  
-1.442816533  
-0.5524499259  
-0.66081486  
-0.8008276073  
-1.425824058  
1.061329777  
1.544612225  
0.51430657  
-0.07767708206  
0.1081338099  
0.2918274477  
0.4230396845  
-2.092274835  
0.1918002543  
-0.8179404922  
-1.263777328  
-1.98651187  
-0.2801687574  
-1.878282641  
0.8056658863  
-0.1262698823  
0.3503695078  
-0.2994734301  
-1.232462877  
-0.7268167142  
-0.6728006838  
-2.025741618  
0.8392008426  
-0.3069883277  
0.1098321071  
0.01736076134  
-0.293246756  
0.1894681383  
