0.7280454547  
0.9587444413  
-0.5433485144  
-0.468164966  
7.818556296e-05  
1.399852125  
-0.2229967639  
0.2922435419  
-1.504684696  
-1.441835222  
-0.2194550935  
-0.2088253277  
1.987647383  
1.302080232  
0.7034035831  
0.1485373852  
0.3422382641  
1.037308177  
0.3184890431  
-1.641486234  
0.7048033852  
0.6836348902  
0.1407636254  
1.377686106  
-1.184195854  
-0.9412604619  
-0.03058695961  
0.8846806775  
-0.1548677203  
-1.894726071  
-0.1346564751  
0.9607115764  
0.3411385221  
-0.2781198094  
-1.493410763  
-1.426479836  
-0.3741060872  
-0.6763015083  
0.09282768152  
-0.9858284478  
1.853803257  
1.126857406  
0.6262792599  
-0.5095151597  
1.560678854  
2.209430669  
0.3081838397  
0.6178891117  
1.928842844  
0.1084248766  
-0.8670976962  
0.3839304027  
-0.8540672821  
-0.1768858502  
-0.4663380396  
-1.013301975  
0.3418733545  
0.9266060245  
1.098216418  
0.8095220747  
-0.4768714594  
0.3061227975  
-0.4191578744  
0.4857471601  
1.338052318  
-0.9036794034  
0.247352098  
0.7019978207  
-0.6965977351  
-0.5787613082  
1.051293546  
0.7671839114  
1.704308657  
1.457556633  
-0.6843233046  
-1.241015904  
-1.118390262  
0.2942379859  
0.7789904845  
1.129994675  
0.0830179912  
-1.273145244  
-2.706508288  
-1.982069961  
-0.8478982047  
0.1316075002  
1.654707987  
-0.1782776035  
0.3566795597  
-0.1029158185  
0.5153621892  
1.58307757  
0.06991083101  
-0.7330846361  
-0.8850263508  
-0.1505030237  
0.1424517089  
-0.2773742192  
0.1239957916  
-0.4788200716  
-1.907705978  
-1.478073325  
1.782210646  
-0.2075862658  
0.2093239009  
-0.9408753802  
-2.589251813  
0.2777766898  
-0.1283388161  
0.8660251563  
-1.126057893  
-0.3634752529  
-0.1397581401  
-0.4147142305  
0.8868884598  
-0.8412303497  
-3.094167001  
-0.9905070641  
-0.9405671549  
0.1649212409  
-0.4821217852  
0.3980381172  
0.5996354771  
0.4292035133  
-0.02662024692  
0.936765422  
-0.7699635827  
-0.3320090442  
0.8257527514  
1.15994812  
-1.053561978  
0.9884534985  
-0.5483688613  
-1.835286563  
-0.4359628575  
0.4397257402  
0.03697619374  
-1.335020999  
0.4270107126  
-0.4896700093  
-0.619215768  
0.4632297162  
1.159141182  
-1.506554238  
0.04551149698  
0.06505011207  
0.8964682259  
0.9515190385  
-0.1772672993  
0.8651558327  
0.7312459755  
1.660549975  
1.81479286  
0.1131504666  
-0.1415689059  
-1.066648611  
-1.381615863  
-0.4859257709  
0.4172609459  
1.646864072  
1.941429615  
0.219799325  
0.6875791067  
0.6092450203  
1.087673932  
1.18662926  
0.7679896494  
-0.08082628212  
0.3292370743  
-0.1688983443  
-0.1994115471  
0.7035490655  
0.6373137561  
-0.4670738121  
-1.476765397  
-0.9118112583  
1.384376235  
1.255755272  
-0.3188117344  
-0.5478629009  
1.414580636  
0.3010166578  
-0.1751344291  
-1.046151089  
0.0878987366  
1.105323481  
-0.9676509809  
0.2224452016  
0.138749281  
-1.253250954  
1.663363708  
0.0605471327  
0.1710483678  
1.347097126  
2.186799295  
-0.6572287314  
-0.6800631342  
-1.546780959  
0.4095664502  
-0.106127346  
0.497004215  
-0.02442684777  
-0.1805698048  
-0.4034978551  
-0.1097893297  
-1.414028086  
0.4055114141  
0.7563426742  
0.9862623364  
-0.8647599855  
-1.318017273  
0.1756948357  
-0.1907734035  
-0.8024594063  
-0.9092889399  
-1.824844032  
-0.7826356819  
-0.6443011676  
0.6136993899  
-0.3748364031  
0.123332571  
-0.5582077176  
-1.532379227  
0.6621469936  
0.1785068593  
-1.409118706  
-0.8355036467  
-1.784348708  
-0.9141132322  
-0.7933412176  
-0.8604646325  
-0.5756072014  
-0.04154421911  
-0.9425885975  
-0.1201364301  
-0.1870982098  
-0.6800410059  
-0.227831714  
-0.299555106  
-0.680304234  
-0.6570210747  
-0.5033215898  
-0.5359364453  
-0.09170480554  
-0.7484328118  
-1.223282512  
1.393429332  
0.3968978421  
0.9900867419  
0.8891387371  
0.1642664423  
0.9851022847  
0.1959571071  
-0.2887318  
-1.079408951  
-0.9774821115  
1.06382166  
-0.262639691  
-1.313117201  
0.4243995648  
-0.3326810866  
-0.7590307368  
0.4444407219  
-0.2758596438  
0.1067585667  
-0.9202953961  
-0.5090458209  
-0.01148941979  
-1.37755161  
0.4322019836  
-0.6897444391  
-0.1380320546  
-1.011347222  
-0.3339270365  
0.3192910009  
-0.04585113004  
0.348278201  
0.4471574805  
2.032471651  
0.3654310597  
-0.5529839916  
-2.192436374  
-1.964831618  
0.567736544  
1.639289596  
1.415533926  
-0.3556677331  
-0.3676847332  
-0.7445124754  
-1.319978555  
1.522786764  
1.098969916  
0.5644732016  
-0.06984035319  
-1.324038627  
0.3283170536  
-0.2788173289  
0.1324467771  
-0.007908931476  
-0.7514122078  
-0.4985801534  
-0.786986614  
1.744133841  
-0.6208103148  
-0.3263619964  
-0.04230698236  
0.6369719055  
0.4489155584  
0.1584278386  
3.253756997  
1.720809905  
1.183221098  
-0.2002636412  
1.856738946  
2.555807028  
2.508459424  
2.047467785  
-0.1359190242  
-1.364484544  
0.1464045224  
0.4944345569  
1.406765464  
0.4308879845  
-0.1395592175  
-1.329881606  
0.6247411948  
-0.2900358824  
-0.6878403576  
0.9017587882  
0.8241741904  
1.504108298  
1.190024999  
1.474470119  
-0.4930064688  
-2.221332331  
0.2945395316  
0.2482292615  
1.482218484  
1.900456169  
0.7543784914  
-1.513480214  
-2.18945659  
-0.7407793654  
-0.1610436444  
-1.105879371  
0.6553225917  
-1.232092761  
-0.1523677418  
-0.1186383548  
0.6146988807  
-0.7677360923  
-0.01544397657  
-0.3763356245  
-0.4909256253  
-0.4894267316  
-0.8684694212  
-1.339519007  
0.5459884106  
-1.744899662  
-1.625968112  
-0.8073258049  
-0.7318259204  
-0.1396593813  
-1.812681346  
-1.35787103  
-0.7633725677  
0.4657339443  
1.375201333  
0.6313479174  
-0.7070121733  
-0.05815951163  
-1.131022606  
0.7152676461  
-0.4460548401  
0.543158654  
-0.1773816985  
-1.052600135  
-0.5088698801  
-1.028178062  
-0.9897942752  
-0.9777980079  
-0.3966792709  
-0.3338637124  
2.261215829  
-0.696980418  
-1.254835402  
0.6930848877  
2.156309502  
2.490635096  
2.153652392  
0.8646418092  
0.4101497008  
1.064839148  
1.128092552  
-0.1724243249  
-0.6723237395  
-0.1941106507  
-0.4822297375  
0.2703519481  
0.490497446  
-0.1602359247  
-1.165144939  
-0.951369596  
1.413757958  
-1.55924119  
0.7099622892  
0.7327564029  
1.917165974  
-0.3207688923  
-0.06698712326  
1.249455202  
-0.3575692789  
-0.7214434876  
-0.5184282882  
0.2033911631  
0.2271265165  
1.182748981  
1.339213349  
0.3119683348  
-0.6968968775  
