-0.6839932629  
0.9237259134  
-1.555996179  
-0.6201987975  
-0.150020022  
0.5600610718  
-0.01159495988  
1.032401398  
0.1995750773  
0.08176943737  
0.4552386936  
0.2523009187  
-1.053167274  
1.16529103  
-1.225093161  
-0.1513637378  
0.735151503  
0.7506948506  
1.139654848  
0.2649476396  
-1.208747226  
-0.985125955  
-1.283591783  
-0.7501515258  
1.641733707  
0.5993463771  
1.048401522  
0.7667511196  
-0.4352672791  
1.118983212  
0.2694590312  
-0.5619082041  
-0.1726558949  
-2.139497932  
0.3619088335  
0.1058032833  
0.7451926182  
0.4908761914  
-0.4308877163  
0.8707743103  
-1.19922202  
0.1881609623  
-0.978298425  
0.8029091652  
1.053828172  
-0.8680766642  
0.4385472173  
-0.2345733198  
-0.8729919086  
-2.677029917  
-0.4202167808  
-1.066462786  
-1.197507575  
1.734545314  
0.4660319629  
-0.8157647828  
1.299228337  
0.03608712194  
0.7328326558  
-0.6683952072  
0.5517879481  
0.9066959824  
1.046258893  
1.194408889  
-1.711397153  
0.7446738389  
-0.4797554195  
-0.7855092368  
-0.759469355  
0.2027629827  
1.862422135  
-0.9119918942  
-0.4275874254  
-0.3854054201  
-2.210891799  
0.6736909569  
-0.8112218768  
-0.8306058115  
-0.6637580762  
0.4620203068  
1.641039478  
0.3309007044  
1.193076294  
0.6919242471  
-0.8974518778  
-0.1114942721  
0.3167754533  
-0.9216937904  
-0.6128566708  
-0.5042593587  
-1.634670723  
-1.365865514  
-0.1411409664  
0.2296076913  
0.3577131922  
0.9984411601  
-0.8191982698  
-0.1554531623  
0.2988300109  
-1.098246829  
1.809011871  
-0.4094440231  
0.2844714415  
0.7208062077  
1.397116507  
0.8609463994  
-0.6780491982  
0.3021867982  
0.2794044713  
-0.7556847641  
1.761896481  
-0.9112149693  
0.4429065401  
-1.529960577  
-0.7368723866  
0.3578035721  
-1.633732183  
0.07318339957  
0.4074382902  
-0.8539258677  
-0.1032054943  
0.6152381442  
-0.2570241111  
-0.0001143652785  
-1.504559809  
1.698667881  
0.1557113908  
0.8119143164  
-0.1300177615  
-1.502777316  
0.4978468356  
0.01904087859  
0.9722545432  
0.8527407896  
-0.4429519686  
1.893808968  
-0.2249699852  
1.940684713  
0.9646209506  
-0.1420073896  
-1.511612582  
-0.2914497388  
0.5047912218  
-0.6180901841  
1.236642356  
-0.7320746212  
0.5373162296  
-0.03271461321  
0.3926467019  
0.05888269414  
-1.463039288  
-1.52111818  
0.05012351429  
1.051196084  
1.040361044  
-0.5688562305  
0.296929397  
0.04394987898  
0.1648442336  
-1.180593327  
-0.1635762564  
-1.685249355  
0.2147474432  
-1.870575131  
1.766276632  
-1.108170946  
0.1203382613  
1.245680262  
-0.7298703343  
0.3058982601  
-1.44965434  
1.930872905  
-0.2845916014  
-0.7649545124  
1.560224654  
-0.3326410833  
0.3145375186  
1.734862629  
0.8008337495  
1.68319158  
0.007861172846  
0.3574212982  
0.6281185876  
3.557089009  
-0.2672541167  
-2.676992581  
0.4625733336  
-1.001811149  
-1.66255107  
1.356814373  
0.5869918106  
-1.345841147  
-0.2056300834  
1.226165285  
2.532343301  
0.6282003402  
0.9156768694  
0.3999412452  
-0.1052338943  
-0.320641522  
-0.05411410077  
1.040585695  
-0.2160271145  
-0.355724953  
1.360204891  
-1.178235418  
-0.9665963068  
0.3309549182  
-1.226057755  
1.262977621  
-0.9634637231  
-1.165728062  
-0.8434994093  
-1.873245629  
-1.092221034  
-1.859495358  
-0.2435165961  
0.6775837742  
-0.1665777604  
0.5979091171  
-0.3947228446  
-0.06393987533  
0.1236305048  
0.8286121025  
-0.1575081971  
0.3046535711  
0.4379674046  
-0.2310848115  
1.142244959  
-0.005138134087  
0.1941218163  
-1.542117453  
0.5514050471  
-0.4965302105  
-0.07843968631  
1.532234676  
-0.5705164695  
-0.1239721542  
-0.3102122251  
-0.4356445019  
1.313548487  
0.09679327057  
-0.03586952514  
-0.6828261208  
0.3035993506  
0.6586417494  
-0.6799633509  
-0.401319805  
1.161737277  
0.2552746252  
1.408033573  
-0.6701708411  
-1.142043932  
-1.398052957  
-0.8225377511  
-0.06470964865  
0.801089486  
0.1668927994  
-0.548329798  
-0.8968103599  
0.1396872784  
2.409839104  
-1.09466063  
0.2654065718  
1.28817783  
0.1799320466  
1.078068817  
0.4823548311  
-0.830624244  
1.346851873  
-0.6151466722  
-0.02943221016  
0.6826149267  
1.522888673  
-1.906880243  
-0.4494853619  
0.4215266394  
1.216439489  
0.5792421441  
1.08057082  
0.5205297783  
0.3598846167  
0.01251442591  
-0.7511951571  
1.338073467  
0.1045533496  
-1.461122578  
-0.1776297941  
-0.1621290039  
-0.9541042657  
0.8181815729  
1.111667241  
0.1738596357  
0.3264859244  
-0.2860808116  
-0.269231758  
-0.1336155274  
0.8709163379  
-0.2297812962  
-0.1453023337  
-0.01108908727  
-0.6242554521  
0.9660186423  
1.734477775  
-0.7093722219  
-0.2272429203  
0.1238823606  
-1.056822588  
-1.033485228  
-1.528505361  
-2.588787284  
-0.9412391447  
0.5786058536  
-0.4598907857  
-0.619967091  
1.559170669  
-1.134283393  
0.9227646817  
-0.1567204712  
0.06580730438  
0.9734332992  
-1.934300038  
0.9403942634  
0.04930305433  
-1.189643323  
0.2784236286  
-0.3120616082  
0.006613983365  
0.3996383177  
-0.5511878605  
-0.6508995273  
-0.6493087865  
0.6633544458  
-0.5889139059  
-1.267851812  
1.023494559  
-1.309623335  
0.4904751514  
0.4331080487  
-0.5476706753  
-1.916961714  
-0.3562654257  
0.01943470352  
0.07340818356  
-1.970740895  
-0.5293152466  
-2.241547663  
-2.11757746  
0.1835325793  
-0.689901477  
1.295707494  
-0.5667856327  
1.400927442  
-0.6597287244  
-0.3710289442  
0.991361125  
-0.1277126521  
1.301679458  
-0.610567441  
-0.511677025  
0.215118432  
0.2688882786  
-0.4917540343  
-0.0904725855  
1.02595543  
-0.7438249198  
0.09294986713  
0.6045014294  
0.4777919941  
-0.2172865714  
0.1670969919  
-1.428803284  
0.2736278898  
0.8726528884  
1.140842588  
-1.231298183  
-0.1747255105  
0.494975097  
0.7813783547  
2.323764458  
0.4475737655  
1.062684549  
-0.4575731371  
1.895423255  
-1.672903134  
-0.3049327587  
0.4453744193  
-0.4370693918  
0.5381332138  
1.090513922  
2.243408907  
0.3088316309  
0.8222400336  
-0.6898561083  
0.4174291079  
0.0805850011  
0.2458626823  
0.8949206227  
-1.714444114  
0.6318627359  
0.1973721858  
1.878319911  
1.65330749  
0.1264628335  
-1.125814286  
-0.4683304498  
0.9292589483  
1.930457139  
2.480896161  
0.4337152021  
1.438537021  
-2.595955546  
-1.291764181  
-1.239451484  
-0.4434859458  
-2.004324789  
-0.0668743868  
-0.4450273578  
-0.9667959317  
-2.26987319  
