2.064117099  
-1.206504451  
1.903919311  
1.050472056  
-0.9459674273  
-0.3306784002  
0.01124698691  
-0.856352786  
1.695903905  
-0.2375655648  
0.6028550039  
0.5493053792  
-0.7265149417  
-0.7215960107  
1.106373079  
-0.3997255301  
-0.2389639727  
1.449778417  
-1.120065602  
-0.6942589894  
1.102626769  
0.315413273  
0.8254443261  
0.889401433  
-0.3847804617  
-1.235511566  
-1.744191887  
-0.283263817  
-0.3992016562  
1.403063417  
1.357537896  
0.3479231805  
-1.284844424  
-0.2337292129  
1.457440041  
1.278402773  
-0.4881257008  
0.7025785334  
-1.576558936  
-1.270073506  
-0.03904954931  
-0.5142121136  
0.3138512362  
1.539152892  
0.5106222673  
-0.4249848916  
0.8455480237  
0.5870551042  
-0.03346230216  
-0.08672069996  
-2.147259181  
1.685931021  
-0.4732709603  
0.2749758922  
0.9693133508  
-0.3388084937  
-0.4319349598  
-1.2943155  
0.445405947  
0.2810969208  
0.6689445049  
-0.7553075792  
-1.73822667  
1.337679563  
-0.3368098312  
0.3538710284  
0.400711997  
0.3631344204  
-1.712568925  
-0.455965038  
0.9196553655  
0.5192351319  
0.4970047917  
-1.275379001  
-2.476116362  
-2.008160367  
-0.9117355093  
0.6835447978  
0.01840303205  
-0.3377409444  
0.4242398293  
0.1030765866  
0.7937722399  
0.1055290215  
-2.096839998  
0.2217084767  
0.2439808285  
-0.5561518602  
0.5749923725  
-0.7325839808  
-0.6994733423  
0.8979474734  
0.2772614738  
0.4704736911  
-0.5463957818  
-0.2524867137  
0.6846455631  
-0.06824296124  
1.699217757  
-0.5489841909  
-0.6327284738  
-0.4814982817  
-0.5535883783  
0.2540463612  
0.02720554969  
0.3817790221  
-0.4994952489  
0.1162776747  
0.03031164802  
-0.3226420388  
-0.8213644158  
0.2990044503  
1.198078471  
-0.2908041333  
-0.5215248341  
-0.8292941598  
-0.7604335418  
1.073055299  
1.089080006  
-0.1087400364  
-1.216767472  
0.6098655219  
1.046022218  
-0.6942989848  
-0.9976907372  
0.860033742  
0.4574125515  
0.5235209538  
0.505882341  
0.7671512605  
-0.5924697493  
1.452964581  
-0.0643239415  
0.4243252999  
-0.6930761749  
-0.7014502632  
-1.674799365  
-2.278196983  
1.478283587  
0.2988885767  
-0.7089538839  
-1.368815517  
-0.8404563199  
-1.588529143  
1.340235487  
-0.5913538516  
0.8885489011  
-0.162153401  
0.2717518996  
1.147657844  
-0.08926054409  
-0.2773588964  
-0.07279525824  
-1.609142069  
0.2276455087  
-0.4243223663  
-0.8139167901  
0.6040361265  
0.6529647935  
0.7693616355  
-1.266826602  
-1.658955584  
0.008244071322  
-1.252793831  
1.300298576  
-0.7405117164  
-1.676027877  
-2.040476572  
-1.791288849  
0.6376800339  
2.011328618  
0.9928619357  
-0.8704134712  
-0.36835951  
0.9238146517  
0.7399866094  
0.412636713  
0.6997303802  
0.577031966  
0.853976818  
1.641582759  
1.979056675  
-0.8177024849  
-0.3918240179  
0.06762556485  
-1.267407383  
1.579031365  
2.374882826  
2.191797199  
1.015943158  
0.120356417  
-0.2277002051  
0.3057853125  
-0.4875925135  
1.21726767  
1.02957829  
0.7802590072  
0.7365420544  
-2.99562723  
0.2970339102  
-1.738763378  
-0.3534214759  
-0.2984632987  
-0.004558624415  
0.2123508361  
-1.532651555  
0.09182558886  
0.4717350935  
-0.6134355586  
0.9709049287  
0.2011792021  
0.9701038688  
1.039169005  
0.2991523267  
0.5965968976  
0.6117461598  
-1.862828903  
-1.68149319  
-2.115736403  
-0.2147518664  
0.4175219525  
-0.31847824  
0.4213765892  
-0.8064116014  
-0.852366852  
-0.295183068  
-0.3063240306  
-0.3151656779  
-1.497323935  
-1.928105738  
-0.3092322264  
-0.1196224872  
1.592716133  
0.867539284  
0.690817837  
1.069166544  
0.9969986151  
0.67608781  
-0.2871424332  
-0.2025499165  
1.271865632  
0.4520186106  
-0.4555351124  
-0.8611423682  
-0.5093000802  
-1.531736109  
-0.9668114932  
0.9307675972  
-0.6919390016  
0.4369930118  
0.5397329973  
-0.4817879239  
0.8081949963  
0.09394029442  
0.1950911636  
0.9878482548  
0.5959142796  
2.28228738  
1.05678548  
-0.6866167085  
-0.1176595944  
-1.094155544  
-0.6869018813  
0.1702246018  
1.236419162  
-1.866774128  
0.2815581695  
0.9174650105  
-0.1193735173  
-0.4266675529  
-0.06310082631  
-0.3847392926  
-0.5674216583  
1.23970585  
1.518778121  
0.145771425  
-1.393138188  
-1.315510455  
-0.01246745111  
-0.2957720534  
-0.5198645943  
-0.2587364698  
-0.4774726701  
0.5558467564  
1.339082911  
-0.03266767949  
-0.003494373642  
-1.171796147  
-1.025640375  
0.6182589426  
0.9019721847  
0.2824996715  
0.4855415365  
1.039309092  
-0.08180788856  
0.314967342  
1.86697307  
1.129620794  
1.543042183  
-0.4938472276  
-0.03904420196  
1.389946084  
0.669102448  
1.964172945  
-0.253954755  
-0.3002264471  
-0.714398276  
-0.03224852655  
1.366549898  
0.3235888304  
1.174330288  
-0.7421899929  
-1.51887728  
-1.893470897  
-0.1132500456  
0.538090882  
-0.5990584949  
0.7110170956  
-1.857496567  
-1.819802751  
-0.2171871908  
0.04179873633  
0.8183353583  
0.5723403126  
0.03481663448  
0.5108379859  
1.128199501  
0.2883320061  
1.354016844  
1.025014355  
0.162868599  
-0.4491437962  
-1.128889623  
-0.4119462004  
1.012853119  
0.3942256204  
-1.602171589  
-2.170378878  
-2.103078799  
-1.383109544  
-0.1875856834  
-0.308336046  
-0.08644314804  
-1.00701574  
-1.240589561  
1.786439857  
-0.2741579122  
0.2725568046  
0.2538527918  
0.09018515315  
-1.282697646  
0.8633393252  
0.7042297577  
-0.568369982  
-0.4996308488  
-0.794008003  
0.7052076342  
0.1477359697  
0.1971309699  
-0.1117719599  
-0.8683119007  
1.072673986  
1.038559601  
-0.2686537838  
0.3376303174  
-0.6552047009  
-0.8305095387  
3.285591001  
1.69354849  
0.3603662781  
-0.00312464745  
-0.602939008  
1.234990403  
-0.7888118556  
1.786544936  
0.05295159901  
-0.5631368811  
-1.156198362  
0.4142100452  
0.6458547663  
1.37615017  
0.1511873332  
-1.27273974  
-0.7654511843  
-0.2282478674  
-0.3021563222  
1.31222495  
-0.5910202911  
-1.535299596  
-1.6017982  
-1.476649483  
-0.5708027129  
-1.484897927  
-0.4256448064  
-0.2708024848  
-1.06666942  
-1.564495564  
1.564610558  
0.9597859095  
1.047005475  
-0.1952896686  
0.8155673252  
-0.8198908285  
0.4193006922  
2.316790024  
2.177918381  
0.4040802723  
0.1217272729  
-1.180117327  
-1.001827252  
0.1848397317  
-0.2810271899  
-0.1794424898  
0.4782598664  
2.379806362  
-1.046540928  
-0.273877907  
-1.189739782  
-1.370784145  
0.5136725343  
