0.3780731552  
0.06136584144  
-0.8575304371  
-0.07100896965  
0.671978689  
0.5835140669  
0.2648896909  
0.7308707042  
-0.2973387444  
-0.2075435456  
0.7555739873  
0.2958380595  
-0.05622848278  
1.510081911  
0.151148662  
0.0002036094692  
-0.1638197675  
-1.182939291  
1.998226736  
-0.877708223  
-0.1930486114  
0.6838599307  
-0.6332320751  
0.1942641394  
-1.11698286  
0.7285825818  
-0.4259750628  
0.3297025459  
1.164416227  
-0.586778701  
0.4785037899  
0.8056046615  
0.8163244178  
2.650775341  
-0.1220814569  
-1.62113695  
0.3677250919  
-0.2326005742  
0.9000416823  
-1.840533186  
1.254493531  
-1.644150295  
-0.7594718423  
1.750919172  
1.415932892  
0.05902738266  
-0.008310868632  
-0.5183745747  
0.3268276406  
-0.449631053  
1.177932213  
-1.003307663  
-0.006082898321  
-0.7107915261  
0.3374878359  
-0.1569142318  
1.61723915  
1.468116015  
-0.9831182151  
1.399598636  
-0.3687660544  
-0.4764899764  
1.211683233  
-0.1582962857  
-0.6359179435  
-0.06444810505  
1.025946997  
-0.4493652459  
-0.6019943541  
-0.1883873725  
-2.085770971  
-0.2441907925  
1.124534441  
-0.3070585007  
-1.039295394  
-2.263959895  
-0.5167175637  
-0.6705429669  
-0.326496143  
1.050250645  
0.363239701  
-0.1525175309  
0.88662493  
0.5640693105  
0.5778753102  
1.536502285  
-0.04457095752  
1.149131367  
-0.5108179588  
-0.6319286274  
-1.076079282  
1.10801198  
1.042328293  
0.3800508339  
0.170371913  
-1.580286768  
-1.928849949  
-0.319773856  
-0.8285112402  
-0.5350378011  
-0.4273908263  
-0.9143604847  
-0.41434551  
0.2430277348  
0.3964930632  
0.5307572452  
1.065801814  
0.04789121857  
-0.9902186959  
-0.4557235821  
0.01138931394  
1.013992447  
0.1277459813  
-1.035720592  
-1.655063229  
-0.3523042595  
1.064651492  
-0.01010429764  
-0.05019641168  
1.29323999  
0.8668129758  
0.3615819521  
-0.5894763801  
-1.637276298  
1.690803899  
0.6572322857  
-0.5354946679  
-0.5796401059  
-1.20288015  
-0.04573279438  
1.267441086  
1.15336968  
0.38069632  
0.5526468452  
0.6204372483  
0.2681262496  
0.5641237018  
1.433864577  
-0.3198641225  
-1.347823553  
-0.5185040734  
-1.462473241  
0.2431268145  
1.304711325  
1.358897029  
0.1155127619  
-1.059794959  
0.1639466016  
0.6283898897  
2.001569677  
3.404655588  
2.131897169  
-1.858503244  
-2.212697103  
-0.8244135611  
-1.55394774  
1.701107922  
0.6069677827  
0.2162414054  
-0.4510722921  
-0.2584906374  
0.06953595079  
1.193945167  
-0.192866967  
-1.67076441  
-1.22731638  
-1.949884719  
0.3289361088  
-0.2505898236  
-1.609018321  
-0.5739905278  
0.273366224  
-1.011977707  
0.8238470987  
-0.7126891663  
-1.82086174  
0.4872347664  
-0.9612354889  
1.729870892  
0.6552061097  
1.445667495  
-1.379736341  
-0.593844158  
2.239732307  
-0.2520654036  
1.157667444  
1.053254656  
-0.3985978551  
-0.5319161592  
0.02352166762  
-1.132024697  
-0.2882642685  
0.3313885032  
1.576033199  
0.5765982303  
-0.9364774098  
-0.6369163948  
-1.390294751  
-1.456231258  
-0.5996508956  
-0.3480016059  
-1.642299808  
-0.3803843711  
0.6079405053  
-0.6382389131  
0.7465171828  
0.6740511486  
-1.265600834  
-1.624369375  
-1.141839428  
-0.3492669347  
0.3495695064  
-0.6530758668  
1.132205621  
-0.1663050959  
-0.4268574827  
1.825662516  
1.348164067  
-1.601883617  
-0.4342794995  
-1.783340106  
-0.04718977091  
-1.576411248  
-0.7511228922  
-0.309422938  
-1.254456638  
-0.597591037  
0.5445372401  
0.7938652778  
0.4200827495  
-0.6132083974  
-0.1848372526  
-1.158753141  
0.3421666618  
-0.4764616908  
-3.321959417  
0.4968504214  
-0.4664760824  
0.4366847189  
1.1332516  
-0.2289305517  
-0.9039629977  
-0.7833481888  
-0.1298551505  
-0.07436138887  
-2.285979225  
-0.8098324722  
-0.5750747648  
0.1355458535  
0.8523449251  
0.4513309203  
1.833124763  
1.167488231  
-0.249585113  
-0.3387001892  
-0.3090142313  
1.127058407  
-0.8986958117  
0.6766309454  
0.8934449571  
1.139427663  
0.1540179604  
0.04590775831  
-1.390054384  
-1.825515538  
-1.051434741  
1.166316712  
0.9775493737  
-0.03944597764  
0.297030564  
0.05199265772  
-1.114720628  
1.024284079  
-0.868110315  
-1.142398947  
0.9873041852  
-2.306346707  
-0.7098843286  
0.3358745778  
0.8983633518  
-2.028267211  
-1.430601647  
-1.557270427  
-1.868199342  
-1.969031874  
0.1080809082  
-0.3769313736  
0.4035099222  
-0.4195311024  
0.1610076973  
0.07255098953  
0.687152674  
0.1187477785  
1.014601682  
-0.8628789676  
-0.9424719262  
0.4074365022  
0.02116074836  
1.271300174  
0.3609074427  
-1.325515611  
-0.5390959559  
0.6275740386  
0.4627257172  
1.516540609  
1.647754399  
0.3450613248  
-1.47633351  
0.6299712112  
-0.1415116383  
-0.02078011712  
2.628055059  
1.52536512  
-1.010544787  
-0.3951111641  
-0.18164541  
0.7891413002  
1.194808113  
1.018333586  
0.9143469947  
0.5453986057  
-0.5441769211  
1.032219508  
0.005270214603  
-0.8402727618  
0.5089184064  
0.214356459  
0.8094345458  
1.55297888  
0.4864952037  
0.1767589249  
1.698066704  
0.4030202749  
-0.6781238477  
-0.7235694561  
-1.577844639  
-0.1433543276  
-0.0736374763  
0.6697678314  
-1.53781289  
-0.8711439845  
0.5054247334  
0.5723848478  
-0.5606684582  
0.8166860724  
0.1476487095  
-1.482748858  
0.2309794292  
0.73677496  
0.3912590281  
-1.184180004  
1.877182166  
1.056150461  
0.9533516725  
1.743635138  
1.166655378  
0.3947698916  
0.6990322313  
0.1035361258  
0.6643111888  
1.820370721  
0.1535922456  
0.1993720482  
-0.1400767754  
-0.738236768  
0.8831703634  
0.9569609634  
0.5408937003  
1.14290152  
-0.6342639841  
1.563922643  
0.059846487  
-0.6129137099  
1.677864961  
-0.2555274548  
-0.7742164136  
-0.517801811  
-0.1940865515  
0.06133670451  
-0.5422431617  
0.4148335551  
-0.3897660364  
-0.4892475759  
0.1783600897  
0.4250177464  
-0.6941525662  
0.8606349552  
-1.777392852  
-0.2688850356  
0.9865646126  
1.052791416  
-0.2747563213  
1.873643948  
0.2092164313  
-0.9713754278  
0.08550291709  
0.6638730819  
0.4966353911  
0.7406094432  
-0.78186026  
-0.8758459006  
-0.3909367609  
1.115012913  
1.026673006  
1.001937877  
0.6857377903  
0.8653346524  
0.6780630877  
0.553603626  
-0.1321419322  
-2.545159836  
-0.3605947363  
-0.1220333334  
-0.3414980442  
-0.6290700795  
-1.177738011  
-1.89159097  
-1.039199839  
-1.322453361  
-1.133540135  
