1.654361319  
-1.083556043  
1.498620265  
0.2727968061  
-0.4227140914  
1.13884496  
0.02602196782  
0.1051888283  
1.057551225  
-0.02997862094  
0.03258909119  
0.002320139627  
1.008020834  
0.8607153229  
0.9808968963  
1.427726789  
-0.3598293563  
0.03954069198  
0.1781542459  
2.085636428  
-0.3571222365  
-0.07302227914  
0.1831366629  
-1.394636445  
-1.239905372  
-0.4384243804  
-1.109603976  
2.388368906  
0.06948608211  
1.71700916  
0.2186770153  
-0.5003305737  
0.9345312759  
1.499169562  
0.8003698438  
0.1970302602  
0.5806499475  
0.6037181515  
1.144650829  
0.4413312814  
-0.0673165416  
-0.1759630174  
1.440343543  
-0.988271025  
0.7745291669  
-1.120256392  
-0.2242912185  
-1.129176681  
-0.3593289042  
-1.297266104  
-1.93103338  
-0.3677518678  
-0.3462608176  
-0.4742338423  
1.134023583  
-1.711483351  
-0.5294718163  
-1.26072104  
0.7810235729  
1.157322543  
-0.1907878949  
0.3152532932  
-1.461223613  
0.9227669758  
0.9277868543  
0.1072940308  
0.1287911645  
-1.829127405  
-0.2673180081  
0.07252245994  
0.1594115826  
-0.7890648866  
-1.423198672  
0.9498823214  
0.5365219376  
1.159429326  
0.02461289669  
-1.077511174  
-1.285354527  
-1.455700626  
-1.549960695  
-1.618633508  
-0.7340694212  
1.2809918  
-1.459374714  
-0.1753471482  
0.3027237326  
-0.6137113871  
-0.1455810707  
0.1787254506  
1.114105765  
2.285584953  
0.0039712597  
0.03754554009  
-0.4865242584  
-0.4027172447  
0.2693047729  
0.8512776372  
0.08196041388  
-0.4996741809  
-0.8565865566  
-0.1348731479  
-0.2932022233  
-0.05307056678  
1.256502619  
-0.2747835623  
-1.037772843  
0.00781297081  
-0.4351920506  
-0.4734018355  
0.1941126554  
-1.533388881  
-1.84367989  
-1.769282047  
-0.5594408658  
0.1181257648  
-0.528766771  
0.283546879  
0.451491212  
-0.4920984985  
0.781815131  
-1.773171576  
-0.6006844897  
-0.1168080932  
0.646668512  
0.5767551188  
-1.016917406  
-0.7053025689  
-0.07215144685  
0.1314317405  
1.580602668  
0.7917130919  
-1.563505444  
-1.292931499  
-1.771463381  
-0.4658862968  
0.7741993447  
0.1553025525  
1.532518821  
0.114648719  
1.523497943  
0.1842187483  
0.566789857  
1.066070514  
-1.070031051  
-0.4705514299  
-1.517527773  
1.677994631  
-0.057100992  
-0.5641386079  
-1.77890027  
-2.977297778  
0.2346873826  
-0.5098408569  
-0.08454796557  
0.3603373406  
0.6209628273  
1.366101473  
-0.1708651344  
-0.2943205894  
-0.3769144346  
-0.00663244416  
-0.9276161825  
-0.2839799481  
-0.1593033449  
0.9259295996  
0.2198899027  
0.5383396135  
0.04255668374  
-0.2034890292  
-0.7547454839  
-0.7364890519  
0.8650332177  
-0.1794200452  
1.077243337  
1.366073621  
0.2071677621  
0.2442226002  
0.3529555859  
0.1939362881  
1.052554605  
-0.5664648184  
0.02011635296  
-0.7428670947  
-1.411176453  
-0.5059831228  
-0.9453321443  
1.575379089  
1.154007016  
-0.2961738966  
-0.499259464  
1.440275855  
1.225598981  
0.521973804  
0.9053318668  
-0.6144414437  
0.3889255966  
-1.685393857  
-1.143986329  
0.3695848434  
0.07007920955  
1.297786147  
2.245403405  
0.5922681174  
-0.8199849294  
0.5682528089  
-0.3511474217  
0.1999737241  
0.09866016322  
1.190342956  
1.494150341  
-1.088781692  
0.5040897577  
0.7384900966  
-1.02318708  
-0.07352620125  
-0.01135430971  
0.9691505112  
-0.4576934057  
0.9648846802  
-0.3789580081  
-0.4231456646  
-0.9408658533  
1.301804281  
-0.4825636276  
1.841057465  
0.6346963409  
0.1190163932  
-0.1966904682  
0.2040864636  
0.4155820382  
-0.06904152695  
-2.041541099  
-0.8971176364  
0.1526733495  
-0.4786190254  
-0.4179611062  
-1.63056825  
0.9185300356  
0.4979027876  
1.025891828  
0.1603388013  
-1.200276221  
-0.9163488273  
-0.4260725784  
1.70876861  
1.494817798  
-1.005023189  
-0.1996470945  
-0.09777440947  
0.6336454906  
0.5642961718  
0.1803773926  
1.843241162  
0.1345003521  
-0.3569612491  
-0.4399812827  
-0.2941084556  
-0.06787491492  
0.8794849264  
-0.1749116661  
-0.2040985954  
-0.8668556797  
0.5731860206  
0.4519448656  
0.6977051491  
-0.7902420179  
-1.807667868  
-1.070380742  
-1.099766683  
0.2540045111  
-1.348015989  
-0.8772717628  
2.506314647  
1.593707522  
1.821505897  
0.5451154294  
2.170088222  
0.9476350901  
0.3679055588  
0.1730887499  
-0.2455259195  
-0.7805783389  
-0.6837730712  
-2.548227915  
0.01882862673  
-1.622004907  
-0.2583997034  
-0.1373579145  
0.2137576931  
-0.05560538509  
-0.7622682462  
0.480523889  
0.7777490008  
-0.1455643887  
-2.152979295  
-1.588770402  
0.3737522633  
0.5060548618  
-0.5605643677  
-1.739843977  
-2.768591856  
-0.3255451784  
-1.973504824  
-0.1602747874  
-0.3582595187  
0.2157649397  
0.1176437545  
0.2734255644  
2.634751879  
-0.01897714946  
0.9239882791  
-1.661577972  
1.218837739  
-1.209660716  
0.4941057302  
1.292088013  
-1.026115316  
-0.4760161325  
0.2675986903  
2.134630727  
0.5809657919  
0.2488957094  
1.950210876  
-0.6759731954  
1.007472677  
0.2973216324  
2.146030431  
0.6210068733  
0.7760933059  
1.612980824  
0.5508197402  
0.4296443621  
-0.6414010134  
-2.285247355  
-1.710597913  
-1.220532718  
-1.88249085  
-2.324724513  
-1.24427669  
-0.5910740986  
-1.004120148  
-0.05814810464  
0.6259742877  
-0.6225244166  
-1.253617064  
0.7832726347  
1.686312127  
1.584650577  
0.8959245833  
-0.1525241362  
-1.93190977  
-0.3678106866  
0.3977834138  
-0.383918609  
-2.016438843  
0.335856801  
0.3700986456  
-0.3585786548  
1.531480411  
0.7615268864  
0.2247491676  
0.3676506842  
1.153653716  
1.290025554  
1.147674883  
0.9605329911  
0.1542284511  
-0.6479874598  
-0.9412388453  
-0.9800238209  
0.930492336  
0.3686360514  
1.810032092  
0.05491249182  
0.9464168861  
1.372414778  
1.510196718  
1.785913104  
-0.4840225675  
-1.068295522  
0.1069153132  
-0.6820515561  
0.3495432294  
0.2853288544  
0.141654926  
-0.5892453807  
-0.9223414858  
-0.5211418678  
-1.249710166  
-0.3450677542  
-1.372961603  
-0.1113939726  
-1.423333412  
-0.09109952118  
-0.871033983  
-0.8785195709  
-0.3207953567  
1.126061299  
1.2076033  
1.215564973  
0.5100765125  
0.3117169869  
0.1629876581  
0.1225125267  
-0.3712545234  
-0.7315959103  
1.148712102  
1.924748285  
1.339622735  
-0.09422420963  
-1.087130219  
-1.038441119  
-0.772150953  
0.3988560873  
-0.003560811978  
-0.6119248529  
-0.5524653065  
-0.8554431029  
1.142829927  
