0.7385249433  
2.056199695  
2.744242801  
-0.7793537332  
-0.1471295247  
0.03446453681  
-1.657918915  
-0.9711463284  
0.1360516481  
-1.641569199  
-0.1992964224  
-0.09030407713  
-1.627318491  
1.316789543  
0.3536797868  
-0.649294365  
0.06207559002  
1.161253287  
1.434465494  
-0.7521971799  
0.9020882769  
0.5532611316  
1.225689233  
2.429207404  
0.2084327758  
1.5652662  
0.4227925306  
-1.499037962  
0.4147060701  
2.213756643  
0.5969719188  
-0.8249059817  
0.08629260386  
-0.2139967832  
-0.06890202803  
0.4605373549  
1.084482908  
1.111249882  
0.2822727583  
0.07424927961  
0.5632903261  
-0.2315579802  
0.5895434502  
-0.7174852639  
-0.643660883  
-0.9049609492  
-0.9822822731  
1.146181014  
-1.394197363  
0.7113262429  
-0.61551312  
-0.03579514823  
-0.09951752518  
2.029557649  
-0.7206506596  
1.439465278  
2.034298763  
0.8629538152  
1.764239311  
-0.5414428646  
-0.6403962692  
-0.8139023888  
-1.281591783  
-0.5971601033  
-0.2020794816  
-0.9072127884  
0.01008375195  
-0.8326299036  
-0.3400455946  
2.223032752  
-1.553447374  
-1.094063245  
0.8430505726  
-1.628893855  
-0.1467238115  
-0.3393717728  
-0.2858989127  
-2.606781466  
-0.6905828822  
-0.3648491457  
-0.1498913709  
1.301792987  
-1.127000548  
-1.797066305  
-0.03359623286  
0.3655039  
0.1589055964  
0.2614143321  
0.05134305365  
-0.86605388  
-0.2473885688  
0.01322768738  
-0.567125568  
0.1373843832  
0.5803398026  
-2.895771691  
-1.609291497  
0.2654362876  
-0.4586374573  
-0.4192881154  
-0.6087793725  
-0.2671682258  
-0.1560761366  
-0.8106497113  
1.196132867  
-0.007371945478  
-0.1558276746  
0.3916800052  
0.2357941174  
-1.428084755  
-0.05206116975  
-0.2391802208  
-1.003611249  
0.8840930607  
0.5396828494  
-0.3273755633  
-0.3986288574  
1.8956681  
-0.05466054164  
0.7222397564  
0.05511399456  
-0.1263602492  
-1.020499041  
-0.4806821796  
0.6757065384  
0.1243687255  
-0.6219264159  
0.07710898528  
-1.313003253  
-0.01702693478  
-0.5847455667  
1.541290416  
-0.7267456614  
-1.123409586  
0.4651462261  
-0.4180443253  
-0.1903204224  
-1.702335815  
0.6040834136  
1.26136642  
1.196982196  
-0.1105164675  
1.252227183  
1.432001368  
0.677928131  
0.8247315208  
0.5682370017  
-0.1209325154  
-0.9935254774  
0.6908318166  
0.4084537292  
-0.6841994322  
-0.8801460508  
-1.993260272  
0.3035863805  
-0.1317269313  
-0.2673024182  
-1.343304557  
0.3450263297  
0.4518365362  
1.18358811  
0.530640456  
-0.3108579723  
2.112126484  
0.2653545752  
0.7633997985  
0.5721726437  
1.267140023  
-0.1490645555  
-1.543605477  
-0.4722849552  
-2.274828129  
1.123234302  
-1.57011625  
0.7032626898  
0.1516878697  
0.841272295  
0.9370842946  
0.7768637129  
-0.4612874379  
0.8815746649  
-1.721473458  
-0.7874319823  
0.04985975214  
-0.6267584728  
0.5302574038  
0.267829751  
-1.649606636  
-1.447459988  
-1.225495763  
-0.8237851033  
-2.029502118  
0.8309521405  
-0.225849597  
0.4208250996  
0.2319712166  
-0.4401510875  
-1.756857957  
1.285176458  
0.3054653523  
0.4561046197  
1.60648087  
2.373333773  
-1.129927082  
-0.6771026322  
-0.3355126924  
-0.1623300281  
-0.9665947698  
1.141047223  
0.07706502102  
-1.686797599  
0.6757459253  
1.102643249  
-0.7905832601  
-1.998301718  
-0.284992767  
0.3274472204  
0.1224682964  
1.679267468  
-0.5262155041  
0.1317476785  
-0.7241705875  
1.230844756  
-0.3689148431  
-0.5927426808  
-0.2541894109  
-0.1676837388  
-1.350502717  
-0.4176634248  
1.776516075  
0.4829676855  
1.00719726  
-0.518988697  
0.9990727038  
-1.201434393  
1.506091387  
0.005969998888  
0.6269630484  
-1.232422532  
-0.08006116954  
0.2442426184  
0.1673831876  
0.05668421388  
-0.7662498331  
-1.108691353  
0.6976675676  
-0.659565214  
0.04526841273  
0.04430127508  
0.4283437422  
0.3636362697  
1.359089839  
0.3001889023  
0.6223428267  
-0.1003325389  
-0.1108147017  
-0.6787505286  
0.2061008831  
0.5879004551  
1.22266091  
0.1446457365  
0.3354578208  
1.13763049  
0.5832402418  
0.9968424506  
0.8170198608  
-0.7215033783  
0.3910694143  
-0.3261291601  
0.06929195994  
0.2399483323  
-0.2001565933  
1.35159473  
-0.5078691711  
-3.313391387  
-0.9976828427  
-0.7038635167  
-1.076382879  
0.03255786725  
0.7333214633  
0.6438936261  
0.2045192668  
0.06844978732  
0.3316743904  
-0.5645954463  
-0.5669301261  
-1.659634305  
-1.73111639  
0.4457899178  
0.3165831165  
0.5701275361  
-0.11773741  
-0.3560946195  
-1.219296102  
1.124542936  
0.7456968457  
1.082751405  
0.02090680186  
2.123235235  
1.865503487  
2.027609641  
1.748739873  
-0.1315108135  
0.6348858968  
-0.984078132  
0.07859341354  
0.7612896923  
-2.213050877  
-0.2843337639  
-0.2554214055  
-0.7295426165  
0.6511862108  
-0.5157175143  
-0.6140545967  
-0.3114286649  
-0.8810749936  
0.7833384973  
-0.440578798  
0.8695194605  
-0.03433674558  
-1.378542892  
-2.011766297  
0.2096247205  
0.8458242551  
0.5118686157  
0.2418010371  
1.717642089  
-2.227686055  
1.503090072  
1.002955768  
-0.1909506226  
-1.271047385  
-2.349620775  
-1.124127356  
-0.9679280455  
-0.2471956757  
-0.2048451722  
0.3903107926  
0.2551266327  
1.53426272  
-0.2153547674  
1.673594967  
1.329245196  
0.9698425126  
-0.7436902611  
-0.10259184  
0.2006424107  
2.009644908  
1.442913359  
1.133040527  
-0.7223381509  
-0.4823401632  
-0.4013114645  
-1.615454614  
-0.9344247479  
-0.4787621262  
-1.710550273  
-0.923335436  
-1.090110561  
-0.5737305734  
1.16765143  
0.5198986496  
2.22045134  
0.5703801875  
0.3120425062  
-0.1571512959  
1.02479251  
0.049023477  
1.429079534  
0.06592124342  
-0.380362711  
-0.2560202617  
-1.493408066  
-0.596453327  
-2.212371327  
-0.8947692347  
0.1658012296  
-0.6138400358  
0.556491507  
0.2768545073  
0.2182696005  
-0.6810865922  
-1.123936102  
-0.2469465183  
-0.9701765231  
0.9789273432  
-1.321594215  
-0.1397963573  
0.3592504687  
-0.4269447338  
-0.211616703  
-0.6268208028  
-0.4961870941  
-0.9907842555  
-1.614149785  
2.12363861  
1.536125305  
1.0184984  
1.129521133  
-0.03778586688  
-0.650440795  
-0.1573644002  
1.212230886  
-0.1361404519  
-0.9506998437  
-0.3965785952  
0.2531505608  
0.7554801919  
0.3636255794  
2.17641474  
1.152694032  
-0.8896031651  
0.01034732727  
0.3986557059  
0.7084149261  
-0.4145911585  
-0.01051358134  
0.2630471143  
-1.289561482  
1.617746753  
