2.25141049  
0.7264990378  
-1.012642074  
-0.03763998896  
-1.411983841  
-1.512250623  
0.4525179631  
0.373196624  
-1.263512618  
0.9925815012  
-0.0152396683  
-1.326548005  
-0.4033724414  
0.7867812693  
-1.533773158  
0.7841360749  
1.172150242  
0.1215720656  
0.1935038015  
-1.47112976  
-1.394787717  
-1.348589103  
-0.4072533483  
-0.0855814279  
-0.3216986299  
0.5464105161  
-0.786809609  
-0.2324106468  
-1.497107841  
-1.146989349  
0.3259610683  
-0.1031654931  
0.17263401  
-0.5597385364  
-0.7750390056  
-0.1584165478  
-0.3337163623  
-0.5650778365  
-0.1199674572  
-2.883064758  
-2.025008351  
-0.1252322126  
-0.6555103245  
2.080286437  
1.418941837  
0.473577228  
-0.5027502536  
-0.1801836656  
0.4971285046  
-0.5215404881  
-0.3459322811  
-0.8167049051  
2.044539951  
-0.7916389348  
1.164653397  
-0.3656954033  
0.88012034  
1.554840499  
0.5840837367  
0.8650025607  
-0.6015813262  
-0.1363464099  
-1.193889477  
-0.2395954153  
-0.8801506863  
-0.9756251221  
-0.2051737116  
-1.379016243  
-0.05794666868  
1.030858902  
0.1244991729  
0.3514116491  
-1.264771563  
0.2203195049  
1.081927626  
-0.02823375624  
-1.088211083  
-1.302215151  
0.6101210511  
0.8504367694  
-0.1015803478  
-0.4779667808  
0.7192678904  
1.193098323  
0.4558490775  
-0.6266646191  
1.436118326  
0.3621433313  
-1.057014732  
-0.2468703888  
-0.8927178549  
2.329943421  
1.353190144  
-0.146816072  
0.8810034372  
0.4445887409  
1.616622642  
0.963489609  
1.196779023  
-0.4500830586  
-0.199604028  
-0.3785035913  
0.3963042673  
0.2795034232  
0.8170751909  
-1.276731725  
-0.1659342565  
-1.580108956  
0.0884741822  
0.5604785111  
-0.7929925029  
0.4030943767  
-1.362683507  
0.5932827233  
1.002436941  
1.123589511  
1.820235673  
0.2110917733  
2.035770742  
0.06134676373  
0.8641961527  
1.590963194  
2.00468198  
1.736382149  
1.257573967  
-0.3336106288  
0.7308288459  
-0.1951667216  
0.4335795643  
-0.6764091637  
-1.261469474  
-1.69220167  
-0.4131918634  
-0.3346113314  
0.2277008749  
-0.2270737921  
1.262618564  
1.409430533  
1.203894112  
0.2790387694  
-0.7527275629  
-0.1540588216  
1.006604766  
0.2436795936  
0.6994096011  
0.6949512632  
1.49136839  
1.596560318  
0.5587412664  
-0.2871631978  
-0.06778772363  
0.9710748365  
1.656891271  
1.923223611  
-0.1808111467  
0.2575281238  
-0.3748862802  
-1.373135815  
-0.5382069523  
-1.497276623  
-0.1032696326  
0.4817882902  
-0.2956267914  
1.395391699  
0.46174777  
0.1318990868  
-1.414027322  
-0.2316805499  
-0.01457560529  
-1.059419825  
0.2266827014  
-0.8984009651  
-0.929925258  
0.6987408337  
1.294478394  
0.8174240847  
0.0276439092  
-2.450061183  
0.1859108585  
-0.2865181267  
0.7658113511  
-0.04164796422  
-1.010035487  
-1.232993092  
-3.133759375  
-1.480380338  
0.7816757772  
0.6669432625  
-0.1840089702  
-1.901332096  
-0.1469967813  
-1.153026145  
0.741405379  
0.4609041198  
0.4411680848  
0.8400699024  
0.1660655538  
0.5916091566  
0.8679421968  
-0.8913857818  
1.17975783  
-0.8378731927  
-0.4481855124  
1.83511892  
1.064784661  
1.761834005  
-0.6736128518  
2.00790457  
0.4810815768  
0.2979281921  
0.7633633022  
-0.3512908002  
0.5877531957  
-0.4186741817  
-0.4393608892  
-0.496348047  
0.8964302509  
-0.9250719033  
-0.4793825927  
-0.9539592171  
0.9590117861  
1.507940215  
-0.8989385098  
-1.098457249  
-1.480537459  
-1.908731294  
-0.764847805  
0.9783030026  
0.4303724386  
-0.9745890544  
0.2495745921  
-0.2110020262  
-0.9458760692  
1.978037208  
-0.0730881765  
-1.017883415  
1.944351692  
0.8207327748  
-1.969495412  
-1.601742943  
-1.70555368  
-0.5599581988  
-0.2115617961  
-0.7962764653  
-1.24231145  
-0.4451294907  
0.03928770571  
0.3109435578  
-1.037349194  
-0.9583088113  
1.590018265  
0.5855474033  
-1.562631714  
-1.01154021  
-2.751231486  
-0.1999177728  
0.1613072404  
-0.8614165633  
-1.291492695  
-0.8237099709  
0.5921553274  
0.3267472778  
-1.439383654  
0.3374384119  
-1.255987565  
-0.2036947723  
0.8657894277  
0.8441690211  
0.5798594254  
-1.233853166  
0.0325793456  
0.5981923765  
-1.31154247  
-1.197341085  
1.248764387  
-1.904238689  
-0.8899315711  
0.4956087656  
0.8684541413  
0.7532462369  
0.9291525833  
-0.9294860966  
0.1108413546  
-0.5345458335  
-0.05096615602  
1.529009534  
-1.8244524  
0.6294371764  
0.9006112115  
0.6913907056  
-0.9959045736  
-0.871327775  
0.5369005289  
-1.753349878  
1.316286792  
0.7456833245  
0.4418940215  
-0.8317218195  
-0.5467730028  
0.2590265482  
-0.2732033172  
1.795985274  
0.240457325  
-0.05039488984  
-0.6535663144  
-0.6180901257  
1.120044854  
0.4560607731  
0.4060291775  
0.1177402019  
-0.8589925268  
-0.5035491299  
-1.824322628  
-0.9268397579  
0.1685576827  
1.753233363  
1.971244002  
-0.4450526372  
1.15583555  
-0.2408748579  
0.5633509234  
-0.3472177715  
-0.480503915  
0.3058167828  
1.602778787  
0.7154932759  
1.437129989  
2.29021013  
1.175723015  
1.219506833  
1.141405567  
0.7924308913  
1.103940977  
-0.05259670989  
-1.04324442  
-1.233699247  
-0.4530381346  
0.7866242999  
-0.2191944069  
0.04776324342  
0.6371727146  
0.9606693165  
0.4069595287  
1.275449384  
0.4132162928  
1.447901575  
1.376089928  
0.2316857964  
-0.5574362973  
-0.2747417373  
-0.759450796  
0.02451977672  
0.08558100585  
-0.01387891271  
0.4946288243  
-0.8406471878  
0.535325976  
0.00610181425  
-0.9811515164  
-0.05610573437  
0.6645809104  
-0.3965612303  
0.6718556127  
-1.029608877  
1.516626632  
-0.295862484  
-1.517104578  
-1.826979375  
-1.954034276  
-0.945482383  
-0.9664671177  
-0.1347535295  
-0.6628272049  
-0.4252184152  
-0.9381997619  
-0.619106855  
0.737569929  
-0.7805655491  
1.356657215  
-0.2242599083  
0.3194952507  
0.4247830662  
-0.5668182578  
2.028839631  
0.8546342684  
1.462767507  
-0.5226406697  
-0.6258551331  
-0.3120648635  
-2.828647444  
-0.4854282072  
0.5551201044  
-0.4830609473  
-1.014558374  
-0.9889114328  
0.3307076898  
1.341555638  
0.01846463302  
0.8810257715  
2.01130441  
0.7372691455  
-0.8646045033  
-0.5419385583  
0.1306339108  
0.4806268196  
0.1972188269  
0.3953332971  
-1.29910177  
-0.6581411539  
-0.579502465  
-0.5616887061  
-0.7783254378  
0.1852020229  
0.03568024716  
-0.860228678  
1.639579995  
-0.2291541455  
0.3806473206  
-0.1542828579  
-0.5613645644  
