-0.5976684533  
-2.164592795  
0.1049830249  
0.9729205532  
0.5545067261  
2.499104539  
1.445960973  
0.5701498209  
1.23882046  
1.33695566  
0.08699784727  
0.6428267225  
-0.05625058123  
1.394013875  
1.229559145  
0.1687486339  
0.5881352819  
-0.3474962409  
-2.111661267  
-0.4912473917  
0.9454041695  
1.208297101  
-0.1743191412  
1.174288245  
0.6567617015  
0.0980193364  
2.198290272  
0.7213464228  
-0.3655304276  
0.09149223199  
-0.2558379549  
0.07059714874  
0.1550858518  
-0.3216659687  
0.03040003134  
1.289493779  
0.1087851906  
0.2400730633  
-0.916158026  
-0.2017154202  
-0.4796212971  
0.5185910251  
0.2490613367  
-1.659425354  
-0.6080646131  
0.4351210136  
-0.6151374098  
1.072927661  
-1.749387806  
-1.261604087  
0.1152375562  
0.6237814145  
-0.02796021573  
-0.6116649829  
-1.555301324  
0.9360129414  
0.4532796693  
1.301967286  
1.258084881  
-0.1344630945  
-0.7859438343  
-1.273380849  
0.3506598177  
2.016290367  
1.024338786  
-1.269423926  
-0.6835124503  
-0.4440850808  
1.048488371  
1.164182275  
0.4038833015  
-1.577279601  
-1.129798248  
0.09791115374  
0.6830347626  
2.168747753  
1.79611665  
-0.1595810479  
0.06850926362  
-0.5183246567  
-0.6212197589  
0.5956313984  
-0.02924668677  
-0.5248297363  
-1.141486723  
-0.9125594745  
0.2182797783  
0.5648727486  
1.131500139  
-0.4679752508  
0.258289415  
0.2577109019  
0.05960143657  
-0.1317629273  
-0.5067917046  
0.2217992838  
-1.002325143  
-0.1613716384  
-0.4048781108  
-0.3887568943  
-0.4315764419  
0.02357952362  
0.8124982113  
-1.317907511  
-0.2097129957  
0.1882853224  
0.8337197027  
0.02174718266  
-1.146431633  
2.149536232  
0.175961244  
2.188553469  
-0.8162760407  
-0.2057025616  
-1.076614245  
0.1620567543  
-1.802412444  
-0.01735011907  
-0.7992809218  
0.4762675791  
-0.5313368848  
0.886718421  
-0.2952182591  
-1.586573005  
-1.2522046  
-1.773636974  
-0.8330415379  
1.184235299  
-0.5768526433  
-1.358578685  
-2.036518239  
0.1470351653  
-1.238645242  
-1.23340127  
-1.274661804  
-1.34539107  
-0.2301548677  
0.2025481229  
-0.3322901834  
-0.3244172361  
-0.9431892323  
0.2251851534  
1.239949074  
-0.2475189545  
-0.151659596  
-0.4305640623  
0.5720392868  
-0.381482009  
-0.181566606  
0.6923086149  
0.07148435175  
0.8238393127  
0.1505161173  
1.008943046  
-0.6067436874  
0.9622917208  
-0.9080123256  
1.175258277  
0.8035452916  
-0.1200633274  
-1.022843499  
-0.9208223324  
-0.6917352517  
-0.8197266436  
-0.8997189753  
-1.117019744  
1.355912111  
-0.07189611253  
-0.2811392579  
0.3440338338  
0.02311464632  
1.000101842  
0.6282058253  
-0.563132608  
0.03293113331  
-0.2046554154  
-1.042427027  
1.631116735  
-0.6749872872  
-2.182256878  
0.2011195163  
-1.288864915  
-0.8178792041  
-0.3384943811  
0.1799690417  
1.547226972  
1.234548434  
2.263628758  
0.2990744802  
0.005430839792  
-0.7719341397  
0.9331016585  
-0.8282018504  
1.413477878  
1.993041346  
0.3730921807  
-0.8695368472  
-2.630829955  
-1.679018901  
-1.30387172  
-1.075400274  
0.2584690658  
-2.683180582  
-2.043710851  
1.592953859  
0.2031439466  
-0.71357538  
0.904617334  
0.3787084291  
-0.5193502791  
-1.052453641  
1.163158996  
1.252392631  
0.6531329992  
-0.05151527188  
0.8654366362  
-0.02146376259  
0.2644895021  
1.56507349  
-0.6915736566  
1.404864927  
-0.3307718922  
-0.6622969893  
-3.106863304  
-1.457089164  
0.05120663083  
-0.3012388341  
2.033687846  
0.6718659085  
0.9442178944  
-0.9778836213  
-1.709506151  
0.2115633283  
0.05678798794  
0.2889192434  
0.1535600074  
-0.5683348257  
-0.2778668724  
0.5964936592  
-0.2031937732  
0.3846044616  
-0.8058807729  
0.5133928978  
-1.590183503  
-1.118089525  
0.08300271646  
-2.322802592  
-0.7491054815  
0.9486356653  
-1.024268335  
-0.3756593832  
-0.09673980384  
0.3033597339  
0.6108523777  
0.1338692068  
0.3362755171  
-0.7835713244  
0.672634866  
-2.937425566  
0.3928937867  
0.5834529602  
0.2072033993  
-0.5472350084  
0.2778118418  
0.300566843  
1.512037312  
1.040578891  
1.807957203  
-1.596274611  
-0.1333208925  
-0.6846709346  
1.141477637  
1.139097542  
0.8290732614  
2.729485856  
2.057646744  
0.05466857535  
0.8012716276  
-0.8896975859  
-2.017153689  
-0.1568838209  
0.34790323  
-3.149651955  
-0.05533412525  
0.04508004433  
-0.5704483304  
-0.01066162868  
-0.1733224794  
0.6215442918  
0.9636947369  
0.01255726069  
-0.7174067969  
-0.8776695186  
-1.322663487  
-0.5550216665  
-0.05660652053  
2.220297862  
0.3854391234  
-0.4794708295  
0.6529416285  
1.629468278  
0.3335897557  
-0.5438872223  
0.9283019438  
-1.470971109  
-0.653796742  
0.7235224314  
0.2801216963  
0.7417168551  
-0.9204880023  
-0.6881690397  
0.9545128609  
-0.361502868  
0.9187578855  
1.71308979  
1.905671462  
0.1606764789  
0.9648469725  
0.3930462364  
-0.23279221  
-0.8291124653  
1.688523413  
-2.432628432  
0.3565183697  
-0.3627614222  
0.5610378758  
1.984289436  
0.6975053436  
1.555161661  
0.07650689737  
-1.081621622  
-0.3116646019  
0.3989045769  
-0.9982222096  
-0.04367838975  
-0.8257698972  
-0.2482633714  
0.4127470316  
-0.6806796907  
1.451261475  
0.7378295344  
0.09054352568  
-0.4563625555  
-0.1086866585  
0.0021420774  
-2.353957279  
-0.188754246  
-0.779402866  
-0.779307206  
-0.7688896396  
-0.6734976475  
0.001395485495  
-0.2742618947  
1.23273302  
-0.312551472  
1.151813046  
1.368324521  
-0.0234548656  
1.196026256  
1.510297732  
-0.94275416  
1.358466355  
-1.100706618  
-1.083828112  
-0.1012020453  
0.4808353128  
-0.5650512191  
-0.6462704973  
-0.06904637125  
0.4290550448  
0.07750107618  
0.1587737063  
-0.1269806938  
-0.8097998839  
-0.6118695615  
1.262111197  
0.645548951  
-0.09110652262  
0.7499752332  
0.2461221016  
-0.3662892571  
0.3094204945  
-0.7060368458  
-1.444551424  
-0.8267584083  
-0.6142372557  
0.3192007414  
-0.2702509023  
-0.645855672  
-1.131218204  
0.9627747256  
-0.6144666172  
-0.1360692278  
0.1499655202  
0.2830526417  
-0.4828567517  
-1.067834582  
-0.05345837836  
-0.4929015068  
-0.7370968624  
0.1094564722  
0.5688242446  
0.7668119298  
0.7363887145  
2.11361065  
1.726854915  
-1.05930228  
-0.3158902617  
1.195555673  
1.305274513  
-0.5483937749  
1.700004026  
0.6194867044  
-1.372973257  
0.9988097266  
-0.1189544894  
-0.3421551136  
0.2097120824  
1.465429702  
-1.224040272  
