2.097551906  
-0.09171488416  
-0.1492946167  
1.442878365  
-0.2963060381  
0.2835024855  
0.9677954104  
-0.3609251597  
-0.6027838389  
0.9941023276  
-0.002486929056  
0.007426794504  
1.10284959  
-0.9443691277  
-0.6211548986  
0.708401282  
-0.8687979412  
-1.263714869  
0.2697850358  
-1.016632547  
-1.142351024  
0.7585103319  
0.2841097155  
-1.030888638  
0.279336689  
-0.1980410669  
-1.675142469  
0.3133592443  
0.05409349285  
-1.021228814  
0.4880354556  
0.7094488308  
-1.656530317  
-1.114431751  
0.5301024683  
1.114012878  
-1.186858355  
0.1143131133  
0.8090355855  
0.334858107  
-0.8849019257  
1.052366163  
1.751538246  
-0.8416882658  
-0.4066131944  
0.9678117748  
-0.7863243668  
-1.139927455  
0.93083566  
0.5539940327  
-0.6227831092  
0.6910687768  
-0.144465233  
-0.9274839393  
0.8927893975  
0.9559994372  
-1.42648227  
0.661754318  
0.7212481224  
-1.317434265  
0.5693832358  
1.699870878  
-0.07603675128  
1.085678884  
1.005884374  
0.005714337799  
-0.4942131668  
0.9547208432  
-0.7861641347  
-1.206935673  
0.122494752  
-0.6775701806  
-1.444986263  
0.06767624821  
0.7844139633  
-1.687236018  
-1.530370646  
0.2616204791  
-0.43723835  
-0.583790214  
0.8632178517  
1.24120764  
-0.7126881327  
1.279688139  
0.9989871622  
-0.4040500331  
1.749146528  
0.876260836  
-1.032379931  
0.5415559496  
1.178305174  
0.08381309572  
0.6012104483  
0.6465706341  
-1.678652592  
-0.4154051059  
1.296075715  
-0.7976950307  
0.1778783027  
0.5380645082  
-0.9760306048  
-1.208456585  
0.3087598818  
-0.6520536228  
-1.180703284  
-0.1152415434  
-0.666037787  
-2.090705744  
-0.5972346529  
0.9852793592  
-0.9611449292  
-1.633363021  
-0.2902016997  
0.08504501466  
-1.618435311  
0.302842736  
0.1304366389  
-1.73118597  
0.02412550298  
0.7876975171  
-1.489811995  
0.1881056173  
0.9686451746  
-1.292542125  
-1.072191442  
0.5727957367  
0.08192481791  
-0.4995288239  
0.392424735  
1.984919787  
-0.9329229751  
-1.40839357  
0.154683955  
0.0009516205309  
-0.5314475574  
-0.2888854219  
1.059514202  
-1.251145842  
0.7652118866  
1.694600985  
0.8657306481  
0.4563501429  
1.658549132  
0.6315843281  
-0.7142779989  
0.4224326178  
0.7151851918  
-1.054087889  
0.6225134692  
0.8584890699  
-1.916721474  
-1.024504846  
0.2272874565  
-1.02618401  
-0.725674585  
0.5070532564  
-1.062520817  
-1.490611025  
0.3777912073  
0.4245734939  
-1.116179268  
-0.2570538746  
0.3501920718  
-0.2800508504  
-1.713125928  
-0.5829906729  
0.5285513432  
-0.9781434431  
-0.5654199438  
0.8288830458  
-1.066587429  
0.4918809141  
0.4793027775  
-1.179981692  
-1.150010049  
0.9080984569  
-0.5064562809  
-1.414504122  
0.3955764119  
-0.9021490324  
-0.8742885444  
0.4806770274  
-0.8335325738  
-0.7914863556  
0.9035710185  
-0.1326334084  
-0.7929037943  
0.7895811208  
0.9329698624  
-0.9844902919  
1.40676655  
1.960206044  
-0.8089195849  
0.6494241587  
1.475189458  
0.05935907809  
-1.201521464  
0.2258184489  
0.1326488739  
-1.570931916  
0.3585756418  
0.8607623653  
-1.668093816  
-0.2481269464  
0.7574462921  
-0.8024127036  
-0.984890504  
0.1186411799  
0.4890522442  
-1.47832803  
-0.6347745969  
0.5246349721  
1.268606522  
-1.352557694  
-0.2541173472  
1.152353568  
-1.22782843  
0.1565937252  
1.542901094  
-0.4717455152  
0.3341921875  
0.7415574165  
1.157439928  
-0.8109989433  
0.1655583789  
1.516229124  
-0.2769162145  
-0.5864080806  
0.7151896765  
-0.355303493  
-1.579648919  
0.4204909993  
0.7610219528  
-1.444882262  
-0.2219176501  
0.8012977953  
-1.104283289  
-0.2412470109  
1.198025553  
-0.08007036173  
-0.6621258476  
1.493914269  
1.071858589  
-0.4287091705  
1.285866258  
1.891006864  
-0.06431129718  
1.010690425  
1.872197935  
-0.3868700265  
-0.561265708  
1.262213851  
0.8583648242  
-0.1227631578  
1.822357431  
1.240693431  
-0.655744771  
1.048731962  
3.097347517  
-0.6917791685  
-0.5449238441  
0.9704988004  
0.06732058547  
-0.630643037  
1.02486254  
-0.6366600104  
-1.190387869  
0.5018570153  
0.8792096721  
-0.7101831827  
0.5372344337  
1.644553709  
-0.6400224499  
1.070465094  
1.394539929  
-0.44333586  
-0.2870044295  
1.055243744  
0.3829130088  
-1.346669847  
-0.3113995734  
0.4152505993  
-1.331940694  
-0.1415308403  
0.5572856108  
-0.4703784251  
0.1898911101  
1.515219044  
-0.6561317689  
-0.6738700241  
0.9439726974  
-0.6357144846  
-0.716772404  
1.330904687  
1.010013945  
-0.831178254  
0.632917557  
1.310467839  
1.256117002  
-0.3824031289  
1.609253463  
1.253792558  
-0.5730924012  
0.6580187038  
1.441115798  
-0.7316042233  
0.6171465854  
1.59306025  
0.1543830091  
1.067849002  
2.03186348  
0.2572412851  
0.3871710744  
1.441930069  
-0.1020845883  
-1.365092661  
0.6489209106  
1.300939912  
-0.3871362752  
-0.2106049029  
1.544726638  
1.092711257  
-0.5449833728  
1.025062689  
1.062560362  
-0.5505460809  
0.7589773567  
2.172992951  
0.3101837475  
-0.4082021119  
1.302230303  
0.1662101998  
-0.7170351207  
1.771067214  
1.270953396  
-0.2291450272  
1.009190872  
1.474512915  
-0.3463101955  
0.6658858503  
2.28644043  
-0.1819239826  
0.07553466493  
0.9238286876  
0.1938517115  
-0.6551846135  
1.221784075  
-0.183646663  
-1.043937802  
0.5226076974  
-0.2007393556  
-0.6486062418  
1.317523412  
0.5689955563  
-1.614148969  
-0.5638673967  
0.6667026199  
-1.043131932  
-0.2694805725  
-0.0697553955  
-2.940357445  
-1.359721381  
0.09020915064  
-1.768320652  
-1.258253898  
0.3476842497  
-1.768016605  
-1.780933125  
0.06962040236  
-0.3531334485  
-1.202229837  
0.01892828151  
0.4276733894  
-2.466761093  
-2.010645112  
0.08323999861  
-0.07432834251  
-0.5357951129  
0.9780559374  
-1.170077228  
-1.906330932  
0.3798895488  
-0.4656876603  
-0.3580854998  
0.6344988582  
-1.150830486  
-1.889904155  
-0.1075314639  
0.6824558891  
-1.019660854  
0.3607095099  
0.478482762  
-1.753905804  
-0.2572076254  
1.228178798  
-1.195491743  
-0.7688034842  
0.512645344  
-1.393616208  
-1.92094486  
0.8590935086  
0.97805709  
-0.5849071583  
1.345010051  
1.180268413  
-0.2208451169  
-1.227072181  
0.8062212754  
1.312877659  
0.03575488059  
-0.1913880569  
0.5725976711  
-1.938760939  
-1.814577057  
0.08481718671  
-0.4545281249  
-1.956781102  
-0.2569593885  
0.5170781585  
-1.209676828  
