2.424286957  
0.03937791979  
1.972083129  
-0.2389184891  
0.8902720028  
2.288899197  
1.060690111  
0.4264262031  
0.3999467612  
-0.4001883808  
0.4416371535  
-0.7973150291  
-0.2263611098  
-1.354244417  
-1.567146046  
-0.2303322694  
-0.5659513154  
-1.340815484  
-0.06160568968  
-2.636309018  
-0.1143188811  
-0.3136768772  
0.3153814713  
1.350556237  
0.04325974426  
0.9873372305  
0.2487287424  
0.3055117493  
0.5368523001  
-1.276656276  
1.326113474  
0.4875888309  
-0.2800487081  
-0.5537046646  
0.1424489562  
0.7774081566  
0.6817731108  
-0.7789810506  
-1.282190674  
0.7450167259  
1.873713839  
0.949958074  
0.006025511392  
-2.00449974  
-0.4055064542  
0.06457924725  
0.5754706121  
0.595229925  
-0.7985038488  
0.1944949087  
-2.342562876  
-1.00617007  
-0.5371127246  
-0.7768725592  
0.09751801703  
-0.1854970751  
1.181348042  
0.8174422454  
0.7342058039  
-1.023949727  
-1.15901281  
-0.7699596157  
-0.3459062896  
-0.01080043785  
-0.3885097791  
0.1413839832  
-0.5819324934  
-1.318924438  
-0.600435328  
-1.293013646  
-0.1046600811  
0.9662791128  
0.3031892714  
-0.1742383112  
-1.573472459  
0.5084014213  
0.3776384451  
-0.5636553007  
0.4021693374  
0.7588407767  
1.416030313  
0.1556422871  
0.4547017163  
-0.6598170006  
-0.8995058061  
0.2748650324  
-0.5565252686  
-0.8648553904  
-1.1369049  
-0.3612347394  
0.09553527315  
-0.3777509028  
0.8115773758  
0.3318153972  
0.9871854094  
-1.354924221  
-1.058615637  
-0.5636549507  
-1.609442709  
-1.094500243  
0.04270748356  
0.9152923977  
-0.474171321  
-0.3981329702  
-0.7588293791  
-1.438256817  
-0.72941796  
-0.5744794496  
1.17208368  
-0.2350434129  
0.3252029708  
-0.2939809608  
-0.2037642314  
1.686439011  
-0.2555105549  
1.043147077  
-0.6079566353  
-1.236542973  
-0.692979184  
2.096003358  
2.359914099  
0.1354157341  
-0.8805592037  
0.4861785476  
-0.2887542625  
1.03317833  
0.3830522753  
1.476427148  
0.1029528959  
-0.9597700542  
-0.9775546737  
1.138660368  
0.5387805352  
0.2994254568  
-0.6347937057  
0.7930784436  
1.315777059  
0.09465272053  
-0.421835795  
-1.17377069  
-1.801031994  
-0.8778742956  
0.05149125715  
0.7184651172  
0.2663861969  
-0.453724313  
-0.3640357165  
-0.4359821652  
-0.6015810748  
2.129712396  
0.6959925647  
-1.01071355  
-0.4616134442  
0.04599527852  
0.2398667613  
1.371341426  
0.9726568066  
1.225637421  
0.003591576635  
-0.1920082119  
1.009439132  
-0.09547381192  
-2.488844731  
-0.7707848398  
0.341570782  
2.329541152  
2.459423356  
0.1680334213  
1.501387445  
-0.03734405049  
1.953886752  
2.245850846  
1.953966064  
1.244693549  
1.867838034  
1.39772837  
-0.1541130685  
1.078840471  
-0.1107094403  
0.959942942  
-0.1178013941  
-1.419033927  
-0.1643429969  
-0.8637826419  
0.2597284333  
0.5713537036  
0.5558156996  
-1.207937469  
-1.080028312  
-0.3797626973  
1.108339131  
-1.176316799  
1.788480841  
0.4885090333  
0.07287344045  
-1.773883246  
0.2955578146  
1.022156402  
-2.118922151  
-0.3693571033  
-1.657379185  
-1.450428422  
-0.4974825597  
-0.5982252615  
-0.583541385  
0.7173865959  
0.2116070557  
1.133839883  
-1.784395431  
-1.498401935  
-0.1978100123  
-1.627549148  
-1.141432282  
-0.1978396376  
0.0150989929  
-0.3893821054  
0.6489203538  
1.360152702  
-0.07726029642  
-1.067827426  
1.030312633  
-0.2108851166  
-0.09394790768  
1.355664579  
0.3028037289  
0.1259410421  
0.7556570425  
1.672414572  
-0.6066248017  
-0.636983556  
0.9655765833  
-1.600441595  
-1.027372625  
0.08366396719  
-0.4978995069  
-1.811960865  
0.06044111387  
-0.2275950581  
-1.76827183  
-1.006624728  
-1.806725803  
-1.524876906  
0.289815129  
1.450821295  
1.659874182  
1.057369054  
0.4534520666  
0.3728421945  
-0.8205152807  
-0.9029036052  
0.426533151  
0.2342030415  
-0.1010665177  
-0.3883348541  
-0.4448016088  
0.5891438663  
1.85839106  
1.130317775  
1.286738553  
-0.565224751  
-0.3993084937  
-1.848474314  
-0.4463104716  
0.6882158863  
0.3212916923  
0.03664357867  
-0.9792890893  
-1.939018168  
-0.7378114949  
-0.5048623788  
2.582283399  
-0.2599613709  
0.2787139337  
-0.7229369994  
-0.4124647186  
0.2183781297  
1.338272728  
1.25212684  
0.1854230358  
0.4389949012  
0.6878918989  
0.9095412265  
0.4248062478  
-0.5438912532  
-1.681220607  
0.2348518727  
-0.6054183665  
0.7021485542  
-0.7609962005  
0.6258669016  
-1.737164826  
-0.890720526  
-0.1310775628  
-0.5433078285  
1.94438871  
0.811652726  
0.1515420567  
1.112254101  
0.8014882813  
0.548914843  
-0.6356923205  
0.6170656015  
-0.7356410495  
-0.8504581787  
-0.2607389363  
-0.1833683623  
1.358243059  
-0.1733200503  
0.3588551114  
-1.055926742  
-1.569556024  
0.2649267129  
-1.072709363  
-0.3669821568  
-0.1471669227  
-0.09986040615  
-0.4823582532  
-0.7407495181  
0.4400702875  
1.245557393  
1.922277323  
0.9199430256  
1.543323468  
-0.5240907157  
-0.07915470342  
-0.1902996504  
-1.306055384  
0.0918161663  
-0.786611495  
-0.5055603239  
-0.6033750951  
1.033715535  
-0.2241940677  
-0.2981093518  
0.1173032539  
0.1401416686  
-0.7177459545  
-0.7270828977  
-0.541842747  
1.341518226  
0.5263721101  
1.085139264  
0.1926303699  
-0.4472734937  
0.3688397122  
0.5337171762  
-0.07698435472  
-0.5340427664  
-0.3306517623  
-0.6438765572  
-0.3306746309  
0.7582120087  
-0.4271913648  
2.345802851  
-0.2073996133  
-0.09800763458  
0.7728622777  
0.7681223979  
0.7064112686  
0.7957726095  
-1.298844274  
0.3632363045  
-1.523669303  
1.377354426  
0.2416893852  
-1.463960582  
0.649569839  
-0.192597691  
0.4847415987  
0.2765089276  
-0.1645057864  
-0.2430219397  
-0.5776619842  
0.7961382527  
1.849247753  
0.6713426746  
0.3208714724  
-0.6536793737  
0.07408472468  
0.7227311743  
-0.5960885204  
0.3825073097  
0.07198624142  
0.1075963453  
-1.492988443  
-2.012425834  
0.3228861373  
0.6899073789  
-0.5076923354  
-0.4794916349  
-1.143179669  
-1.226378135  
0.1873747451  
-0.3386310539  
-1.361780332  
3.025510987  
-0.188508178  
-0.7722907708  
0.7676460564  
0.8774637723  
0.8562395994  
0.4577790167  
-1.440436111  
-2.423110232  
-0.6085640769  
1.283726737  
1.020660069  
-0.9382707351  
-1.969123651  
0.1328221136  
-0.3951991142  
-1.316488732  
0.4320148925  
1.245110936  
1.50675855  
0.7074116408  
0.1929801379  
0.6550778763  
-3.244276187  
1.443073628  
