0.938939538  
0.908438189  
0.02017412147  
-0.2816164724  
-1.202052784  
-1.916712259  
-0.03667504909  
-0.9851629946  
-0.2510420239  
0.5385565791  
0.3471419107  
0.6331751883  
1.235653111  
-0.8166201873  
-0.2746053797  
-1.774739991  
-1.141521951  
0.1505059641  
0.5384346122  
-0.1656316656  
-0.669914565  
-1.823189031  
-1.362526036  
-0.6755225948  
0.142378009  
-0.5321989245  
-0.6324020717  
0.3747763543  
-0.2359230554  
-1.260677296  
-0.6171429391  
0.07150821572  
-0.282441759  
-0.4013517842  
-0.3873832116  
0.1990884395  
-0.8241645829  
2.640107682  
2.280687472  
2.209666067  
1.429701084  
-0.7578983492  
-1.516961896  
-1.108490295  
-0.07834023034  
0.5468493227  
0.4629896417  
-0.1326422286  
0.97993557  
0.8273991758  
-0.7596849669  
0.06647700945  
1.006081731  
0.7430527351  
0.3258357625  
0.3053248674  
0.459330559  
0.9888801359  
-0.3214201261  
-0.04974938681  
-0.6972273512  
-1.343497239  
-0.1999701673  
0.04311526873  
0.008454911772  
-0.2397338811  
-1.556205492  
-0.2308353047  
0.7225739991  
1.234343856  
0.7553458296  
-0.3347021648  
-0.3055961529  
-0.3068288069  
-0.03149909938  
1.028703991  
0.9708404646  
-0.6320094234  
-0.83112886  
-0.8885964893  
-0.2243949449  
0.3376652374  
0.5264080032  
-0.2794296011  
-0.5875504074  
-0.7056677358  
0.1145167954  
1.820258898  
0.1826231657  
-0.8886860205  
-1.267992954  
-0.1968134567  
0.8487088326  
0.7097243085  
0.13589864  
-0.1996933817  
-0.003609586861  
-0.4191853499  
1.734590715  
1.24119566  
0.1515634629  
0.1370693121  
1.877713062  
1.18902144  
2.273905906  
0.5906476617  
0.2355690303  
-0.3454162214  
-0.6102761542  
-0.3336742963  
-0.8703036445  
-0.5219305612  
-0.1703499828  
-0.5560116341  
-0.7496617539  
-0.4240629784  
-0.9139396612  
-1.278806853  
-1.477538967  
-0.6650206937  
0.517151179  
-1.156210166  
-0.1848272186  
-1.073571085  
-0.3370411307  
0.5224775353  
0.4698032188  
-0.5069063341  
-0.6992819625  
-0.2970169869  
-0.7164376098  
-0.8052968824  
-1.211674173  
-0.04697093496  
1.419815802  
0.883079751  
2.503138541  
1.571306311  
1.155873946  
-0.4104817497  
-0.8392710755  
-0.2351025482  
0.03994898507  
-0.825055037  
-1.002451613  
-2.905893249  
-1.886031682  
-0.8218616647  
-1.406055658  
-0.01415405115  
-0.7856474449  
-1.650902603  
-0.05090453206  
-0.2884736293  
-0.07594933361  
-0.162554315  
1.875412729  
1.641216267  
1.59994948  
3.321350361  
1.1136649  
1.754037523  
2.323510571  
2.062262086  
1.911294783  
0.5246987644  
-0.8985943315  
-2.831245733  
-2.321676274  
-1.367934843  
-1.078205075  
0.2025672993  
-0.1960477318  
-0.3853647594  
0.8761680743  
-0.5230982292  
1.642286606  
1.957369161  
2.011730595  
-0.09143291093  
-0.3876836393  
-0.3686766259  
-0.3436944762  
-0.1545337223  
-0.4316916545  
-1.052235926  
-0.769332404  
0.01055646832  
0.6805651444  
1.270140371  
1.350899468  
1.525599708  
1.501360753  
0.582524949  
0.3125053634  
-1.0194395  
-1.026485264  
-0.8763334288  
-0.9525683318  
-0.2560845129  
0.2406236649  
-0.3454339719  
-1.133295404  
-0.920099205  
-0.1085463161  
0.05688030799  
-0.1973162204  
0.002764162268  
1.058720929  
1.244783033  
0.7130971653  
0.1019186969  
0.5132673579  
0.4345903505  
0.08393404274  
-0.5892415559  
0.504771601  
-0.5645650045  
-1.211780188  
0.7903223029  
-1.1583969  
-0.8961968029  
-1.21683315  
-0.3550429602  
-0.209958959  
0.3247249996  
1.302022211  
0.9435185452  
1.56766866  
0.4317608101  
1.09081111  
0.3024781078  
0.4929712234  
0.9532888792  
0.4257409721  
1.965739175  
2.487265587  
2.389962006  
0.6348459503  
-0.3291961172  
-1.042385416  
-0.2107767269  
2.102338865  
1.222106705  
0.0339586905  
-1.110507314  
-0.7995750463  
-2.846381959  
-2.222773782  
-1.43934263  
-0.3778621638  
0.1702391252  
0.7834536263  
-0.5361293368  
-0.9251506928  
-0.6907967837  
0.6187371787  
0.8773967723  
0.8472216013  
0.4304331807  
-1.166709413  
-0.9163412537  
-0.883348598  
0.368642928  
0.9641079858  
0.0351579713  
-0.1769838595  
-0.6105507455  
-0.3774551938  
1.576587387  
0.9588367006  
2.960078121  
1.729911102  
0.3970432015  
0.2123525786  
-0.123987334  
-0.2308062207  
-1.295896235  
-0.7526101494  
1.327314089  
0.7356289165  
0.2752198667  
-0.131178706  
-1.083763592  
0.1796398924  
0.9235222603  
-0.06656072649  
-0.2949974839  
-1.176698939  
-0.7602742149  
0.01596805899  
1.285961599  
0.3336836013  
0.7739471333  
0.1974995729  
-0.2519280558  
0.7924966177  
0.3193009177  
0.5616314413  
0.2552051087  
-0.208711694  
-0.6376856424  
-1.653813413  
-1.321207055  
-1.138406549  
1.150738956  
0.7563444909  
0.5309871014  
-0.9017400089  
-0.2694979844  
-0.06415396636  
0.1047909862  
0.8401871042  
-0.5366442957  
-1.109642297  
-0.1508911033  
0.6241433917  
-0.3661567806  
0.01479510467  
0.2389219417  
-0.4711098747  
-0.175878971  
-0.7060546336  
-0.6901530482  
0.1441283225  
0.6448228592  
1.748200253  
-0.1018272238  
-0.1622695269  
0.2531352293  
-0.07747842999  
-0.2646226464  
1.059422311  
1.814731393  
0.4339354223  
-0.4737308748  
-1.482040838  
-2.041252118  
0.1383357585  
0.06088069008  
0.2261094946  
-1.280059939  
-1.817165757  
-2.057811143  
-1.509166308  
-0.5953139274  
0.6532873332  
0.134732161  
1.248322789  
0.1973390048  
0.4964787836  
-0.1590652423  
-0.745296256  
-0.4836872791  
0.03333517193  
1.722843919  
2.358061505  
0.5441863497  
-0.3775767723  
-1.263934719  
-0.0806267829  
0.1357175032  
0.322081197  
-1.589539356  
-1.238732682  
0.1449292904  
-0.6651760483  
-0.2086577307  
0.5949209297  
-0.2953974268  
1.504212341  
-0.6267730305  
-0.6378386468  
-1.924755831  
-2.003373716  
-1.447819604  
-1.722129455  
0.04651045829  
-0.294215437  
-0.2791329461  
0.7244244742  
0.7249094434  
0.2299917669  
-0.0969971832  
0.02219301532  
-1.810441437  
-0.5171762095  
-0.5029909074  
-0.3630313725  
0.9121943909  
0.3680433943  
0.03446211889  
0.2449222864  
1.05815243  
1.399354106  
0.8124498221  
-0.08033830731  
0.1474127902  
0.4490634741  
0.8586533011  
0.2874098494  
-1.218743037  
-1.020538926  
0.1609625704  
0.8495550155  
-0.6794625354  
-0.2425401606  
-1.887877628  
-0.9825421162  
0.1682783819  
-0.3480399707  
0.1245878463  
1.160471351  
0.09096044294  
-0.2353161134  
0.1908967438  
1.209149126  
0.6460144401  
1.75241527  
0.07615741277  
