1.253100385  
1.472863279  
-0.1051113905  
-0.1732417846  
1.667774116  
-0.5052691185  
-1.970162042  
-1.696726506  
-2.174068158  
-0.4927650985  
-1.082536736  
-1.265838528  
0.08915017074  
-1.023656527  
-1.793389082  
-0.3412589306  
-0.8853387144  
1.011102346  
1.080948293  
1.388897063  
1.360578397  
1.72217895  
-0.2993566684  
1.052576338  
1.53982724  
-0.4327194684  
1.247964858  
-0.4721133188  
0.03498860366  
1.361433494  
0.5740198788  
-0.3869458499  
0.8854465031  
-1.919699983  
-0.3768772635  
-1.294672921  
0.972163508  
-0.5539991314  
-0.1916560113  
0.1052184205  
-0.23522023  
-0.07722913882  
-1.342150792  
-0.1769121727  
-1.261306462  
-1.823016308  
-0.5770940287  
-0.2457488499  
-0.3294377875  
-0.122850999  
0.2914882376  
0.4768789569  
-0.377656186  
-0.2815755031  
-0.780414329  
-0.02248659794  
1.171334805  
-0.4348741032  
-1.571894074  
-0.6960682839  
-1.920460334  
0.07713489655  
-0.2290357049  
-0.2027155391  
-0.4810821712  
-0.7830738458  
-0.7585710701  
0.1963998179  
1.358490806  
0.01180801315  
-0.4087002434  
-0.2609090672  
-0.5342280534  
0.3203753911  
0.9743080547  
1.63049685  
-1.085280664  
-0.3966810893  
-0.8403981597  
1.60015499  
0.809684202  
-0.3837342858  
-0.08581080912  
0.3995777976  
0.421462987  
0.670182951  
0.4242151541  
-0.394520247  
0.9234976626  
0.982250743  
1.044329582  
2.871864347  
1.296863018  
-0.4228567511  
-0.2588368852  
-0.1331925013  
-0.1702779896  
1.503355743  
0.2955801824  
0.1243073743  
-0.382991213  
-0.7732674652  
0.3613711527  
-0.2946806416  
-0.1644646889  
-0.5442904872  
-1.635706464  
-0.4641234755  
-0.9041068693  
-0.2372554785  
0.2978814144  
0.3407426004  
1.493211848  
0.858281628  
-0.2408578589  
-0.2775558068  
0.917697801  
0.8425602194  
1.13048483  
1.127413952  
1.485268052  
-0.5517057205  
-0.2737631965  
1.451279444  
0.3549782813  
1.580096557  
0.6240862005  
-0.8917707476  
-1.7794179  
-0.5196234511  
1.179899772  
0.4787695316  
0.4401579104  
-0.691594905  
-2.099642817  
-0.3680117077  
-0.6629927192  
-0.05263563564  
-0.6774515973  
-0.5849773626  
0.7239390034  
0.1580465474  
0.3868951948  
0.4529597919  
1.859577798  
-0.6119091266  
0.2916398577  
-0.399172862  
0.6860284663  
-0.007566156089  
1.363759826  
0.7098782678  
0.04707548005  
0.3840920776  
-0.1940195737  
-0.3316650293  
0.5981008305  
-0.4393902037  
0.8684078292  
-1.124034058  
-0.2838389224  
-0.4202235764  
1.417326081  
0.388050222  
0.5133504271  
-0.7690683284  
-0.4698596124  
0.9873162591  
0.9924702588  
0.550956422  
0.8210942966  
-0.001701476693  
-0.7821692653  
-1.148190857  
0.7175511521  
-0.4882039361  
0.2757319481  
-0.5809730232  
-2.360470165  
0.6229181942  
-0.8349511606  
0.08866574987  
0.7392225962  
0.188242681  
0.5796550126  
-0.2587116745  
-0.3252254745  
-0.6134006884  
-0.7402773882  
0.7821388817  
-1.018615331  
-0.8750932784  
0.6332054904  
-0.2840131526  
-1.45247953  
0.005527560839  
-1.243752012  
0.4342727805  
-0.3660622682  
-0.8922038567  
-0.1892176621  
0.9110934847  
0.3979864455  
-1.473812324  
-1.200346447  
-0.05400028456  
1.030344412  
0.9100397004  
0.6628942408  
0.8973682225  
-0.9832401128  
3.114823553  
0.4604799994  
0.7567854601  
0.5748406288  
-1.24550122  
-2.450240914  
-0.6920242389  
-1.794402955  
0.6903035272  
0.09738205345  
1.762956266  
-0.2014794128  
-0.2968715429  
-0.669607949  
-0.304730845  
1.122600595  
1.35936519  
1.34056533  
0.4114778932  
0.004327851693  
-0.1188591509  
-0.3280516184  
0.8132743703  
1.872352735  
-0.5074438682  
-0.1187739863  
-0.132664409  
0.7030529124  
1.928721941  
1.095421576  
-0.4036318487  
-2.206086891  
-2.637252646  
1.214169693  
1.490645734  
0.7252283749  
-0.5991831855  
-2.586753761  
-0.2785106609  
-0.3580719393  
1.874005364  
-0.2621659719  
-1.443840358  
1.240854137  
-0.9222531343  
1.401137628  
1.041798383  
1.201708673  
-0.4622552591  
-1.52703112  
-1.404496696  
-1.170851766  
-1.087346193  
0.6175470207  
1.857532591  
0.1722992889  
0.4542875086  
-0.295682604  
1.906522832  
0.694252547  
-1.232298031  
-0.6224089607  
0.2239679974  
-0.8123738963  
1.963553928  
0.1701080566  
-1.548347922  
-1.069100509  
-0.8167823255  
-0.235192706  
-0.3375532262  
0.3889444278  
0.03388719655  
0.8094636805  
0.7292761645  
-0.1799940123  
0.0122672204  
0.6971276072  
-0.03696151895  
-0.3105086804  
0.9562472722  
-1.269478217  
1.381249341  
0.276680478  
1.260848248  
0.5335324001  
0.4472282035  
0.7352398885  
-1.773801584  
-1.13571098  
-1.58551479  
-1.182801963  
-0.7224297626  
-1.310010981  
0.6023819586  
-0.07032559071  
-0.07051222746  
1.595697033  
-0.7521178057  
-0.5724867657  
0.405615585  
-0.5404995227  
-0.3581308289  
0.7378844161  
0.7155109565  
-1.078516522  
0.173879885  
0.09500753205  
1.132867359  
0.884164917  
1.804537652  
-0.1952310364  
-1.72769043  
-1.03378955  
-0.6928070706  
-0.4062840086  
-1.461206818  
1.522119758  
-1.684107787  
-0.6250909196  
1.640071989  
1.038884008  
0.1275963406  
-0.3029280342  
-0.5332673392  
-2.849029538  
-0.4664661881  
0.2854774357  
0.1907676842  
-0.3215968834  
0.01859749905  
0.3848624321  
-0.9360846594  
1.001594209  
1.07886315  
-2.069217159  
0.7289547326  
0.7997364244  
0.1927552205  
1.728778851  
0.9131650976  
0.2255044186  
-1.524873698  
0.1312455986  
0.6171938603  
-0.9406901807  
-0.04440360125  
0.0580185585  
-0.8254302112  
-0.7908379338  
-0.561457738  
0.7135136196  
0.9086594165  
-1.611651217  
1.015066217  
0.3868193454  
0.3730878834  
-0.5198943499  
0.1550575926  
-0.487781505  
-1.358403553  
-0.2264517874  
0.5036833618  
-0.3874271518  
-1.113893065  
-1.325657672  
0.6310276824  
-0.6810174943  
0.8252591338  
-2.094529317  
-1.42095403  
0.332679311  
0.2350271669  
0.3489552223  
0.9092184931  
0.1521420159  
-0.389630659  
-1.414357186  
-1.636147364  
-0.8759407622  
0.1151037243  
1.548997785  
-0.2873019146  
1.519582365  
0.6123014183  
0.270105875  
-0.3397773775  
-1.059366881  
0.8875094028  
-0.9564733175  
-1.027983368  
0.9259442157  
-0.3957622488  
0.3286879895  
0.782596338  
2.115156737  
-0.9272229937  
0.1302509219  
0.9108424878  
-0.165698151  
-2.380413774  
0.3425100084  
-0.3521915591  
-1.289696445  
1.003801261  
1.86475991  
1.278009743  
3.00343396  
0.3623448899  
