1.093442912  
-0.9701085412  
-0.3276952807  
-0.3718427304  
-3.272097649  
-1.858823486  
-0.1168689049  
0.2472097083  
-1.846181171  
-1.443597264  
-1.07909965  
-2.093165161  
0.8220513083  
0.02830945739  
-1.310086909  
-0.08241884631  
0.03577225619  
-0.2694728566  
0.7191481245  
0.009385610931  
-0.1876099341  
0.6493282644  
0.01703529488  
0.1417198843  
0.5965165767  
1.742184615  
0.2602421121  
0.2254604841  
0.2869827081  
-0.8740922638  
0.580055196  
0.1299853588  
0.67811813  
-0.457560385  
-0.02519965848  
1.329433201  
0.4499900647  
-0.0934621381  
-0.0951718772  
-0.6333597014  
-0.7854140126  
-0.3129590491  
2.59963941  
0.004799288173  
-0.3984463741  
-0.03683909524  
1.116935332  
0.6102021684  
-0.871543563  
0.9191450268  
-2.40833773  
1.273325576  
1.271911629  
0.8885297302  
0.6959997719  
0.6802281737  
-0.2647135229  
-1.894033419  
0.170367166  
-0.6079351006  
1.869693892  
1.016036309  
1.318234269  
-1.783075797  
-0.5219783557  
-1.612223818  
-0.4156492316  
1.110337271  
1.039948969  
-1.187480281  
-0.2040307278  
0.3584659657  
-0.2806211209  
0.4586491634  
0.523251694  
-0.2966581402  
-1.080262107  
-0.8006863973  
0.197536771  
-0.6801132159  
0.4223561453  
1.597951643  
0.443571812  
0.3503289805  
-0.3168282299  
0.2459101314  
1.104703618  
0.1344846001  
-0.1626260541  
-1.178552876  
-1.064881775  
-0.5268227672  
0.8241538263  
1.819403971  
-1.039784616  
-0.07082534817  
-0.2740127404  
-0.1075982966  
0.4465487397  
1.031063445  
1.872606094  
-0.1319759104  
0.07695336763  
0.5410135928  
-0.2150993183  
1.304735916  
1.249533005  
-0.8352553115  
-0.8291259158  
1.774451322  
0.4588917146  
0.289001354  
1.512484236  
0.2125349878  
-1.605950242  
-1.627277435  
-0.3202281958  
-0.4124416822  
0.5779447894  
0.9973581608  
0.03856664848  
0.2108903701  
0.3135773462  
0.7352385479  
0.140331399  
1.316974448  
0.6006375391  
0.3959304093  
-0.09350614105  
0.898994327  
-0.1213450227  
-0.07609787367  
-1.89791405  
-0.8417708678  
-1.490000749  
0.2641713199  
1.517294282  
1.036161943  
-1.120351884  
-1.110209137  
1.300444417  
0.1236085126  
1.455767974  
0.3644269773  
-0.140826977  
-0.3411678162  
-0.3071371488  
0.1287562517  
0.7823236888  
-1.208127174  
-1.549138807  
-2.083548506  
-0.5576561263  
-0.3961523178  
-0.8067593431  
0.5250302509  
0.8240904369  
-1.118605218  
-0.389125547  
-0.8118288588  
-1.202738308  
-0.1903021448  
-0.3563259787  
0.1002311487  
-1.044074392  
-0.9225049504  
1.351125111  
0.3990306689  
0.3134541375  
-2.240940693  
-0.4060877849  
0.04250547791  
0.4444433935  
-1.397456948  
-0.9037405764  
-0.2490367407  
0.02338832467  
0.6179861282  
1.195587682  
-0.06184707055  
0.3945623862  
-0.6733369556  
1.566582305  
-0.411884185  
-0.6912242374  
-0.2661740791  
-0.8620627766  
0.5967128668  
-0.05495305412  
-0.08543729241  
-0.6294931314  
0.06021341045  
1.20993185  
0.3315827317  
0.445711442  
0.9597157066  
-0.1971897688  
0.3458923164  
1.062940991  
2.201260519  
0.9914659823  
-1.815653959  
-0.5463340901  
0.2003909312  
0.5400843269  
1.428729813  
0.2325948615  
-0.6081729386  
0.371447094  
0.4042219861  
-0.427974838  
0.9075864199  
0.2379810128  
-0.0532196106  
0.235564392  
-0.9618243407  
-0.1438983262  
-0.4428014147  
-0.1917357626  
0.812141034  
0.6041681545  
-0.1613058311  
-0.9657774132  
1.545555906  
0.7634141055  
1.231701732  
0.2369732844  
0.2120114454  
-2.250490775  
-0.1352723747  
-1.508608219  
0.1409900319  
-1.194844337  
1.147199196  
0.1128661326  
-0.8018630938  
0.935398567  
-0.3133062625  
-1.325795331  
-0.5009832353  
-0.4904009136  
-0.1550083284  
-0.3460689851  
0.4851554646  
-0.5402759631  
-0.6580488032  
1.554676505  
0.7238713424  
0.2499645802  
0.005931309858  
-0.9715972538  
-1.922253112  
-0.3071751095  
0.4066008504  
0.7649379015  
0.6979791276  
-0.8486808592  
-1.58966428  
-1.846025926  
0.2156419535  
1.343318067  
1.697744723  
0.3853347101  
1.059102416  
-0.3946007072  
-0.4234281035  
-1.646688009  
-1.787071536  
1.016713139  
1.576907203  
-0.05427674335  
-0.687593282  
-0.9860478491  
0.1318989399  
0.1484971985  
1.50539332  
1.14378705  
0.9111040036  
-0.3315243714  
-3.491573074  
-2.43189745  
-1.528255583  
-1.036971712  
-1.700918173  
0.07646814742  
0.1860146823  
0.7108183052  
-1.010033551  
0.03500930708  
-0.3037734548  
-0.7819820824  
0.9082158631  
-1.364907324  
1.499050061  
1.275196768  
-0.998992066  
-0.5190591349  
-0.6055508902  
0.5674499465  
0.6749954547  
1.79388421  
1.141962519  
1.104019765  
-1.114608187  
0.1102483707  
0.4703719291  
-0.09110505006  
0.1370334879  
0.7925794148  
-1.162692178  
0.09260907945  
2.553291051  
-0.5486154825  
1.431273904  
-0.7822879967  
-0.3490843251  
-1.362992018  
2.652520642  
1.064640048  
0.8336799829  
-0.01624172808  
0.02956295598  
-0.995474041  
0.6940852445  
1.628277571  
0.79608046  
1.978841535  
0.6135042341  
1.984133052  
-0.07105300798  
1.190189835  
1.72938292  
0.07906825404  
1.383267559  
1.808099565  
1.558730829  
-0.2177452335  
1.529242574  
-0.5985063251  
1.391900597  
0.8416277095  
0.01654402338  
-0.001828185753  
0.1451112294  
-0.07719632488  
0.5839098399  
1.769074394  
0.8633680464  
-0.1890511691  
-1.31423257  
-0.5264833071  
0.1849509124  
-0.4753546747  
0.09322758021  
0.5322530693  
-0.4520030184  
0.1843299538  
-1.861058046  
-0.9942314394  
-0.9778235919  
-0.08178109365  
-1.666153116  
0.2649590693  
-0.6204048823  
-1.66276626  
0.3424790546  
0.654546853  
0.5839156412  
1.304895805  
-1.50090268  
-0.05531488044  
-1.645051396  
1.256281936  
1.063475734  
0.7845755464  
-0.01450324151  
-0.9060945719  
-0.4845062162  
0.1183020567  
0.2778184544  
0.4172349446  
1.152130094  
-0.4242715006  
-0.7665027648  
-1.05761335  
-0.7806157049  
1.234158653  
0.8007211255  
1.349108965  
-0.4173176897  
-3.525898392  
-0.3565246358  
0.01808948826  
0.9249443849  
1.23259852  
-0.4468548086  
-1.322941661  
-1.110896221  
-0.4733053428  
-1.927723237  
0.7761246665  
-0.2510977797  
-0.3253033212  
-0.4078220505  
0.01325221439  
-0.5068157678  
-1.045554269  
-0.7548912484  
-0.1543090183  
0.155320056  
-0.3093311014  
-0.5248262974  
-1.297447183  
-1.109200358  
1.046628303  
-1.537010852  
0.8328652962  
-0.08967462146  
0.8053490981  
-0.8072040275  
