2.736983189  
1.042106177  
0.9218854257  
1.362524961  
-0.5306634172  
0.4372928932  
0.5014913472  
0.512293225  
-0.5272348727  
1.557581129  
0.2565252826  
-0.1956678841  
0.5968543625  
0.4082427514  
-1.10181395  
1.272862595  
-0.4224609444  
-0.6636382583  
0.4754723709  
-0.1559050677  
-0.9439358271  
1.209805298  
-0.1371871646  
0.1005092459  
1.152654946  
-0.8442079724  
0.5110271608  
-0.2254802242  
0.1147388672  
1.132131991  
1.608631722  
1.275171007  
1.204174362  
0.2645428391  
2.670617118  
1.114704171  
1.981934294  
-0.5750751742  
1.669401429  
0.8998627433  
0.04781691602  
1.310901145  
-0.9669201435  
-0.9611625982  
-0.7215649926  
1.641352455  
1.276769131  
-0.8687277848  
-0.4187713269  
-0.3279389944  
-1.336653409  
0.4064028849  
0.4163444148  
1.049115303  
0.5816015399  
-0.8421639139  
1.368479642  
1.722013713  
1.418118113  
-0.7371614396  
-1.153334234  
0.174297355  
-1.900448769  
2.528227555  
1.557846854  
-0.139284023  
-0.1461470082  
-0.4046681562  
-1.126362867  
0.4504815715  
0.2644350176  
-1.060536975  
-0.7932827162  
-0.3579775454  
-1.631902289  
7.65620856e-05  
-0.5248077743  
0.3502286805  
0.6345380397  
-0.6447960208  
-1.062782595  
-1.389365249  
1.048298107  
0.3251438547  
0.3039955181  
-1.095182085  
-0.1993818845  
-0.5170872047  
-0.1631745363  
-0.139283413  
0.9988695563  
-0.51464063  
-0.4038822349  
-1.175257923  
-0.802144277  
0.302501014  
0.5679596434  
-1.464800661  
-0.5548783931  
-1.136428527  
-0.9605845364  
-0.2003806349  
-0.03981183368  
-0.6477718322  
0.1080154056  
-0.1339209023  
0.3875083908  
-0.4161126165  
0.7789908838  
-0.09309718653  
0.2992646086  
-0.2999371648  
0.6900424424  
0.3456694997  
-0.3985555738  
-1.395552301  
-0.2061337174  
2.02616848  
1.310821396  
-0.8875577228  
0.5944868197  
-0.4546302002  
0.2938870461  
-0.7701630472  
-1.790220573  
-0.4825709083  
-1.174807533  
0.06078104184  
-0.729882679  
-0.8287305503  
-2.629197803  
-2.190142982  
1.081821854  
1.683158715  
2.671821335  
-0.5672798807  
0.2608110464  
-0.9190637665  
1.882807347  
0.8662086867  
1.15354427  
0.6721132604  
-0.9301498875  
0.2695259608  
-0.03408426664  
1.645280303  
0.4474460541  
0.4212243348  
-0.8574137074  
-1.060231153  
-0.4370836181  
1.033192944  
0.7698019453  
0.03418844683  
-0.8619677496  
-0.003878870407  
-1.532379787  
-0.7981172639  
-0.9093505946  
-1.244975151  
0.0540418613  
1.56811199  
0.1399554388  
-0.175439191  
-0.9705051827  
-1.576506107  
-1.271707114  
-0.5631831811  
-2.075815659  
-0.1266369225  
-2.869346926  
0.4445568525  
-0.1250898274  
-1.3679299  
-1.47963998  
-0.07471324527  
-0.8123980661  
-0.3103967129  
1.130639885  
-0.2990071334  
-1.887930764  
-1.65328342  
-1.056334802  
-0.4490789775  
0.7969315027  
0.3057721387  
-0.4419530244  
0.1538363338  
-0.1180178862  
-0.7465329251  
0.555102206  
-1.242652618  
-0.5606891505  
1.151121728  
1.601689213  
-0.2607025784  
-0.589462096  
-0.8166797814  
-0.7820397975  
-1.478042909  
-0.4524661083  
-0.560203618  
0.2802605854  
-1.144935438  
-0.6126309601  
0.6574966082  
-0.2740535695  
0.7815415763  
-0.2808697844  
-0.8543123653  
-0.1068598443  
-1.453408844  
0.3137420064  
0.7338593412  
1.259392686  
0.1011963934  
0.5540068136  
0.009937632352  
1.272833208  
0.1560773842  
-0.4510525014  
0.1592890776  
0.859976851  
1.417963198  
1.964307861  
-0.0330992371  
-0.8551428616  
-1.305935189  
0.1352219945  
0.5372044893  
-0.3332623604  
-0.8758459404  
-0.9670012817  
-1.822481068  
-0.3662204003  
-0.07823333532  
-0.6918911718  
-0.09242582541  
0.1261327024  
-1.3601557  
-0.9242734828  
1.167698189  
-0.8077200274  
-0.4992941612  
-1.178312383  
-0.813271636  
-0.3297607125  
0.9351244866  
-0.4048738637  
-0.9513815146  
-0.759911262  
0.3241726509  
-1.010805715  
1.05965252  
1.487071807  
0.5746176682  
-0.4497650341  
0.4599136121  
-0.4604102986  
0.5562293645  
-0.705130177  
0.8170193016  
-0.6007423411  
-0.3490045938  
0.06442874956  
0.1151206057  
0.382972625  
0.4036699848  
2.653330511  
1.118553679  
0.9124618868  
0.7933382803  
0.1677109075  
0.7860718502  
-1.810050972  
-1.396020838  
0.5788563519  
-0.9811908529  
-1.090744055  
-2.968009345  
-1.46955401  
-0.3669788087  
0.2341011076  
-0.2738752106  
-0.4793574402  
0.1968451568  
1.193391555  
-0.7751015342  
-0.8184742859  
1.164372692  
0.8864585627  
0.5884285782  
0.3564702127  
0.4533159983  
1.359768781  
0.7344404038  
0.701488968  
1.682486723  
-0.7000603839  
-0.6183305413  
-1.314685087  
-0.9369977561  
0.148164801  
-0.5243155396  
0.04883135268  
-1.009847438  
0.1305755109  
0.2489919452  
-0.1389128007  
0.6729775811  
-0.4695017626  
-1.456224672  
-0.2302491317  
-0.3603624745  
0.1715157511  
-0.3809640954  
0.01551541678  
0.7454090604  
0.9515602752  
0.2228950248  
-0.7007754929  
-1.317949766  
-1.491720256  
-0.7227515588  
-1.938106778  
0.6630465396  
0.9786146149  
1.220729347  
-0.2185937567  
0.07674671794  
0.8827959864  
0.8992278259  
1.381773835  
0.2702266481  
-0.5035151049  
0.6731558128  
-0.955868047  
-0.3599902979  
-1.101294145  
-0.9627401062  
-0.1097241964  
-0.5116396777  
-0.557203203  
0.05121059742  
-0.03745713956  
-0.4470967924  
-1.030618048  
1.416486511  
0.8904096062  
1.292081821  
1.328501499  
-0.3509127399  
0.5911405521  
-0.3460421047  
0.110844365  
-0.6848970488  
-0.7893616896  
-0.8731514695  
-0.2712198793  
-0.2755207881  
-0.8731087647  
-0.5805948449  
-0.7945323328  
0.4300157043  
-0.3122157083  
-0.04201640006  
-0.1322398318  
-0.01504192804  
1.614262142  
1.124230972  
-0.7868299853  
0.8467143159  
0.08365810282  
0.6567741688  
0.3268608438  
1.366417674  
-0.03881146546  
0.1758388416  
-1.420728581  
-0.191886116  
-0.1474836801  
2.052032224  
-0.1594191061  
0.7536798332  
1.467439567  
-0.05799352512  
1.40047622  
2.342707935  
1.673569869  
0.6164706474  
-2.378860966  
0.4586921669  
3.572120845  
2.619348229  
1.945917581  
-1.374249045  
-0.27112778  
0.3239989599  
-0.1886524495  
0.3532535599  
-0.1969746104  
-1.891859414  
-0.9238758146  
0.189704064  
0.8492764204  
1.412281986  
1.202898251  
0.2605764465  
-0.3873327855  
-0.8609596885  
-1.492660708  
0.1493104093  
0.4645343039  
1.894818117  
-0.184122996  
1.089102209  
-1.651991533  
-0.7327512695  
1.24399311  
0.8044442276  
