1.816649137  
-1.677286579  
-0.5621808028  
0.03831819284  
-1.90394319  
0.8202859384  
-0.2717255481  
-1.138603545  
-1.045879891  
-0.5023550711  
-2.258095909  
1.293051564  
0.8241697996  
0.9521089999  
-0.3683025382  
0.6859169097  
-0.2174152999  
0.1463964587  
-0.7619990536  
-1.645852411  
-1.299542457  
-1.150852072  
0.3978479034  
2.024451423  
0.6161316265  
0.5587493491  
1.505048548  
0.7540051272  
0.8175057301  
-0.5750062187  
-0.488954366  
0.8740218186  
0.2331517287  
0.6720719139  
-0.0171993535  
1.148914071  
1.264543168  
1.192761642  
1.879055164  
0.5933038859  
-0.02074491067  
-0.9642758598  
0.6717778528  
0.3613918914  
-1.531667836  
0.1080734715  
1.299664978  
-0.7726787138  
1.049894524  
-0.9784417668  
0.8062321463  
-1.032065561  
0.3600240851  
1.331469271  
-0.874780218  
0.162398733  
0.3138159896  
0.8703639334  
-1.0619685  
-0.6848807479  
-0.667428744  
0.2703283091  
1.269896482  
1.299947102  
2.239901435  
0.009195658884  
1.623373652  
1.220170653  
1.184059521  
-0.09492558595  
-0.6708013235  
-1.963185027  
-0.138591034  
-0.8206367702  
-0.1728635382  
-0.6299250631  
-0.9004823065  
0.2246694976  
-1.443013653  
-0.09515519957  
-1.312717135  
0.1098735855  
0.2551437686  
-0.5838125487  
-0.8153241472  
-0.3944352111  
0.3539440579  
-1.360040068  
-1.218668017  
-1.295856695  
-0.1321982825  
0.1233586213  
0.6205867802  
-0.231057934  
0.4830254366  
-1.390806788  
0.1967324546  
0.3810406798  
-1.402668407  
1.158388447  
0.7377266528  
-0.2597942156  
1.055182609  
0.2476423985  
0.7083893801  
1.202469661  
-0.740617916  
0.6550960277  
-1.336733977  
-2.027123309  
0.0179778392  
0.5954689001  
0.007768285959  
0.5209978635  
-1.286791349  
0.03138784375  
-0.5011867736  
0.6816038209  
0.01856043283  
0.1630952593  
0.04841641221  
0.2140271315  
-0.3598878738  
0.3492126399  
1.866332445  
-0.6669480506  
-0.2050731961  
0.961220235  
-1.451651402  
-0.3279940458  
1.165953192  
0.04282831479  
-1.374044233  
-1.43012195  
1.010953686  
-0.07209637969  
0.7736639521  
1.451717758  
-0.816029409  
0.1145760458  
-0.2694858569  
1.150454019  
-1.326042811  
-1.496321316  
0.7849227431  
-2.079347563  
-0.3078366359  
-0.3578806205  
1.694173257  
-0.09026367772  
0.6215877558  
1.171263581  
0.2046005041  
-0.01954061675  
0.4348945198  
-0.1494826419  
-1.170453149  
-0.2529946899  
-0.57018165  
-0.1017837851  
1.029238494  
-0.3349878032  
-0.6138759485  
0.05569811905  
0.4076629538  
-0.5798810546  
-1.833483792  
-0.1619809758  
1.137365229  
0.4455929575  
-0.07992976805  
1.579003528  
-1.690603816  
-0.5489593148  
0.2388565354  
0.1269295265  
2.535652047  
0.3918493809  
-0.6471437089  
0.2449965615  
0.646845761  
0.8125823212  
2.201554936  
0.8238237672  
-0.4294487702  
-0.1747992999  
-0.4526041505  
-0.5744274816  
-0.0479640098  
-0.6383585957  
0.3257788177  
0.8860499358  
-2.403762968  
-0.3927985953  
-1.210930189  
0.5525932108  
1.683507361  
-0.2032022216  
-0.09781018628  
-0.5408448232  
1.022863526  
1.586434192  
0.6646605343  
0.142882957  
-2.633872028  
0.4226303554  
1.588108486  
-0.03028387387  
0.8589410629  
-1.346500184  
-0.6713120345  
-1.10413164  
-1.744234676  
0.1925362699  
0.4462059378  
0.01214110436  
1.421957216  
-1.879282514  
-0.2281154062  
-0.04121140558  
-0.461700822  
1.182374515  
0.7216315835  
-0.798688274  
0.3178155721  
1.228151475  
0.2350551574  
-1.262522349  
-0.5838458188  
-1.738781256  
-0.908028213  
1.489842473  
-0.4916717616  
-0.1847114084  
-0.7256212673  
-0.2168521744  
-0.6230037358  
-1.316346347  
0.0471810606  
1.014527158  
-0.4447818251  
0.03302544869  
-1.157248001  
0.9082995208  
-0.7497117758  
0.1629713317  
1.500936907  
-1.347964414  
-1.561506069  
-1.043423731  
0.4212283008  
1.218342133  
0.7636459332  
-0.7066231733  
0.2717627797  
-1.986496682  
-0.3344309805  
-0.2437426529  
-1.63750803  
-0.474728586  
-0.4647852188  
-0.6869381565  
-0.208880244  
1.655228593  
-0.8018573512  
0.4849181396  
2.482595268  
-0.09120603491  
-0.3100474419  
0.1409537613  
-0.6552364771  
1.128515222  
0.593031894  
1.012301984  
0.504575736  
0.1649643883  
0.3161139913  
-0.3016538908  
0.0630909722  
-0.02357098223  
0.4230162545  
-1.078146933  
-0.4889519873  
1.363762276  
-1.136106608  
0.2267863335  
0.08846244315  
-0.1451646246  
1.169012809  
-0.3648057615  
0.06087903814  
-1.343285233  
0.6552278405  
-0.6860731059  
0.6314994074  
-0.09970844523  
-0.409798236  
0.8295114134  
0.4246901493  
-0.7112047307  
0.4558158515  
-0.7112663122  
0.09655888152  
-0.442862143  
0.09142821591  
-0.02361360992  
-0.7879554914  
0.3024777342  
0.02849467176  
-0.5787682799  
0.2737627762  
0.9564313464  
0.3692600297  
0.4582938558  
0.4557133329  
0.4547698289  
-0.7452461449  
-0.9517226491  
-0.663043166  
1.487232062  
0.1357512223  
0.7962198224  
-1.939042465  
-0.2001247262  
-0.1961152903  
-1.355451138  
0.5093368194  
-0.6702071707  
0.3956559411  
-1.193599847  
-0.3150266171  
-1.380502465  
0.5764778708  
-0.2430286316  
1.450791336  
1.354675189  
0.4588215542  
1.405076554  
-1.315397168  
-0.4598538155  
-1.134171572  
1.896194591  
1.192259427  
-0.09060056714  
1.665770279  
2.068514767  
0.2999219171  
2.178767992  
-0.3977253657  
-1.526217432  
0.6402285641  
0.3755365934  
0.624324359  
0.671352589  
-0.06087254694  
0.1006330398  
-0.5919563297  
-0.2866253099  
-0.4643148249  
-0.8586174806  
1.865094675  
-1.134755125  
-0.3832440938  
-0.06939905862  
1.778962157  
-1.496079256  
-0.6369485061  
1.266832025  
-0.1161205223  
1.783706992  
-0.397055333  
0.1380228465  
-1.871780093  
-0.8301745416  
1.318039271  
-1.168527434  
0.3198796694  
1.08818534  
0.1861376538  
0.1703482544  
-0.8535713992  
-0.8654412589  
-1.157417482  
1.191942628  
-1.003273641  
-0.7550522622  
-0.2653834065  
-2.053350727  
1.844359164  
1.331800341  
1.556343849  
0.6652054356  
-0.1365254039  
1.266854618  
-0.4233295201  
-0.0937375434  
1.480512625  
0.2019380852  
1.870260332  
1.808930857  
-1.885773984  
0.3601241436  
-3.516348139  
0.7197615502  
1.128373864  
1.477782411  
1.39838638  
-1.125190867  
-1.699050658  
1.304354624  
0.9856141842  
-0.6913994792  
-0.6203072713  
0.02591084199  
-0.6114438897  
-0.1087913892  
-1.503363822  
-0.7723321395  
-2.6513456  
0.06109097586  
