2.154385908  
-0.8662571102  
0.854298156  
0.6783106286  
-1.729781726  
0.1018061912  
0.8919907032  
-1.33893571  
-1.126396308  
0.2243441416  
-2.180852705  
-0.1534238984  
1.202509166  
-0.5073398789  
-1.218511522  
-1.692710858  
-0.5701029419  
-0.05002445563  
0.5639098044  
1.598204169  
-0.1136582449  
-0.5303920934  
-1.013086103  
0.5155175863  
-0.2660643605  
-0.2488853953  
-0.3754498836  
0.2589848364  
-1.068646198  
2.007633247  
0.2974249828  
1.31136474  
0.1378728867  
0.7599606473  
-0.3333896469  
0.1100279099  
-1.595251452  
-0.5160580265  
0.5289074549  
0.8319430626  
1.716258226  
-0.7093858666  
-0.3004442072  
-2.410346895  
0.1491596461  
0.1947959105  
-0.8442890624  
0.6809445704  
-0.1391972599  
0.4151501425  
1.183228725  
0.1293413943  
-0.6716999427  
0.9293158551  
0.1018132667  
-0.5689734033  
0.6377438476  
1.964032561  
1.703037744  
0.1652876474  
0.08785972983  
-1.933806641  
-0.290142613  
0.21660045  
0.4360855768  
-0.6693104296  
0.9877440683  
-1.673294127  
-0.5039907283  
1.287560709  
0.03184515699  
1.03258065  
1.637729056  
0.6157749127  
-1.397375702  
-0.9060110805  
0.4176676308  
-0.3628515491  
-0.6528497963  
0.8374083565  
0.7619429735  
0.1226803056  
1.382163836  
-0.3658848365  
-0.9074424876  
-0.139115374  
-0.9657620284  
-0.1302800642  
-1.532902781  
-0.4736371931  
-1.624986642  
-1.151166239  
0.4185838038  
1.291421854  
-0.09124897774  
-0.5234436415  
-0.9586796268  
0.7585190109  
0.5622379858  
0.8403969068  
0.5660147457  
0.9504544093  
-1.441308771  
-1.275271997  
0.9100588269  
-0.9711123283  
-0.3116310037  
1.570078208  
1.284581452  
0.8937366987  
-0.6585129195  
-0.2032100099  
-0.5370346432  
-0.09983615002  
0.646646785  
0.5634678283  
1.350434282  
0.5679305645  
-1.086477295  
-0.4865990708  
-0.1568918501  
-0.3062267054  
-0.772615234  
0.8203760886  
1.774407092  
-0.1446524742  
-1.123186393  
0.1757685891  
0.2662442572  
0.7384192182  
1.644552958  
0.899724743  
-0.3058483233  
-1.168935542  
-0.06881561854  
0.4938827257  
0.8596642732  
0.05830237788  
1.598369833  
-0.8787504361  
0.6476806461  
2.158973151  
-0.04749189175  
0.4561226833  
-1.315367895  
0.09168043569  
-1.693024823  
0.6937695054  
0.06233364695  
-1.073422972  
-0.4427207992  
-0.2130097034  
-0.5297602788  
0.7531806694  
-0.533756009  
-0.4219813886  
-2.65684128  
-0.02960640475  
0.0678005892  
0.3597302918  
-0.3825271926  
-0.3743391189  
-1.747301901  
-1.721455423  
1.031823782  
0.04504077653  
-0.9227765397  
1.328181604  
-0.2325936164  
-1.53995733  
0.483135663  
0.9490117497  
-0.1439398016  
-0.1572181566  
0.6572274931  
-0.4280181161  
-0.4619012714  
-0.3919201261  
-1.596298075  
-1.681745759  
0.3634266813  
-0.3999422154  
2.223968218  
2.555462053  
-0.1510821342  
-0.6421807996  
1.360061641  
1.47864735  
0.6299216764  
0.9168457899  
-2.03912754  
-3.363347646  
-1.529330869  
-1.055886935  
-0.6367158546  
0.6054736294  
0.1653517593  
-0.002960530853  
-1.041244402  
0.4908556993  
1.226498311  
0.07718610195  
-2.32627905  
-2.491064082  
-2.007415382  
0.00119683447  
1.657313067  
0.6812918624  
-1.623553065  
0.3149456186  
-0.4229439365  
-1.071905092  
1.141533447  
0.5234823383  
0.4392336455  
0.679549087  
0.6040054825  
0.5513898121  
0.3882682507  
0.9203247481  
1.112883162  
-0.4222591942  
0.9025034662  
0.713770511  
-1.356918491  
-1.401468307  
-1.104196049  
0.147121398  
0.7322230687  
-0.0249796214  
1.154604865  
-0.4799499654  
-0.4584097388  
-1.188132073  
1.531759755  
0.3476607949  
0.06293400193  
1.293411846  
0.636509636  
-0.4312944199  
0.2300167166  
-0.3028431851  
-0.09245617435  
-0.4005930313  
1.051750087  
-0.04112805165  
1.613478717  
0.04129542775  
0.8870571482  
0.7081036883  
0.2607555373  
-0.09318193243  
-0.2952266665  
0.9934559319  
-1.422673953  
1.46293276  
-0.1280983933  
0.3700951545  
0.1352064025  
-1.733339016  
-0.5165392337  
0.5254772159  
0.465468324  
0.20042047  
-0.9229623861  
-0.285501518  
2.114299466  
0.4292286518  
0.8572915938  
-0.03728402555  
0.8952586003  
0.8349013289  
0.6874368439  
-1.075646615  
0.6752286245  
-0.2283404712  
1.206692771  
-1.599914563  
-0.7747881762  
-0.2434098167  
-1.812188995  
-1.641532838  
-0.5470097068  
-1.999886698  
-1.247235807  
-0.3242549949  
0.8003448937  
1.588295878  
0.3383352285  
0.4931754156  
-0.6756071655  
-0.2892823285  
2.050674626  
0.8043144909  
0.882188319  
1.5887508  
1.498854943  
-0.3466432225  
1.706113358  
-0.505160303  
-1.216028075  
-0.9976968814  
-0.6106598051  
-0.9378995636  
-0.2497667205  
-1.577928632  
-0.1207564398  
1.089577628  
0.9291286321  
-0.05472816254  
0.5284682392  
0.0070423322  
-0.6793483694  
0.5789396166  
0.8058370073  
0.9522832689  
1.099659442  
1.564442967  
-0.08905236542  
-0.7363639915  
0.01291919728  
0.721060029  
1.753181166  
1.086152869  
1.245555365  
0.599772228  
-0.5227968935  
0.2190441454  
-0.3698836752  
2.035680007  
0.4906441389  
-0.7316520238  
0.1365912621  
-0.9597190107  
-0.5836251395  
0.2988820412  
0.3278702789  
2.529264066  
0.02280444763  
0.36249193  
0.3790759749  
-1.346837359  
-0.2420824458  
-0.06699534662  
0.1297593231  
0.7122500308  
-0.6145772545  
-0.7174828715  
-0.1642472341  
0.9866406762  
-1.151529267  
-0.7409616151  
-1.090774461  
-2.847858386  
-0.8233323452  
-1.56181021  
-0.5138239099  
-1.117766536  
-2.114094312  
-0.1881218391  
-0.4738576858  
2.351843686  
-0.8141770203  
-0.1656164575  
-0.5407571823  
-1.049379241  
1.285701929  
1.433750224  
-0.4845802514  
0.1182245803  
1.107987822  
0.07172013096  
-1.785252943  
-0.04711336971  
0.6522693279  
-0.5404896267  
-0.7054750341  
1.193438246  
0.06443239997  
-0.5308964001  
1.105433205  
0.7648118951  
1.749248308  
0.9810899486  
-0.3422282223  
0.8472201569  
0.5558543028  
-2.171703937  
-1.904253604  
0.8534501382  
1.378350571  
-0.1772954458  
-0.7395257494  
0.2875949833  
-0.4093752763  
0.188616936  
0.02727845818  
0.2248767133  
-0.6601475969  
0.4698393279  
0.3464727257  
1.097623786  
-0.4098203259  
-0.07175870888  
-1.761692157  
-0.2604361211  
-1.072016539  
0.05013102274  
-0.2305928106  
-1.139551654  
-0.190558448  
-0.3067248702  
-0.2744963325  
-0.8127417375  
0.9374002249  
0.1315566749  
0.4389312981  
0.1055408399  
-0.5142756786  
0.1125980132  
