1.510138948  
0.8312536716  
-0.9310438888  
-1.247586973  
-0.7873489538  
-0.3919371222  
-1.024471056  
-0.2341616876  
-0.5826925756  
-0.7119968721  
-0.9806107545  
-0.9811038269  
-1.081167089  
-0.1333003629  
1.237355719  
0.1282418313  
-2.880198254  
-0.8300557082  
0.4700723787  
1.252260039  
1.809532648  
0.3480774733  
0.2534174544  
-0.04454287997  
0.9267182783  
-0.1289371417  
1.05742104  
0.6464068162  
-0.9080278921  
-2.260401776  
-0.6545293062  
0.7876047132  
-0.3489163661  
-1.231689505  
-0.2904579635  
0.7292364716  
0.05410227296  
-2.058358116  
-0.8155387903  
-1.829334486  
-0.01638450949  
0.3310071527  
1.470827499  
-0.2731501146  
-1.118086904  
-0.7557415831  
0.7069134355  
-0.5541347035  
0.1440712518  
0.1596978283  
-1.334540394  
0.3438959119  
-0.2441687743  
0.7316468265  
0.5556731884  
0.5582459667  
1.372801322  
1.219764527  
1.788155805  
0.9657172665  
0.1221218889  
-0.6210029443  
-0.9687403753  
-1.891934517  
0.8864174565  
-0.9670149792  
0.02403941774  
-0.795344935  
-0.6263320188  
-1.228566669  
0.05662338409  
0.5547733565  
-1.539849467  
1.520752398  
0.6407126463  
0.002204178541  
0.9777133972  
1.575315437  
1.329465617  
-1.074983781  
0.1922019913  
0.6255910103  
-0.8278569012  
0.4178544816  
0.9639998345  
0.5452509668  
0.1324452829  
-1.410403675  
-0.4384545407  
0.6757468501  
1.470514237  
0.4750788731  
-1.915391031  
0.6393485212  
-0.4747502524  
-0.2941042023  
-1.390195397  
-2.009909671  
-0.1449588704  
0.9942277254  
0.07487194423  
-0.2839951536  
-0.6600219059  
0.5565818251  
-0.239756867  
-0.6422495663  
-1.110648808  
0.1358743386  
-0.7221996479  
0.9376610387  
0.7762583091  
0.9459817874  
0.08194735745  
0.4298681264  
-0.1633667607  
0.750750018  
1.108877994  
0.6415867145  
0.94451193  
1.32263187  
1.69035358  
0.2898833847  
1.865126018  
0.8565097772  
0.2385565327  
0.2967622119  
0.2049652461  
-0.07705685658  
-0.02981822822  
-1.029014585  
-0.9068362291  
-1.264214259  
-0.1459294112  
-0.02203088995  
-1.059791052  
-0.9163952984  
0.5342686115  
0.3861101042  
-1.230330364  
2.58467684  
0.06968819518  
0.6898431934  
-0.1000942264  
1.51335954  
1.09168229  
-0.2743858569  
0.410376788  
0.7016988736  
0.2512224201  
-0.5852116871  
-1.700285412  
-1.571682656  
-1.213085244  
0.09717639858  
-0.2523670802  
0.4940513802  
0.1374342119  
-0.2913028633  
0.5678945357  
0.1252829523  
-0.8010452916  
-2.062679726  
0.3255060715  
0.4998427293  
1.212299489  
-0.6914093149  
-0.1138827147  
-1.530735719  
-1.677536384  
-0.1721286081  
-0.6331304419  
-0.8619497919  
-0.2053983921  
-0.3442321817  
-1.546882285  
0.8401395404  
1.03698059  
-0.6990403753  
0.3645426181  
0.06618318312  
-0.6429857903  
1.533073763  
-0.8489504463  
-1.947725401  
-0.5743229394  
0.02069202335  
-1.730067447  
0.05713797224  
1.661784749  
0.8127415298  
1.594695489  
0.8456701297  
-0.9541620046  
-0.7227048331  
0.2862251425  
-0.1206097979  
0.4367708052  
0.5091375017  
-0.3331536326  
-1.162341462  
-0.7323130499  
1.266708577  
0.3018661207  
-0.5170630978  
-0.4612213235  
0.8130285593  
0.2834987439  
0.5582515912  
1.441785587  
0.4209162577  
0.2357760952  
1.113190862  
0.7096809551  
1.323039726  
-0.02516527837  
0.81167448  
0.6089535289  
1.172219424  
2.575281117  
1.126967357  
-0.0969181104  
2.439653527  
-0.5234058412  
1.020351585  
0.4536103755  
2.262869594  
-0.0342373788  
-0.6938442058  
0.7754512302  
1.318471686  
0.7730082016  
1.19882383  
1.007373546  
-1.513079481  
-1.998574021  
-0.4587199932  
-0.8399873184  
-1.720534637  
0.4461394208  
-0.2023087563  
-1.258727584  
-0.2496404361  
0.5740015252  
0.06054627319  
1.06486356  
-1.580173363  
-1.660762017  
-0.6901391074  
1.234835508  
1.976093528  
-0.2770340477  
0.8242929798  
-2.243332851  
-1.496413539  
-0.6009099022  
0.3822597288  
2.03178033  
-0.2851274557  
-1.588188265  
-0.22890237  
-0.9180998301  
0.9008688027  
0.2258011104  
-0.2071974255  
0.07151702455  
-1.298544808  
-1.34537216  
0.8214407235  
0.5558858852  
0.2170451247  
0.08332466889  
-0.2881093602  
0.9167148858  
1.622780492  
0.003926602117  
0.3373378376  
0.08654621315  
-0.1039474358  
-0.8257119691  
-1.264750557  
1.104185091  
-0.6141663932  
-1.610943499  
0.6277800485  
0.4720254088  
-0.4822544628  
1.411620183  
1.04437195  
-0.4300613638  
-1.393066416  
1.051533035  
0.4246892022  
-0.6135819825  
1.013584225  
-0.7693374589  
-0.7574620737  
0.7089430194  
0.4156844269  
2.085370609  
-0.8022520008  
-0.2352484252  
0.02375310025  
0.6911933354  
1.235717277  
1.368494009  
0.1014294144  
0.06022726683  
-0.6979130118  
0.2212006214  
0.2900947245  
0.08173033552  
1.020265177  
0.1013917159  
-1.66328401  
-1.143147602  
-0.5396179165  
2.576054178  
1.196783105  
0.7627789815  
0.4030025958  
1.140861801  
-0.05136729266  
0.9475825964  
1.968310652  
0.782667211  
1.314467636  
-0.8379398056  
0.4596516863  
-0.9320745324  
-0.7062541008  
-1.596867466  
-2.878361389  
0.5693982531  
0.3684510528  
1.73265714  
0.1452521066  
0.4451725594  
0.1342704186  
0.6700391709  
0.5441510871  
-0.4502530232  
0.02195502827  
-0.7053546099  
1.064624827  
1.094410779  
-0.4277933015  
-0.05429719309  
-2.875561686  
-1.404515343  
0.3935855329  
-0.569360499  
-0.5982596165  
-1.87530032  
-0.07446056747  
-0.1122269664  
0.05095540939  
1.153023931  
0.4771262159  
-1.728724751  
-0.9686766833  
0.3630872592  
-0.3262877055  
2.295141817  
1.224562171  
-0.8941989856  
0.6198336744  
-0.5582621624  
0.04724938018  
0.3079262197  
-0.4738886805  
-1.953356518  
0.9771818287  
0.2991072891  
-1.35666158  
-1.074291739  
-0.1242543972  
-0.7113994648  
0.005021674705  
1.211488001  
-1.728068747  
-0.3724442682  
-0.8042790765  
-0.9752137831  
0.5659284668  
0.2437337026  
-0.3318682421  
-1.388506965  
-1.472050739  
-0.5271398334  
0.1785773741  
0.8620370379  
1.75830223  
0.958301227  
0.9133977567  
0.9581358803  
0.3686707368  
-0.9967344332  
-0.2630740481  
0.3474652338  
0.4121817696  
2.111014791  
-0.440727079  
-0.9183505631  
-0.5268489536  
-1.058123357  
1.948255928  
-0.4399068011  
-0.4987554369  
-0.6412797952  
-0.1604852397  
-0.9735198896  
-0.6905276228  
0.2283007  
-0.2092461656  
-0.2980872792  
-1.396278044  
-1.193046922  
-1.163852745  
0.004820356538  
0.1699146743  
