1.241624025  
-0.2744116787  
-0.7882507099  
1.147663926  
-0.2222556023  
0.9826322206  
1.809645494  
-1.383405519  
-0.1114646029  
-0.2207106294  
-0.4883217145  
-1.783563009  
-0.5274210309  
0.6763987977  
0.501913326  
-0.4904021534  
0.3185603895  
0.6581576417  
0.8107597429  
0.3986326598  
0.9426573044  
0.1806404763  
1.150368676  
0.6643521571  
0.8642271262  
-0.9294647567  
-2.244174784  
1.400628501  
0.4213812933  
-0.407967307  
1.10309077  
0.4793723966  
0.2239332703  
-0.05042955851  
0.2529451294  
1.421973318  
0.6956770605  
2.432584681  
1.382961116  
0.1513996617  
0.6172254924  
1.552029502  
-1.009176714  
-2.004718029  
-0.001918346499  
0.3758301593  
-0.1339557148  
0.8250900113  
0.0530281553  
-0.5374904858  
-1.154595297  
-0.4010594561  
-0.08886473403  
-0.1240319986  
-0.02811172604  
-0.3000689471  
-0.9898383319  
1.298186543  
0.04030890698  
-0.2422972825  
0.01390056086  
-0.9024618879  
0.1105906543  
-0.4947865299  
-0.9173243519  
0.04999072495  
-1.604710809  
-0.2558782598  
0.2796788246  
0.05526487625  
-0.02786299263  
-0.06062099142  
-0.8814300411  
-0.6720816894  
-0.2146183888  
-2.426964851  
-0.1139214243  
0.3491540767  
-0.03157782304  
-0.916594758  
-0.1738315514  
1.202050698  
0.9182105574  
2.013064993  
-0.6037620674  
-2.276817607  
-2.000249123  
-1.294345438  
1.829813553  
0.1747980401  
-0.6597176579  
0.06344460999  
1.177097322  
1.439892641  
0.4773222367  
-0.2055361478  
-0.9570171091  
-0.06976895034  
0.5705505659  
-0.5054143731  
1.518105383  
-0.3208256043  
-1.928343286  
-1.191447641  
-0.03202045589  
0.4574937329  
1.668822661  
0.3927822278  
-1.097252578  
-0.1078563613  
0.7342876454  
-0.3456090927  
0.894106944  
-1.072994345  
-0.04680225681  
0.193438035  
-1.050880223  
-0.9289243213  
0.9358961304  
-0.8575581826  
0.393752141  
0.4842107322  
-0.887236016  
-0.6539161758  
1.178888094  
-0.7068971265  
0.3538399431  
0.05750097579  
0.1859710346  
0.4461597204  
-0.190786958  
-1.495430069  
-0.3718434309  
0.09515337241  
-0.3891806819  
-1.12822427  
-0.8655176539  
-0.8209002559  
0.3392039027  
0.5662941099  
2.341403431  
0.1359685964  
-0.4773819694  
1.186788664  
0.342233936  
-0.575740133  
0.06206700584  
0.08329798545  
-0.5104657539  
-0.1101963846  
0.7633644388  
0.8047894152  
0.062948051  
0.7254455148  
-0.8074723638  
-1.347318283  
0.1028713111  
-0.2430662408  
1.415995992  
-0.4607403472  
1.421980415  
1.109242459  
-1.032700122  
0.9999290853  
-0.4222429481  
-0.03721828722  
-0.2691950038  
-0.9459189611  
1.016368952  
0.4083872631  
-0.7133074229  
0.1880570146  
1.109095671  
1.462155946  
0.2565095814  
1.493155314  
0.680818793  
0.5767690225  
0.1853368847  
0.1908383399  
-0.9681888956  
-0.6470838311  
2.084876028  
-1.075630274  
-1.062734476  
-0.498323869  
-0.3400702835  
0.9353090976  
2.118302231  
-0.6532209389  
1.905817022  
-0.6639591821  
0.1569235708  
0.1387020708  
0.10375926  
1.275143001  
-0.1638692047  
0.01653737779  
0.8978317981  
-0.9431582779  
-0.01152267575  
-0.0678644092  
0.4904148941  
0.03468836969  
-1.557014416  
1.039639223  
-0.8431237397  
0.7401850324  
1.521669643  
-0.4238747137  
-0.1888842588  
-1.194451214  
-1.307085012  
-0.5226506043  
-0.973291749  
0.003184251985  
-0.09563823676  
-1.906058619  
-0.6656118473  
-1.485520139  
-1.747902147  
0.9086947825  
-0.2504548573  
1.30292014  
-1.445316283  
-0.9322061167  
-1.129293384  
-0.6445799415  
-0.3756915162  
-0.1296361762  
-2.203462288  
-1.359720664  
-0.2980413613  
-1.89685132  
-0.4578175363  
-1.032288473  
-0.2566335078  
-0.6629335523  
0.07288708359  
-0.3331657282  
-0.8937658851  
-1.825895912  
-0.6249090335  
-1.62366519  
1.166481724  
0.7112321877  
0.9632184862  
-0.5124858369  
-0.8218781766  
1.466065928  
-0.6376424948  
0.9737480662  
0.7422194946  
-0.07318953606  
-0.5911002854  
0.9694986801  
0.5924374719  
0.51291731  
-0.7801944144  
-0.5614466022  
-0.4587641447  
-1.59099999  
0.5455957272  
0.9356741717  
1.095952844  
-0.1752591341  
-1.555539687  
-0.07903978511  
1.313447833  
1.916314979  
0.09551464341  
-1.027457439  
0.1173886861  
-0.9152441379  
-0.3221811008  
0.6387236646  
1.484241286  
-1.366567519  
0.7413734331  
-1.101965154  
-0.3001260193  
-0.2572297812  
1.776448012  
-0.984858019  
0.07457735837  
2.148663766  
-0.4687140796  
-0.642443098  
1.630512261  
-0.6824651636  
1.154399001  
1.007110008  
-1.495827136  
0.3369251933  
-1.514026898  
0.8448170555  
-0.09699618328  
0.2956582186  
-0.2975192274  
-0.09076364507  
0.7282664664  
0.4471000614  
0.875179198  
-0.8455878966  
0.8227576631  
1.543513669  
0.2281096939  
1.940357949  
1.126738998  
1.557507499  
-0.6710108277  
2.233371352  
1.701213482  
-0.8158991645  
-1.3573395  
-2.047454017  
0.1294801737  
-0.465537017  
0.8453236886  
-0.6662321341  
0.6044466674  
0.0861282318  
-2.011249761  
-0.2140374153  
0.1457370949  
0.08459233078  
-0.904143816  
-3.228067016  
0.514883932  
0.6159187495  
0.7625724136  
-0.3364189897  
0.02130479396  
0.3782781935  
-0.2777852008  
0.3192312162  
0.8151273552  
-1.385706784  
0.02427121577  
-0.1716340814  
0.07996577641  
1.953990269  
-0.4975443765  
1.603438716  
0.5665276645  
-0.4294637487  
0.8190612807  
-0.2922660517  
-1.84007862  
-0.9265399672  
-1.490264955  
0.8111633499  
1.396636273  
0.9227435221  
-2.881976693  
-0.5530765133  
1.046775447  
2.285661081  
2.111581092  
0.6743023062  
1.632312882  
-0.09808672099  
0.1701044499  
-1.020356421  
-1.253875606  
-0.3297187748  
-1.66858221  
-1.307602347  
-1.682101523  
0.6603680285  
-2.249403675  
0.5565592676  
0.9639799037  
0.8620339592  
-0.5095470863  
0.4073595925  
0.7121259535  
-0.647430328  
-1.309970614  
0.4058882845  
0.02770344496  
-0.3334557706  
-0.896209322  
-0.4563304882  
-0.2889921906  
1.06115045  
-1.079338919  
-1.27171837  
-0.6534273741  
-0.03380827525  
1.36895373  
2.747504515  
0.8650591277  
-0.06997580929  
-0.4318108975  
-0.5226104549  
-0.02300660092  
-0.1272070787  
-0.495491752  
-1.379908502  
0.4765934934  
0.1587131878  
1.342604092  
2.301443558  
-1.624252366  
-0.4975725531  
0.03660854221  
0.1221365177  
1.222373081  
0.8349025948  
-0.2869596818  
0.00382193865  
0.2993514965  
0.7574450956  
0.5313800283  
1.53764108  
0.1717981858  
0.4309215798  
0.6511953911  
-1.672236583  
