1.265328783  
0.2964403603  
-0.6074130448  
0.654572654  
-0.5511302828  
-0.3834828603  
0.2390365082  
-0.08174840941  
-1.154520842  
-0.6567606908  
-1.659624832  
-1.051040636  
-0.00806714668  
-1.58795782  
-0.7979647501  
0.4812194388  
-1.171451435  
-0.738188104  
1.041077738  
-1.018868831  
0.07358452068  
-0.6811606846  
-2.092747089  
-0.6800962308  
-0.5950952001  
-0.2988316552  
-1.333439831  
-0.9723585145  
1.368829101  
0.2716297731  
1.256038406  
-0.8105712266  
-2.403678458  
-0.4727992581  
-0.1448439344  
0.2340198906  
-0.7636955413  
0.6180084414  
0.3424739687  
-0.6220009318  
-0.4097450816  
-1.156075319  
-0.304723971  
0.09932003564  
-0.9018085931  
0.6377713899  
0.5157262898  
0.8029681232  
-0.3661244824  
0.4202669466  
0.01820662579  
0.1204619384  
0.4438685247  
0.7447560989  
-0.2231472375  
-0.2453232902  
-0.1169222189  
1.687403103  
0.4953287493  
2.555417703  
1.154623012  
-0.1456192839  
1.054669642  
0.07964914887  
1.265083278  
1.767134381  
1.07330652  
-0.600952778  
0.1606307419  
0.2318473116  
0.2441500619  
0.5420637589  
0.5446850658  
-0.6559415832  
0.256252211  
0.1745729803  
0.6273564912  
-1.19107346  
0.3663351455  
-0.05728395008  
-0.5323099978  
0.769485431  
-0.137874296  
-0.09293972439  
-0.5659672586  
-0.1470326342  
-0.1060701808  
-0.7901982133  
0.08973901627  
0.4448728646  
-0.1723919847  
2.157231328  
2.462005274  
0.205138615  
-0.8457913691  
-1.536048235  
-1.939837301  
1.251910087  
0.1859756931  
0.0004433236854  
-0.8779368312  
-0.6986821613  
-0.7074150722  
0.7383329379  
-0.02376870253  
0.2459813854  
1.976974424  
1.98970979  
2.538977961  
-0.5835379304  
0.9398512147  
0.899282075  
-0.1920467565  
0.5841949022  
-1.425686714  
1.57411959  
0.564425022  
-0.01638578544  
1.075982046  
0.1879908442  
-0.1847497922  
0.429181355  
-0.3700081097  
0.9115511554  
-0.3462809333  
-0.7050290352  
0.2739717147  
-0.05776247977  
0.2354125407  
-0.1826141826  
0.8247964326  
0.4936546466  
-0.2549318258  
0.1875791525  
-0.2302591647  
0.36028823  
-0.2120598261  
1.413535019  
0.5578008708  
0.1235893555  
-0.6209484748  
-0.4334158446  
-0.8631742443  
0.03410169811  
1.970520751  
0.2813501161  
0.2420555176  
-0.3790230545  
-2.3329046  
-1.390680563  
1.8082547  
-0.3612642114  
-0.9227953174  
0.65758668  
-1.130290915  
-1.125429628  
-1.377705655  
-0.05062123451  
-0.4498892698  
0.3404868342  
0.6906986567  
-0.54580576  
-0.4239942946  
-1.090477012  
0.9413184853  
0.947048269  
-0.3986088832  
-2.361477804  
-1.521982815  
-0.107814043  
1.831321792  
1.973008158  
-0.5474422579  
0.05168178254  
-0.1570145696  
-1.481337074  
-1.197478233  
1.614368345  
-0.0745450221  
0.239957926  
0.2232822649  
-2.403922157  
-0.5954659857  
0.9867973849  
2.469773657  
1.805246969  
1.341793156  
-0.7872831516  
1.301985968  
0.3611684017  
-0.9635398323  
0.95728319  
0.07187314946  
-0.5196858088  
-1.625916304  
-1.458900336  
-0.1454259272  
-0.2141076904  
-0.4901557  
-0.8956554648  
-0.02918835816  
0.5279130418  
1.150909778  
-0.8964965304  
0.562703686  
0.2854927271  
-0.3296160375  
0.1166461894  
0.6307018414  
1.727841442  
0.6342344741  
2.119094866  
0.7503427126  
1.433134258  
0.1050816195  
0.8957988737  
0.2599627649  
-0.4290563347  
-0.4652080518  
0.1424051216  
-0.4761518105  
0.8360477146  
-0.2609851936  
2.264223285  
-0.843672889  
-1.697668188  
0.4187753675  
-0.05190798262  
-1.062078008  
-0.2321040489  
0.05060169129  
-1.872294211  
-1.724151732  
0.135270164  
-2.017223442  
0.1171415877  
-0.4110512366  
-1.035928238  
-1.688599694  
0.2338269761  
0.009966074027  
-0.3314277639  
0.02304124679  
2.072687775  
0.7491964565  
1.100899832  
1.109606917  
-0.6113053851  
-1.754434658  
-0.7337207113  
-0.631720609  
-0.5742990366  
-0.4709606837  
-1.181894137  
2.334226195  
-1.204277931  
-1.166212624  
-0.8832330153  
-2.842852831  
0.5785024547  
0.5713248444  
0.4591367443  
0.1309490635  
0.8770891292  
-0.7997124964  
-0.09087136601  
0.3885762493  
-0.3666579776  
-0.4241213382  
0.6537592774  
-1.073065944  
-0.3148835189  
2.386289981  
0.4889790105  
-0.9959247757  
-1.367875949  
-1.877413298  
0.06300921319  
-0.7344952359  
0.7648321187  
0.7268503735  
0.6100000588  
1.684336585  
1.686922652  
-0.1505064462  
0.1797495451  
-0.1909705845  
-0.0007269968894  
0.1637605388  
0.5746718354  
0.7175297639  
1.032777903  
-0.3365467602  
1.54980379  
0.9110627662  
0.8477293531  
-0.6186846489  
-2.29753885  
-1.03251667  
-0.2679618619  
-0.7151367169  
0.450436109  
2.707761035  
1.02009219  
-0.01919822523  
-0.8552392583  
-1.590895376  
1.283211403  
1.500999725  
1.409922972  
-0.7490357235  
-0.1334055948  
-0.8644454055  
-0.5665365463  
0.720839255  
3.075071819  
1.632489022  
-0.4869791615  
-0.003052820882  
-0.4293476612  
-1.66765968  
0.3218884714  
-0.004685745003  
-0.3166402713  
-0.8556454301  
-1.407508478  
0.537044696  
0.2468205341  
0.6116773008  
-0.6690075151  
-0.4148166322  
-0.2348283033  
-0.2156727478  
0.6723957935  
0.8355130126  
-0.2984130277  
0.2950551004  
-0.6103284309  
1.252338299  
-1.017272075  
-1.313175987  
-0.1489102602  
0.4898886686  
-1.987703331  
-1.165295806  
1.166503119  
0.1325532943  
-1.556720092  
0.1010493694  
-0.539753548  
1.349665116  
0.001603995969  
-0.2103115876  
-0.9907450629  
0.09622781026  
0.3213349256  
-1.875667779  
-0.3238006124  
-0.5606045971  
-0.1856351914  
0.5284668976  
0.3191736499  
-0.6795586108  
0.1165308772  
0.003760695549  
1.072781162  
0.3885824626  
-0.3186721594  
0.2685740242  
-1.91063494  
0.08291491278  
-0.2559469839  
1.702310555  
1.183101672  
-0.4008732096  
0.3198501686  
0.07355956062  
-0.1017138736  
-0.9664249198  
-0.6052982548  
-1.048341692  
0.2594538818  
-0.09018999762  
0.4265445645  
0.3594507953  
-1.452879845  
-0.7302563511  
0.7020681571  
-0.5672745151  
-0.4056677999  
-0.855243579  
-0.2934009895  
-0.08369426337  
-1.101294869  
-0.6227750119  
0.6156845755  
0.3948754356  
-0.6355591742  
1.971525583  
0.8957832794  
0.2766244297  
1.751301889  
0.1453883604  
0.05289861069  
-1.546692415  
-2.477106098  
-0.976514692  
-0.4853592908  
1.041391543  
3.212709455  
0.4942288952  
0.4127544188  
-0.375027436  
1.558893261  
-0.1441443682  
0.8278448476  
-0.0505911599  
-0.2511933818  
0.9522826428  
-1.189499462  
