1.651554458  
-0.9775383931  
-0.4363483314  
1.176230577  
-1.076801354  
-0.1126784147  
0.7426303892  
-0.9794864565  
0.07966635124  
1.101412979  
-0.8902794408  
-0.1657018836  
1.151160137  
-0.9787162498  
0.5034075246  
2.131810081  
-0.7660611331  
0.6037942197  
-1.619029531  
0.8027105785  
1.393508175  
-1.004375825  
0.08483868775  
0.2628985603  
-0.7916337497  
0.689027707  
-1.160588871  
-0.05122312131  
1.332448526  
-0.5107197402  
0.7573819011  
-0.9201703953  
-0.1085274302  
-0.5062686905  
-0.2185962702  
1.079650673  
-0.8571050979  
0.7423791489  
-1.056781443  
0.3047040788  
0.7341171428  
-1.060284265  
0.9364124828  
-0.9576952782  
-0.1555765175  
1.446314048  
-0.811033533  
0.8449933236  
-0.9513250386  
0.3566125191  
-2.428601266  
0.1978582904  
1.341472096  
-0.4531437022  
0.9830574415  
-0.8333794349  
0.4191598615  
-1.370151128  
-0.008820932123  
-1.224489224  
0.5382894618  
1.18155926  
-0.9617927191  
0.3624937143  
-1.171602455  
0.4452646215  
1.828897711  
-0.9664951815  
0.7386338663  
-1.28425805  
0.51434437  
1.494368177  
-0.981978358  
0.4180791728  
-1.200827999  
0.1010912883  
0.9790369832  
-0.9501553083  
0.3250323115  
-2.284425717  
0.2335934185  
1.110015165  
-1.132404416  
0.3905963249  
-1.334611167  
-0.07346515452  
1.390734192  
-1.122587962  
0.7902143507  
-0.9589604172  
0.2025657756  
1.111003907  
-1.194311361  
0.2520450955  
-1.614250302  
-0.07826234504  
1.385532978  
-1.1605699  
0.7901731644  
-1.256789808  
0.1115702658  
1.702780489  
-0.840763399  
0.7105749682  
-1.377973117  
0.02555827216  
1.839886947  
-0.7100077607  
0.8944670997  
-1.021544786  
0.07507065514  
1.439424095  
-0.9618346928  
0.7384978318  
-1.166389543  
0.1269390801  
1.812696205  
-1.194214787  
0.5486561963  
-1.036491892  
0.3233752071  
1.245126304  
-0.9896980156  
0.1129591451  
-2.092706218  
0.7636560185  
1.221478218  
-0.978004892  
0.2350912593  
-1.647002603  
0.8212350183  
1.394477832  
-0.8046452469  
0.6306083072  
-1.560430739  
-0.2755080558  
1.491043372  
-0.157365162  
1.270286515  
-0.9632833044  
0.385794781  
-1.13054478  
0.0260036509  
1.856170294  
-0.9027547955  
0.7017016217  
-1.070071579  
0.3723800688  
0.7340895252  
-0.3086930068  
0.9052375401  
-1.10550244  
0.3930952486  
1.469990057  
-1.140769754  
0.6586687871  
-1.229920205  
0.1320867543  
1.706946109  
-0.9978796099  
0.6117156028  
-1.180499808  
-0.02464370148  
1.655346797  
-0.7889668257  
1.039099493  
-1.197906002  
0.1675853429  
0.7950413523  
-0.3854920836  
0.8961531705  
-1.041304273  
0.1246400616  
0.4969044074  
-0.3411952761  
0.6545431107  
-0.7304403796  
0.3553200687  
-2.134630086  
0.2409263096  
1.123547339  
-0.8624481395  
0.7189159183  
-1.609817224  
0.5791036922  
1.256578266  
-1.059407744  
0.3327327688  
-1.067711558  
0.2681829734  
1.400193643  
-1.135749758  
0.1204491541  
-1.652419986  
0.9928682905  
1.660336267  
-1.06973457  
0.3483727256  
-1.350813647  
0.252547973  
1.187169127  
-1.190770592  
0.108902085  
-0.7710474569  
-0.08896558257  
0.7877293749  
-1.136968948  
0.2610578691  
-1.40023964  
0.6155423672  
1.313434881  
-1.124433449  
0.4166476608  
1.599325804  
-1.156985905  
0.4539884339  
-1.406158328  
0.2001536061  
2.076745147  
-0.6073678971  
0.9755954115  
-1.179879732  
0.2525371745  
1.626666777  
-0.8881775967  
0.5122054789  
-1.540496359  
0.491631545  
1.117545013  
-0.9642383449  
0.6830001193  
0.3995128088  
-0.4587591192  
0.7980187057  
-1.199165273  
0.233290517  
1.259697098  
-0.9098476078  
0.07814706026  
-1.550124224  
0.3260285871  
1.588471115  
-0.745047583  
0.7106752803  
-1.019894326  
0.3525974079  
1.048979179  
-0.7027380798  
0.5730935335  
-1.069032943  
0.3195142078  
1.619338209  
-0.6692337248  
1.084945653  
-1.103816052  
0.4002018075  
-0.005892799328  
-0.3963404855  
0.6089335907  
-0.9651357101  
0.487356724  
-0.7304169265  
0.6679338306  
1.138801735  
-1.088856754  
0.429632116  
-1.628095494  
0.3300428919  
2.103406658  
-0.4945812465  
0.8322226364  
-1.127417244  
0.641399541  
-0.6860996514  
0.7716631287  
1.030744566  
-1.17457777  
0.1841228751  
0.6592860871  
0.4933671875  
1.297216262  
-1.004759896  
0.7595076787  
-1.244657369  
0.4362254311  
1.718983744  
-1.093507811  
0.6560782036  
-1.146459071  
0.1259786486  
1.570526684  
-0.5833266972  
1.020133157  
-1.075519088  
0.3597730174  
0.9899091366  
-0.8388754784  
0.536274308  
-1.015633162  
0.6352298911  
-1.453740767  
0.1107546427  
-1.141107109  
0.4431643024  
1.310297454  
-0.5993862174  
0.9525308196  
-1.177045299  
0.1956593384  
-1.883393978  
0.709806179  
1.870407432  
-0.7333142199  
0.5848493592  
-0.9957271174  
0.1953140468  
-1.91894634  
0.7901394535  
1.132803887  
-0.8838273553  
0.2282411282  
-1.36036044  
0.1354032412  
-0.6091907692  
0.8882643875  
1.359723321  
-0.542415534  
0.4614533084  
-1.156124189  
0.3635226185  
0.3777616704  
-0.01521001676  
1.318559939  
-0.8190747899  
0.4790253217  
-2.262838211  
0.2904477482  
1.684746985  
-0.3725819426  
1.153630742  
-0.9255307714  
0.659970758  
-1.412828147  
0.3608271541  
0.8551976084  
-1.234312169  
-0.02501094134  
1.084030822  
-0.5611536271  
0.6300206524  
-1.105132942  
0.6536811966  
1.649910556  
-0.4091875802  
1.274592737  
-1.027708379  
0.4381320446  
1.636610242  
-0.5668260994  
0.6896041924  
-0.7866714857  
0.2784284535  
-1.601274254  
0.9587346205  
1.058829757  
-1.108155353  
0.2761487821  
-1.535903919  
0.2937879834  
1.539913953  
0.1836416626  
0.8322657678  
-1.071869252  
0.3144783966  
-1.485275808  
0.4241787936  
1.307130251  
-1.109017262  
0.6664026409  
-1.04995451  
0.3500516802  
-0.9858971746  
0.6502619258  
1.340951292  
-0.9742403963  
0.4268652986  
-1.450515894  
0.569310504  
1.325941189  
-0.5732380817  
0.630398665  
-1.672168641  
0.4000879678  
1.0108405  
-1.300304234  
0.1440490068  
-1.90143728  
0.3308520975  
1.166886143  
-0.7866130174  
0.7621220446  
-1.079017271  
0.5567752925  
-1.430281603  
0.2200577393  
-1.337765963  
0.5521445823  
1.388604078  
-1.12535039  
0.5940918695  
-1.531530395  
0.504517111  
1.212688618  
-0.9007696157  
-0.01692622762  
-1.597641281  
0.3219008729  
1.23700345  
-1.105947649  
0.2012727514  
