1.763670402  
-1.654189689  
0.6202322185  
0.37424972  
-0.2696914998  
1.957423367  
1.798887949  
-0.814824094  
-0.7064757836  
1.779195132  
-0.358843754  
-0.07945225239  
0.788505531  
-0.9573935309  
-0.6952959143  
0.5266037762  
0.3074728424  
-2.019607111  
-1.159652858  
-0.8473674467  
0.6836110912  
-0.665428124  
0.5875300152  
-1.989411769  
0.2563543332  
-0.8615861967  
-1.40865694  
0.2477667163  
-0.3462636124  
-0.5806611153  
-1.469232661  
0.1930504961  
1.485070381  
0.1225661854  
0.4221762437  
0.122169924  
-0.05396391061  
-0.1267263383  
-0.8579940017  
1.60506699  
-2.309181571  
-0.2869368137  
-0.08706748882  
-1.332839672  
-1.084675567  
0.9203864047  
-0.7024080468  
-0.8158310763  
1.495683706  
-0.4394106799  
-0.9184251795  
-0.6838395214  
0.8547101724  
-0.02711358338  
1.216449228  
3.060011566  
-2.094090983  
-0.3745905699  
-0.02315845897  
-0.3428596722  
-0.3710274489  
-0.6792551637  
0.3693437942  
-1.41156302  
0.3156717773  
-0.05916333573  
1.663078923  
-0.3053534314  
-0.8034102648  
-1.166190623  
0.7127389684  
1.323533364  
1.013806423  
-1.062303686e-05  
-0.9478426157  
-1.448424181  
0.9251896106  
-0.9176656541  
0.6015816299  
0.05131062308  
-0.5786475802  
0.326917784  
0.3134265012  
0.4486843249  
0.50877107  
0.2899366017  
1.025274481  
0.2375262951  
-1.279373792  
-0.7022077521  
-1.975822138  
-2.146242951  
-1.451087382  
0.2530768399  
-0.1055594318  
1.216413855  
0.8227263401  
0.4272948099  
-0.3878402888  
1.065471692  
-0.6082733644  
1.962601266  
-0.6471241334  
0.1555589552  
-1.785707088  
-0.3605241556  
1.590176473  
0.3183204306  
-0.8125891613  
1.598874782  
-1.341739163  
0.1346328663  
0.2154915428  
0.3334849989  
-0.01262197871  
0.5169199151  
0.4747031616  
0.7831867178  
0.9362536882  
0.5622445817  
-1.265674517  
0.8580098857  
0.3892054068  
0.9973897307  
-0.5026647432  
0.7161574398  
-0.2964510982  
0.3027388962  
0.4842570528  
0.8185494082  
-1.480812291  
0.2279071954  
-1.391785573  
0.411451986  
0.5931279453  
1.371125567  
2.724621845  
0.2443320213  
0.5818800979  
0.4080574712  
0.5639072027  
0.6567028138  
0.1777548874  
0.7872988955  
0.6230478904  
-0.4497933285  
0.4302811249  
-0.5038004366  
0.4452912224  
-0.8825734316  
-2.5341481  
-1.213501755  
-0.2840966794  
0.726181581  
-0.6124445532  
-1.552273801  
-0.5819427817  
-1.11443659  
0.3791003714  
-0.1508282011  
-0.4448786748  
0.8345967684  
1.796690868  
3.000036872  
0.3752985828  
0.133364062  
-0.4323379867  
1.925300966  
-0.5855211284  
1.108582641  
-0.9405188286  
0.432464958  
0.1895818908  
-0.6006146837  
-0.2499724173  
0.8827768635  
1.070220058  
-0.7332502124  
0.1422045991  
0.7891666508  
1.546387689  
0.165477327  
0.8554736203  
-0.9512936927  
0.05728054741  
0.003131207648  
0.2756811329  
-0.9363809102  
-0.002184201826  
-2.232066466  
0.5949558931  
1.616430533  
-0.5527109077  
1.381171596  
0.907694596  
0.7672006195  
-0.6098476123  
-0.4107643545  
0.9931032572  
-0.606521614  
0.1329610258  
-1.095692225  
-0.6274739025  
-0.6519479721  
0.1152101135  
0.8079985184  
2.211374454  
-1.653862739  
-1.037181869  
-0.8227544936  
1.01405394  
1.349806287  
0.4530713029  
0.4510250952  
-0.2551523147  
-0.2329582061  
-0.3867862017  
-1.076660679  
1.409877196  
-0.7016504599  
-1.414363207  
-1.061358688  
-0.1588309954  
0.6480819293  
0.07040300819  
0.8067535338  
0.6622798919  
-0.07501521843  
-0.7211341792  
1.291220084  
-0.4549133054  
-1.390666161  
0.8237806038  
0.2418930922  
0.4170394239  
-0.4890453284  
-0.608253475  
-1.297605198  
0.7488671384  
0.08828153976  
-0.6870524444  
0.4426397873  
-1.008374361  
-1.228413956  
-0.6254026725  
0.6882846116  
-1.559014648  
-0.622868666  
-0.2783869505  
1.368851215  
-0.9525409688  
0.7633611895  
-1.229811022  
-2.746156269  
0.2126203479  
-2.693864649  
-0.4487791725  
0.7890975035  
2.726370653  
0.8572844468  
-0.4471296088  
0.2377758114  
0.6340605774  
-0.2943089239  
-0.04300049576  
-0.1170506561  
-0.1530102233  
-0.3643138344  
0.08095718944  
1.032655604  
-0.437268577  
0.1706884101  
0.7929605721  
0.7971264535  
0.4998027912  
-0.2257513349  
-1.044369488  
-0.5273207103  
0.2371894952  
0.04704935988  
1.640187454  
0.6996471543  
1.086647053  
0.9680728327  
-1.372224677  
0.9787957666  
0.7232000054  
0.9662994999  
2.459383483  
-0.7028431154  
1.406872018  
-0.5564523616  
-1.508902272  
1.396594431  
-0.3644773103  
-0.4708393937  
-0.8515818777  
0.3945145341  
0.8165329548  
-0.571259802  
0.2399548868  
-1.331208166  
2.006586246  
0.2152822858  
-0.3336700246  
-0.3790736447  
-0.4600848755  
-1.072221303  
-0.7431869581  
0.03332026172  
-1.02326425  
-1.210393296  
-0.8217762665  
-0.1190536122  
1.458781729  
-0.04579346351  
1.121689347  
1.462788469  
0.4602432319  
-0.1049385991  
-0.7866002075  
1.181005881  
0.5200915074  
3.140068084  
-0.6033630253  
0.3489791177  
-0.4740823428  
-1.634840452  
0.5738976129  
-1.854497761  
0.6995397848  
0.2907353358  
0.5537256476  
-1.013282066  
-0.7689066623  
-1.310030065  
-0.3123691397  
-0.5208624611  
-0.5165960925  
1.607963509  
-0.03405864424  
1.281691481  
-0.2615388973  
-0.1696567001  
1.195618637  
-0.1262914567  
-0.1693942954  
-0.4961017321  
-0.5397340477  
-0.2183309706  
0.1093770903  
-1.48486854  
0.4818214454  
0.3552775371  
1.040436323  
-2.188703585  
-0.1220170908  
-0.5859294412  
0.7310975024  
-0.2333798896  
-0.2145860985  
-0.04726037345  
-0.4423100984  
-2.173070978  
-0.362235158  
0.8148143159  
1.53975815  
0.05029237466  
-0.9659564792  
-0.2512312564  
-1.561819686  
-1.3447799  
0.9471903637  
0.7736351363  
-0.6106142056  
-0.8783025521  
-1.17412496  
-1.43148872  
-2.60911564  
-0.2005028203  
-0.5421098927  
1.07654964  
-0.9158227266  
-0.5220588967  
-0.5017438676  
1.255391066  
-0.3001529023  
-0.4543971522  
-0.8028932907  
0.2089992333  
0.4384038968  
-1.128600088  
-0.92699932  
-0.4739516897  
-0.8824078733  
1.189954267  
-0.3967201722  
0.4895020864  
0.6314179743  
0.4088408775  
-0.6124587398  
-1.409967343  
-0.07549307072  
1.225737462  
1.987418568  
0.8649678841  
1.253973104  
1.86648706  
-0.7664343233  
1.046646128  
-0.9460795026  
-0.20650613  
-0.1816554013  
0.5256737647  
0.8820329139  
1.780032756  
0.5578925062  
-0.1103855715  
1.209932243  
-0.5438193768  
