0.6123408713  
0.07730431682  
0.0358366689  
-0.7189910322  
-0.1063658707  
-1.23291492  
-1.171527839  
-1.318041062  
0.5200341111  
-0.4951974381  
0.4547022583  
0.08373373667  
-0.5312474911  
-2.065134551  
-1.040825055  
-1.266819066  
-0.3551358566  
1.899432665  
-0.3431485065  
0.438510199  
1.562122894  
-0.942771505  
0.3623232237  
1.405630436  
-1.294828439  
0.3364543807  
0.7058603925  
0.09601690324  
-1.393663956  
-0.02656143772  
-0.858768805  
0.9133310628  
0.0474815728  
-0.3059941288  
-0.1452738205  
-0.1764965341  
-1.452927716  
-0.7396412102  
0.07509756316  
0.5108874432  
2.61828124  
1.080421714  
-0.01633083964  
-0.8180249759  
-0.5749075135  
-0.7610117674  
-0.3884210898  
1.17323789  
2.443648111  
-0.7217307463  
2.82801459  
-0.8472843432  
0.2667782096  
-0.8117033645  
0.4300514343  
-1.570907123  
1.164526351  
0.4659647248  
-0.06444282817  
0.3094713595  
0.7712486859  
1.284457102  
0.1491217292  
2.927277274  
0.05577580058  
-0.4926961312  
1.779712902  
0.7381106415  
-0.682140527  
0.6979879031  
-0.8500408495  
0.6238813537  
0.9673904143  
-0.3173758201  
0.9298602936  
-0.7012671778  
-0.5907581088  
1.540300462  
-1.494173319  
-0.8535242627  
-0.403955951  
-0.8440666396  
1.104298958  
0.8808979018  
1.060332733  
1.35645201  
-0.3049315312  
-1.315049176  
0.2240300648  
-0.4891490758  
-0.8058634495  
0.7360355087  
-0.7932248037  
0.3550087026  
0.5665572226  
-0.6814828702  
-0.1245565009  
-1.175868442  
-0.7957499117  
-0.02214378979  
0.3264288707  
1.757854209  
0.7091344957  
-0.6510291108  
1.266905715  
0.7189675246  
1.25077416  
0.4725286607  
0.6183085421  
0.863198023  
-2.104717396  
0.1013378834  
-0.323672039  
0.2654511209  
0.7977310822  
-0.7264078272  
-1.663900637  
1.515723231  
0.7520060805  
0.950096241  
0.69827132  
0.1132820273  
1.099400536  
0.1190869307  
-0.1510104216  
0.7593836161  
-0.01718450786  
0.4667164866  
0.9266424541  
-1.213555246  
-0.3272294414  
1.145079545  
0.8636217448  
-0.5106146683  
0.4531960389  
-1.341175869  
-0.5654316819  
-1.118637749  
1.068500148  
0.9633791677  
-0.9538183072  
-0.8069686734  
-0.4144810002  
-0.7948928873  
0.4049021709  
-0.1673118802  
-0.1804901619  
-0.2964048413  
-1.777381828  
-0.2891813107  
0.7671893285  
1.365273661  
0.3125979223  
-0.1186276068  
-0.5812861568  
0.4192048196  
-0.4493630104  
0.8504050804  
0.03587480637  
-0.3523952311  
-0.7125623592  
-1.979711072  
-0.7298113215  
0.2456260913  
-0.3002836368  
-0.2221290735  
0.6167712135  
1.639044551  
-0.773622292  
-0.2782314857  
-1.95839618  
0.5803811556  
-0.3676936484  
-1.089344681  
-2.421138579  
-0.6911213702  
-0.5908657936  
-0.3654558832  
0.6215880156  
-1.143048165  
-1.334850024  
-1.412299674  
-1.038077272  
2.545581903  
0.722531737  
-1.069174292  
1.254660586  
-0.3018362428  
-0.1116005281  
0.4613760758  
0.1948691656  
-1.590269219  
-0.1532455386  
-1.712519609  
-1.009136119  
-0.4177515966  
-0.7410627209  
0.4144987808  
-0.01693839363  
0.470075222  
-0.7577855112  
-2.247382257  
-2.248612044  
0.06968313147  
0.6185088093  
0.1194719393  
0.7420262217  
0.8179364008  
1.817900882  
1.917924223  
0.4957619907  
0.6493294071  
1.103769805  
-0.4767766826  
-1.008348348  
-2.048604093  
1.5622069  
-0.4602231572  
-1.922922119  
-0.2672153718  
-0.3065890491  
1.646241274  
0.01123276987  
0.1833973418  
-0.6260392256  
-0.00640292673  
0.2964793787  
-0.02868090267  
-0.8865408078  
-1.14262867  
-0.200410076  
0.02575766662  
0.4029904519  
-0.5835965737  
-0.7177422372  
-1.456738478  
-1.214067859  
-1.790499665  
0.8278836707  
1.182671763  
1.993132579  
1.168285019  
0.9074377346  
-0.1845730553  
-0.1898613429  
0.3473477369  
0.726621518  
0.1469276796  
-0.2440631312  
-0.004053089517  
1.030226354  
-0.4972939574  
0.2820350397  
-0.2964074629  
-0.9022089043  
-0.6905562781  
0.5391997221  
-0.2758244823  
-1.204655787  
2.546784696  
-0.2705138751  
-1.026985917  
0.4871389382  
1.506276499  
0.3931010488  
0.1031241458  
-0.92318019  
-1.85913478  
-0.6534562907  
2.36525803  
2.326255966  
2.098544861  
2.200676417  
0.9394093728  
-0.1221267263  
0.5905446576  
1.656283229  
0.8418576643  
-0.5302911219  
0.4382116824  
-0.7586725198  
0.02870906458  
1.243217344  
-1.180360509  
-1.852412214  
0.2437478648  
-0.6230336891  
-0.1461239791  
1.309334061  
-0.3118035055  
-0.885249811  
0.4749228502  
0.3502949826  
-1.357780561  
-0.995730018  
-0.764544513  
-0.4185031363  
1.534512195  
-0.1954909964  
0.05202562282  
-0.6682704206  
-0.8178825553  
-0.1955519775  
0.535456276  
0.2197699406  
1.514504976  
-1.107078907  
0.2947463052  
-1.000140678  
-1.251690689  
-0.8402480249  
0.1999960924  
-0.6534113403  
-0.03573878519  
1.077159362  
2.932367357  
-0.07298209066  
-0.3768704389  
0.9502262639  
-0.9200310654  
1.607526798  
-1.413045588  
1.334918599  
-0.5988501008  
-0.3056188052  
0.2970971472  
0.3965174398  
-0.2603228149  
-1.36418785  
-0.6827801332  
-0.8369776874  
-0.7873488619  
-1.602444043  
-1.223110209  
-1.322597122  
0.4039478667  
0.5731100582  
-1.40845181  
-0.01829097285  
-0.003491295322  
-0.1268522753  
0.5919169446  
-0.4894751712  
0.4163652932  
-1.558614685  
1.62085654  
1.090245648  
0.1373668183  
0.08698566791  
-1.489009174  
-2.230903418  
-0.4560083154  
-0.1567138776  
0.6862741338  
0.2990011909  
-0.885520003  
-1.10427507  
0.2562818718  
-0.1072404747  
-0.5270092802  
1.89587203  
-0.351369475  
-0.3791022736  
0.9230520406  
2.098643511  
1.645768731  
0.7360170365  
-0.1954095984  
-0.4197725207  
1.00301063  
1.106510557  
1.054157346  
0.7168637448  
0.1742951891  
-0.7529471091  
0.08417474671  
-0.3744501526  
-2.225444438  
-0.6734121728  
-0.2785781673  
0.5799021654  
-0.292282568  
-0.1216628295  
0.5749198019  
0.5035989845  
0.4396441578  
0.02430792217  
-0.4985702209  
0.6006068142  
0.4453373205  
-0.6928236432  
-0.928851287  
-0.2442920241  
-0.9762418918  
1.069393748  
0.5130326394  
-0.04103528335  
-0.3479837841  
-0.5756701444  
-0.1830392467  
0.9485584955  
-1.476576097  
-2.026705035  
0.9419181583  
1.284628484  
0.05859222856  
1.142812137  
0.08411589326  
0.4634906477  
2.208548738  
0.08628074209  
-0.8063693927  
-1.568480037  
-0.5129461229  
0.3649466258  
0.4351755864  
2.241702042  
0.5710377809  
0.3071503932  
-0.5148615364  
