2.027198379  
-2.257352774  
-0.4689510581  
1.596238859  
1.059049253  
0.1166547224  
0.539106727  
-1.798569447  
-1.007685955  
0.5028517578  
-0.1206422084  
0.6607724267  
-2.032081495  
-0.7933053799  
-1.12370079  
0.77234942  
1.97517391  
0.292405055  
0.1909804614  
-0.6419560863  
-0.5348166776  
0.5237696422  
-1.167289891  
-0.1323051374  
1.187935661  
-1.619625918  
-0.2236228622  
-0.3627488734  
1.372763261  
0.9730319471  
-1.658893032  
0.5833711941  
-1.115639074  
-0.4483575635  
0.5968919896  
-0.6131099389  
-0.6131956416  
-0.4499618119  
-0.1102492386  
-2.811921676  
1.476897278  
1.058743183  
0.1525406793  
-0.03654555849  
-1.477376009  
-0.3634646283  
-0.5605355861  
-0.158645791  
0.7841340862  
-0.3473616672  
0.3556647743  
-0.4948875948  
-0.1193531627  
-0.251736818  
0.5120964349  
-1.122542615  
-0.1929044057  
-0.4676498853  
-2.188633834  
1.064705197  
1.302749544  
-0.8959347551  
-1.752725437  
0.4062523651  
-0.1169678583  
-0.04788265022  
0.4357234727  
0.4388608506  
-0.3960431744  
0.05792985543  
0.4724864254  
0.7346313453  
0.9080175091  
-0.5031137501  
0.6073136894  
-1.600814093  
-0.5321270338  
1.001317141  
0.2212772524  
-0.5080545543  
0.9022310238  
-0.1668395004  
0.9947985986  
0.544242192  
-1.267053885  
0.6080750609  
-0.130093221  
-0.02324590346  
2.074467013  
0.7833330816  
1.443311732  
0.4833626553  
-0.2257306381  
-0.1938310504  
1.550981402  
-0.5703643291  
-0.9538172629  
-1.103389719  
-0.9414476559  
-1.826502759  
-0.0940384241  
1.126658345  
-0.05320469559  
-0.4675804726  
-1.16492056  
-0.3239497366  
0.1936727371  
-0.07195674381  
0.1366163627  
0.8345793269  
0.1212241423  
-0.3128980799  
-0.3309928786  
-1.270327491  
1.54043054  
-0.8422436252  
2.853820518  
-0.07782315891  
0.3797369106  
-0.1375008684  
-1.747477614  
-0.3193160861  
0.6321924253  
-0.2004355968  
-0.2869564339  
-0.6703858282  
0.4645843547  
0.0524685609  
-1.123784103  
1.326876222  
-0.285512853  
0.5193698217  
0.5960433428  
-0.2625433215  
0.3971912124  
-1.278813982  
-0.5451210391  
1.300823758  
-1.130814209  
0.09948154228  
-1.513101525  
-1.361602595  
0.6274443165  
-0.7223808053  
-0.3125644648  
-1.536959438  
-0.8590857544  
-0.08770819654  
1.262611809  
0.5681682524  
-0.0884111897  
1.780942602  
-1.28423842  
0.1851043056  
1.007843509  
1.147578057  
1.624512037  
0.5610627482  
-0.2412125991  
-0.2570921997  
1.445261836  
2.005393337  
-0.4531539931  
-0.8906490304  
1.251246185  
0.5838484151  
1.316866925  
0.9722390575  
0.6649018781  
1.270327072  
-0.009870480405  
0.3629897043  
1.709160808  
2.191220662  
0.4286500901  
0.2726879522  
-0.0385333233  
-0.02034085043  
0.9315360589  
0.1807590055  
-0.1881177959  
1.499493095  
-0.7696342619  
2.477005141  
-0.4738050873  
-1.33441201  
-0.9876494659  
-0.1815411567  
-0.7983673168  
0.6850484383  
-0.8693567952  
0.582949583  
0.3756823409  
0.939292609  
0.4119117615  
-0.617364528  
-1.265053313  
-1.32878081  
0.177580841  
0.7932803847  
1.445933141  
-0.1076697785  
0.6470523539  
-1.060460906  
0.8296020057  
-0.6912001473  
0.4264421067  
0.2035411454  
0.6611138167  
-0.2268943203  
-0.5374288139  
-1.463189189  
-1.209881765  
-0.2459556627  
-1.195807083  
1.088602217  
1.256029964  
-0.2231445796  
0.09068195296  
-0.5069884624  
-2.260058915  
-1.905048482  
-0.3722561076  
0.6629223776  
0.9565913546  
-0.1040230169  
0.1046734002  
0.7694424727  
1.163116404  
-0.006615128354  
-0.2862238159  
0.5279282822  
-0.215186476  
0.17398437  
0.1486411945  
1.319500089  
0.8321401555  
0.507947129  
-0.02801580209  
0.965176992  
1.575943761  
0.2932736819  
-1.193714035  
0.7475551884  
2.733637421  
0.6589185055  
0.9910665363  
0.5407772257  
-0.9533474235  
-0.820364605  
-0.1011079878  
0.5142228157  
0.5447318122  
-0.5075162593  
-0.03112552749  
-0.9077011516  
1.174211009  
0.4847999754  
-1.459732197  
-0.1522384553  
0.2582525885  
0.5552378614  
-0.9500039606  
1.154349159  
0.4977679164  
-0.0274594342  
-0.3395526188  
0.5395862861  
0.03863156121  
0.4326405462  
-0.06025070225  
-0.1726395387  
-0.8565693218  
-1.481517067  
-2.596256554  
-0.1143216858  
-0.06058165515  
-1.54614794  
-0.9440019515  
-0.6829732718  
0.7027620775  
-0.2635022598  
-0.1754901684  
1.017073241  
-0.4752677119  
-0.9701858017  
0.943489784  
-0.02063552424  
-1.07433906  
0.2205072266  
0.4410923747  
-0.8711271654  
-0.9283502058  
-0.4190398271  
-0.3283066311  
-1.088022485  
-2.148240058  
-3.25946372  
-1.69388544  
0.3456966088  
-0.2959168961  
0.8845571806  
0.299307457  
1.759294021  
-0.7231869975  
1.174763799  
0.7830948009  
-0.9683063235  
-1.654979198  
1.022374402  
-0.03172345378  
-0.2042859646  
0.3229859832  
-1.011374527  
0.9894454431  
0.04386827938  
0.7735402672  
-0.0001696250457  
0.3626784609  
-1.083908853  
0.5323545224  
-0.1951758348  
-1.048319368  
-0.3186735087  
-0.5262607694  
0.2510771051  
-0.006718548319  
1.640652334  
0.03691710885  
1.019523001  
0.3095552894  
-2.545508458  
1.427923673  
-0.5919293876  
-1.202545161  
-0.2331057968  
-0.4004738253  
2.763383463  
-0.1276295529  
2.747257854  
-0.2304840837  
-1.467528282  
-0.9343444165  
-0.1421367648  
-0.4280789193  
2.409300427  
0.03268467142  
-0.7639110299  
1.358058261  
-0.6425938956  
0.6348981587  
-0.1591500167  
0.8286825619  
0.2432500939  
-0.7084375066  
-0.7554238056  
-0.3855380651  
-1.796476943  
0.4843579562  
-1.065926147  
1.081721824  
0.2893112648  
1.322643551  
-0.5633275286  
0.6574481871  
-0.1050481036  
0.4644309962  
2.218554023  
1.618659721  
-0.4432689689  
0.02164078708  
0.2186058996  
-1.758909954  
-0.1045119321  
0.3317722259  
-0.4105246763  
-0.3235430988  
0.7848960003  
-1.062660664  
-1.492639477  
0.5802019248  
1.876155269  
0.3046977071  
-0.8566052944  
-1.27333302  
-0.8806327655  
-0.006402480669  
-0.8661470374  
-1.20871979  
-1.207234093  
-1.07969978  
-1.482241935  
1.030804  
1.227007892  
0.8321310296  
-0.6246360856  
-0.667901763  
1.560365614  
0.7431090274  
2.548494309  
1.063512574  
-1.411599832  
-0.7308090402  
0.3604336159  
-0.9942430482  
1.511665902  
0.7782746273  
-0.5953303195  
0.04564985085  
0.6687711062  
0.8202011882  
0.04737687864  
1.389641374  
-1.369139472  
-1.065568752  
-0.6934900321  
0.4521471091  
-1.340603898  
0.6266252334  
-1.293877685  
