1.455951723  
2.656271339  
-0.9309018715  
-1.84051993  
0.1115405647  
0.7607481118  
0.2290737007  
0.5233436545  
-0.217645449  
-1.25540064  
-1.338619477  
-1.211419258  
0.3832628025  
0.3975264338  
-0.3813417545  
-0.7882519171  
-1.046396361  
0.1258831273  
0.1894708332  
0.2323652561  
-0.818051484  
-1.579391188  
-0.8877237445  
-0.5301369008  
0.1107941895  
1.067133183  
-0.6987616958  
0.5418489339  
0.4145936722  
0.4933675437  
0.8067905834  
-0.2918445033  
0.9418158397  
-0.6297479083  
0.3965171763  
1.905174113  
0.9596110209  
-0.8569618661  
0.1309475261  
-1.135731208  
-0.878738843  
-1.127400949  
0.06761489909  
2.953271167  
2.067963947  
2.429945491  
-0.6327018089  
0.5989743612  
-0.301882036  
1.240236678  
1.286130188  
0.4134291983  
-1.276859406  
-0.896885392  
1.266056283  
1.611666899  
0.5497729468  
-0.9524577444  
-0.5839162164  
-1.591842924  
-0.01090054074  
2.347254806  
1.480235789  
2.384084937  
0.3330141838  
-1.642319343  
-0.3368961801  
-0.3803440526  
0.6422661243  
0.6236284648  
0.5161171469  
1.660342428  
0.7293657451  
0.6511261324  
0.9598006272  
-0.1453955405  
-0.5572628911  
-1.243489552  
-1.978531634  
-1.475073607  
-0.882342597  
0.6037696057  
1.07740721  
1.511182488  
0.2752832334  
-1.444203034  
-0.08361352819  
-1.096824108  
0.4588072225  
0.1184157276  
-0.07648094802  
0.5804787597  
-0.7221505496  
0.1643585662  
-1.163604825  
-1.151634387  
-0.1409477411  
-0.8166836879  
-0.6056487446  
0.1048944462  
-0.7256507529  
0.9368448573  
0.7406477368  
0.3252215068  
-1.009727182  
-1.862499031  
0.3968749032  
-0.1805581683  
1.468706347  
0.2832599018  
-0.1071589938  
-1.068672858  
0.0178442957  
0.2501591661  
0.4769785118  
0.3639277042  
-1.336481297  
-3.013904541  
-0.4849383722  
-0.5911970454  
-1.342930389  
0.04714655312  
0.5009955728  
-1.195544379  
-0.6369577535  
-1.172514955  
-0.8065316195  
-0.03819916887  
0.05895756768  
1.589922455  
-0.4067807068  
-1.203529986  
-1.433203893  
-1.309163664  
-1.11651815  
-0.7027770636  
1.266239734  
-0.8571420092  
-0.742358968  
-1.959386248  
-0.9067264545  
-1.142621699  
-0.6086132297  
0.55083518  
-0.5600967214  
0.5237270589  
-0.5674005321  
-0.5115241341  
0.1922573218  
0.288153606  
2.152380818  
0.148558383  
0.4470853354  
0.598066508  
-0.9200438325  
1.077998533  
0.1731611191  
-0.7833640422  
0.8246806194  
-1.820596941  
-0.004999613658  
-0.397867061  
-0.004941081413  
-0.3807767404  
-1.610815648  
-0.673086837  
-0.6382112222  
-0.5289444406  
-1.223261511  
0.4073266913  
0.7302824635  
-0.349139255  
2.869212976  
0.5082787951  
-0.09206056969  
1.519917368  
0.1130578075  
-1.504889431  
0.7028107452  
0.1555739939  
1.913919086  
0.09777458815  
0.4840297142  
-1.166557157  
0.2030468584  
0.720139487  
0.9369193458  
0.5755263403  
0.1159873643  
-0.770657363  
-0.3127490393  
-0.07565685966  
0.1080601615  
-0.5222990439  
0.4859899942  
-0.09725410575  
1.316241907  
0.2671317572  
-0.06881292524  
-3.210153491  
-1.428219326  
0.646319122  
0.3425285426  
0.8221420308  
0.5749905847  
0.8987128033  
-1.402473016  
0.2804884079  
0.8167719764  
-1.342094471  
0.4376997525  
1.748563574  
1.40484417  
0.02312514755  
-0.4222401303  
-0.3722419157  
0.6195496791  
-0.7568621101  
1.243731071  
-0.768542787  
0.008173429219  
-1.618897991  
0.6545503795  
0.4400694191  
0.4993244229  
1.764786896  
0.5695896836  
-0.6312489833  
-0.4312150055  
-0.4535666848  
-1.328923473  
1.263104634  
0.068349238  
0.8615031886  
-0.2408530724  
1.048368428  
1.567630463  
1.791516018  
2.22080424  
0.7072346024  
0.8498899016  
1.095479465  
-0.4898277431  
0.1791501411  
0.8055886184  
1.575479307  
0.6718801197  
-0.6889147047  
-1.43701641  
-0.7768887487  
-0.1483696025  
0.8378882568  
0.0735043385  
1.54448514  
-0.5488047318  
-0.6409094513  
-0.5303569114  
0.1177274366  
-0.05645657599  
1.273530704  
0.6624307565  
-0.3271768772  
-0.4888856225  
0.5222183526  
0.07883692926  
-0.5645902369  
0.2669676834  
-0.3519702721  
-0.8200978777  
0.02374956045  
0.1968264588  
-0.5386819929  
1.309895496  
0.6983105219  
0.4822631023  
-0.7625672837  
1.193731044  
0.08699721293  
-0.5812671913  
0.8637596102  
0.2655432757  
0.01519608004  
1.47678742  
-0.4403416689  
-1.651152024  
-0.1802040603  
-0.644776071  
-0.5818037994  
0.5835214916  
1.024214404  
-0.2366967096  
-0.4832591231  
0.4327826344  
-0.6578132882  
0.1387342076  
1.035139655  
-0.8876050275  
0.6240424685  
-1.136157965  
-0.1258030159  
-1.487472814  
-0.5521613078  
0.2428629841  
0.7968106891  
1.050097272  
-0.1410817422  
0.2122333801  
-0.8227243288  
-0.06441354059  
0.6347629279  
-1.026663439  
-0.4284739663  
0.849431399  
-0.9336851628  
0.6491530393  
-1.682485721  
0.411080411  
1.143257329  
-0.1985202977  
0.9644730203  
1.564180904  
1.459982172  
-0.3322601226  
-0.03359509892  
-0.2901506031  
1.069642687  
-0.202955419  
-0.625372999  
0.05702426752  
0.7974852675  
-0.5205558634  
-0.1942269698  
0.3226846024  
-2.399223676  
0.7068624872  
1.238931254  
-0.6774537678  
0.3904621855  
0.244841401  
-0.07183835064  
-1.773341884  
-1.016022344  
-0.8530396702  
1.708525061  
0.5432991854  
-0.1048695713  
-1.087878373  
-1.924157272  
-0.4830031414  
-0.03827040471  
-0.6187934196  
-0.7818758741  
-2.412954095  
-0.4887126287  
-1.253124901  
0.5492339672  
0.7694300927  
-1.441886781  
-0.8778161751  
-1.153356062  
0.74795736  
0.8535771773  
2.242041869  
0.8978573924  
-1.110522693  
-0.4894935399  
1.423024353  
0.06020649646  
1.036218445  
-1.058637429  
-1.175629623  
1.130471199  
0.04825017295  
-0.02909770979  
0.2576330864  
0.1932470225  
-0.3974245447  
-0.2937502373  
-1.144076984  
-0.3949266352  
1.757185703  
1.172795787  
-0.9747116391  
1.49790836  
0.1498973594  
0.3656337234  
-0.3190692891  
-0.7303973909  
-0.2130763527  
1.029337543  
0.3367359276  
0.7800174671  
-0.5969085061  
0.951608412  
-0.6223585261  
-0.502661874  
0.1841586137  
0.4017961847  
-1.616685715  
1.465234562  
0.3843458629  
0.6113252053  
0.9443168388  
0.733059625  
1.325052913  
-0.6759310696  
-1.607352382  
-1.313888748  
-2.599495147  
-0.1502039698  
-1.25059133  
-0.8974934276  
-2.815535471  
0.1984206656  
-0.1630703898  
0.3752549149  
-0.07715989827  
2.629719612  
0.8892249507  
1.330598145  
