1.728921057  
0.5320258511  
-2.205081699  
-0.8507450402  
0.9595523114  
-1.349643306  
-1.523612708  
-0.8190880648  
-1.571308002  
-0.08264223476  
1.460533007  
0.7530154643  
0.2503066898  
-1.139312348  
0.6313039278  
-0.7799813363  
1.197752901  
0.566648983  
-0.7764747573  
-1.288801677  
0.8898097421  
-0.2881293684  
1.569487576  
1.66519784  
0.4019491782  
0.2562334245  
1.988737103  
-0.2353318819  
2.17148215  
0.6623215873  
-0.9124888014  
0.8487980801  
-0.5022677043  
-0.4723557555  
0.3758883966  
1.360496615  
0.6596778944  
0.7445118801  
0.6044634975  
0.5903239072  
1.4403282  
1.371660381  
0.6948705286  
-2.79453412  
-0.588912957  
-0.8054203374  
0.2114436782  
0.1374918158  
0.3695132762  
-0.15610593  
-2.407197745  
-0.7402940997  
0.5008726084  
-0.5333422849  
-0.1875549657  
-1.321896956  
-0.07965017338  
-0.9805469064  
-0.9190049173  
0.5638601066  
1.673364973  
1.444043602  
1.068401852  
-0.09421817672  
-1.329180705  
0.1701721312  
-1.087988338  
-0.4585297502  
-0.1675237309  
-1.751786252  
-0.2507078323  
1.568524101  
-0.2763729165  
-0.591866209  
-0.7532737971  
-0.6043205021  
-0.4096566327  
1.791880744  
-0.773437539  
-0.9041481965  
-0.9227808669  
-0.8456919788  
-0.6658999416  
-0.9638683758  
2.051440179  
0.628221305  
-0.4831165268  
-1.270243811  
-1.224020201  
-2.134820731  
-0.04429435618  
1.174062328  
1.511912917  
0.5241758649  
-0.2816195847  
0.7132429603  
1.060244135  
0.1682765706  
-0.1991853301  
-0.2790210162  
-0.07785581061  
0.9337121802  
0.7277587132  
0.4827658373  
-0.7701600629  
0.009507739766  
0.5472182032  
0.06267164162  
0.2778666874  
0.973287412  
-0.8317825126  
-0.5785873223  
1.886606995  
1.896434724  
1.838950388  
0.8318217063  
0.5396491674  
0.1157388009  
0.3412021551  
0.3849539947  
1.087409131  
-0.3481747997  
2.001153983  
-0.1200101666  
-1.427134065  
0.05267200445  
-1.035537585  
-1.516783201  
-0.5808773792  
-0.1224606296  
0.7104410513  
-0.01940861862  
-2.417419578  
-1.079511867  
-0.4607184625  
1.148438853  
1.945169654  
0.1363293144  
1.255970781  
-0.2506489546  
-0.2913848434  
-0.5604871693  
1.310290401  
-0.1013515739  
-0.6487133853  
-0.8153223764  
-1.249554097  
-0.3705084946  
-0.8503885163  
-0.232591161  
0.4201740912  
-0.09300935289  
-1.927648381  
0.07877996533  
-0.02463967218  
0.09151891722  
-0.2469829193  
-0.7227824815  
-1.539170382  
-0.01747136834  
-1.139135858  
-1.668697568  
0.07928689143  
-0.8148880444  
-0.6138943029  
0.05977574603  
-0.9160511974  
-2.29070048  
-0.893965365  
1.987111349  
1.384001512  
1.75352576  
1.1912276  
-0.2677088276  
-0.9075619793  
0.7988315112  
-1.074071175  
-0.246236682  
-0.9667342088  
-0.9345284213  
-0.9327170086  
1.283742036  
-1.631050625  
-2.987090252  
-0.6215982538  
0.7120544467  
-1.892820047  
-1.553066062  
-1.164772227  
-1.872059433  
-0.3754029343  
2.670093587  
0.9113840853  
0.6466958114  
1.112701276  
0.3793735548  
-0.370823051  
1.134883082  
-0.1249297067  
0.3583313392  
0.7683711595  
1.90105642  
-0.4211916888  
-1.148474295  
1.077701393  
0.9248285723  
0.0668809881  
0.4316979554  
1.503994053  
-0.271507332  
0.08160126058  
-0.3078451742  
0.1805878352  
0.6183445179  
-0.4023232192  
0.2119607688  
-0.922683301  
-0.2313858684  
-0.1800788867  
1.750480764  
0.01388608141  
-0.1799143579  
0.1901635218  
-0.07634690378  
-0.1434430055  
-0.1960143615  
0.3083977666  
-0.9370981354  
-0.3020412052  
0.4405428981  
-0.4337555841  
-0.9634967403  
0.121195216  
-1.398957158  
1.321263769  
0.4704173917  
0.06695096447  
1.503524611  
2.247357663  
0.7843328982  
-1.041609671  
-0.5019043087  
-1.05813634  
-0.7459707079  
-2.06600485  
-0.3545048578  
-0.2978038202  
0.6253924322  
1.164319717  
-0.1781417972  
0.2868786698  
-0.4234483735  
-0.5007592784  
-0.8817839118  
-0.8651631991  
-0.4672255873  
-0.8869542744  
1.696490525  
-0.6040324543  
1.103472997  
0.8293677532  
0.9406668434  
0.8984521711  
-0.0971292112  
0.8773541455  
-0.5122181412  
0.1747465672  
0.7613231067  
0.03785660826  
-0.8020637291  
-0.4854924204  
1.784615771  
-0.3200222044  
1.465310069  
0.1981348899  
0.3385905797  
-0.2206580007  
-0.8006657081  
0.1874252616  
0.5503399469  
-0.2332958003  
-0.3385856794  
0.4677513542  
-1.668926026  
0.4782303311  
-0.06460751373  
0.6026314137  
2.564094745  
0.09999935146  
-1.119010378  
-0.4037607082  
-0.7149855348  
-0.4179214453  
0.1687683583  
1.591093268  
0.7808758267  
0.08860570438  
0.2745613638  
-1.066323985  
0.8159834951  
0.1634744717  
0.9997430156  
-0.4140535073  
0.05648710317  
-0.4592580145  
-2.177272731  
0.4479191418  
0.744152865  
0.4001255153  
1.296555658  
-0.1733047929  
-0.8005662266  
0.2559266878  
-1.377595385  
-0.2820841412  
-2.646478409  
-0.1457205904  
0.4922062285  
0.136792123  
0.4746888378  
-0.3464155346  
0.4114242042  
0.6038360341  
-0.004698592562  
0.5174613296  
1.03022232  
0.4410094699  
0.225701545  
0.8684043036  
2.248911735  
-0.02226814577  
0.9371261759  
-0.782042196  
-0.6788645265  
0.4132781412  
0.065303144  
1.369700536  
-0.6153304787  
-1.027822495  
-1.10635511  
0.1413305877  
1.022779972  
1.504954974  
0.8178860306  
0.1613567357  
-0.2518922002  
-1.37804115  
-0.9498864403  
-0.536200653  
-0.9278357375  
-0.2233656678  
-0.5274465633  
0.3079395007  
0.2488590504  
1.071769181  
1.961175735  
-0.6865708804  
-0.1116033746  
0.9976380334  
1.02675633  
0.4018943164  
1.877135668  
-0.2292081778  
0.1246800758  
-0.5033497339  
1.081215796  
-0.4820420531  
-0.5292091365  
0.3328714771  
-0.7723296349  
-0.5278130512  
-0.2193679068  
-0.02411995501  
-0.09037233273  
-0.9276596831  
-0.2135973653  
0.3957379799  
0.3857587617  
0.3100921189  
-0.2337407712  
0.2059614634  
1.462860457  
1.868378227  
-0.08260783672  
0.4294512465  
-0.9994851779  
-0.580954324  
0.1668553497  
0.0005279626907  
-0.4299560134  
-0.7437786685  
0.9551326494  
0.3288282792  
-1.00799598  
0.6099116265  
-1.117862608  
0.9049260999  
2.296900842  
0.2678560116  
-3.099669702  
-0.9559096673  
-0.628931287  
2.251032377  
0.9995522526  
-0.8305855363  
-0.5940482271  
0.1410494784  
0.8613551964  
0.3834923336  
0.2614391432  
0.6968082126  
-0.1431261699  
-1.344698482  
-3.244158411  
-0.4034596289  
-0.7439727307  
-1.008638738  
-1.178813936  
-0.5894592519  
-0.5039881238  
