1.8088936  
0.9181434794  
1.46442259  
-0.6607745802  
-0.6448339153  
-0.6169589218  
-0.05501599934  
-0.2137668933  
-0.03513685974  
-0.07010562068  
-0.3538524472  
-0.195762986  
-0.5757205329  
0.7879054847  
-1.373735845  
-0.343890008  
0.9590571671  
-0.983950359  
0.6047068486  
-1.012315841  
0.2588328534  
0.442613816  
0.8588607519  
0.8007786685  
0.6459249952  
-0.2537629199  
-1.285013804  
-1.681189507  
-0.08196321332  
0.6261236692  
-0.1121817928  
-0.7964293272  
1.214038701  
-0.7401182532  
1.728700964  
-0.5138209777  
0.9113583225  
-0.1153669249  
2.110471886  
-1.566254388  
-0.3370988065  
-1.775238982  
-0.09153744387  
0.09003188893  
-0.9949638303  
-0.007700707614  
2.731115284  
0.6793259658  
0.378915674  
0.5777521129  
-1.09611204  
-0.125090912  
-0.05779517812  
0.6886490424  
-1.117730097  
-1.352414051  
-1.121796  
-1.093089691  
-0.9811350221  
-1.168163111  
-0.1747457553  
0.6414605571  
0.2866925522  
0.07271959963  
-0.4485762924  
-0.5464908813  
-0.925509351  
-0.3244812705  
1.747143078  
0.4375554802  
1.03415261  
1.193761242  
-0.6035756946  
-0.3499070427  
-0.9984069471  
1.097540351  
0.3238123471  
1.727616893  
1.993182175  
0.2062829478  
-0.5079475025  
-0.2576293044  
-0.4958734855  
-1.174369992  
0.7967762066  
-0.6555669033  
-0.6256010246  
-1.069259574  
0.3929144733  
0.4390896988  
-0.2392963474  
-1.393111775  
0.02537139509  
-0.3506232162  
-0.6355813561  
0.02211620748  
-1.346799569  
-1.097580684  
-0.28674458  
1.296872859  
0.8777355279  
-1.145551108  
-1.33870377  
-0.05856135468  
-0.3228230978  
1.649057158  
1.56849332  
0.2181681754  
-1.130143271  
0.1660765565  
0.9853546982  
-0.5904858548  
0.003544166689  
-1.47250451  
-1.736603892  
-1.641266513  
0.56449257  
1.118920701  
-0.1482307889  
-1.841209424  
-1.473197739  
0.5026915028  
0.1561120901  
0.8318447343  
-0.3081544322  
-1.621000535  
-0.8111673205  
-1.225546753  
-0.5029816182  
0.5930698115  
-0.105210265  
0.5372388643  
0.2702761271  
-0.6819932318  
0.9219520333  
0.9903711985  
0.7040788759  
2.447252791  
-1.403798879  
-0.342667203  
-0.4130366072  
-0.7201501856  
0.5068601511  
-1.969846159  
-0.5604350491  
0.1147617398  
0.3007270074  
1.584592152  
0.7080277743  
-0.6637776382  
0.2830630841  
0.2529168656  
0.3316243204  
0.9225832983  
1.584858031  
0.5263121586  
0.9055363253  
0.2274965398  
0.3462854926  
-1.008665962  
1.50990392  
0.103803488  
-0.2756217892  
-0.7031687136  
1.519984663  
-0.3745897598  
0.09669843074  
-0.1998801952  
1.717663591  
1.013879949  
1.908745547  
-0.1814235327  
-0.2343870947  
-1.501546442  
-0.9461066952  
-1.089726329  
2.552044351  
0.9900552092  
1.763595847  
-0.08927698384  
-0.39072509  
-1.318599325  
-0.2054936814  
-0.3461271234  
0.9819094694  
-0.07284078596  
-0.8076069085  
0.1899228348  
0.3290114063  
0.4665618764  
-0.1092654159  
-1.564471906  
0.5627716722  
-0.1745153747  
-0.04049559413  
-0.3522982263  
-0.429122763  
-0.07146795981  
-0.9778822927  
-0.8578875764  
-0.6245421788  
0.7625020224  
0.7392268553  
-2.295144047  
-0.8742586736  
1.336374323  
-2.608377726  
1.458684082  
-0.3828399431  
1.321296165  
0.1646059439  
-0.4181100241  
-1.608721829  
0.7528840236  
0.2668171486  
0.9481348276  
0.409987572  
0.09207530056  
1.118897731  
-0.8279521091  
0.5708145776  
0.3528513024  
-0.489356084  
0.1495434187  
0.8337091276  
-1.491857357  
-0.247468802  
0.1024388454  
0.653229082  
1.735263696  
-0.7570084242  
-1.459870912  
-0.6165977259  
1.419639462  
1.053861618  
0.1956824957  
-0.1444464504  
-0.6677899682  
-1.752225989  
1.326411977  
2.573496655  
-1.124971377  
0.2282575014  
-0.7910563302  
-0.02589068356  
-1.428600718  
0.1661210533  
1.012634184  
0.6154862603  
0.8799365001  
0.8350359751  
-0.3497144666  
0.6980301134  
1.439090458  
-0.8163791274  
1.10262903  
0.5236947629  
-0.02481282296  
2.872699227  
-0.4281791121  
0.2192507667  
-2.00023206  
1.567721959  
0.9538210787  
0.3334447441  
1.578673174  
0.1670474875  
1.237980961  
-1.082007121  
0.9421201791  
0.405773683  
-0.9649791992  
1.494332299  
0.5605613207  
2.803826293  
-0.1169183736  
-0.02189778699  
0.2532679261  
-0.615337064  
1.785129479  
1.490951537  
0.6640996975  
-1.427135091  
-1.078167844  
-0.681042973  
-1.342195331  
0.3735532049  
0.2252394529  
0.7608896567  
-0.9004000833  
-1.639634129  
1.510647624  
0.7953618509  
-0.04856550753  
0.1656546155  
-1.262771401  
-2.3881129  
-0.1508769153  
-0.2808992017  
-0.5070457059  
-1.091101204  
0.4241733497  
-0.4200011803  
0.4905603765  
0.06707730757  
0.3018642047  
1.252680967  
-0.2611455715  
1.146893463  
0.6738042305  
0.8624271105  
-1.541921221  
-0.8476039429  
0.4655892838  
-0.05488186987  
1.239601623  
1.093603133  
-0.3507358795  
-0.008225211005  
-0.7142336139  
-0.3849243179  
0.4181780488  
1.265219077  
-0.1883514965  
-0.6679346078  
-0.9023872223  
-1.187656781  
1.64123338  
0.8272294222  
0.9497114907  
-1.130724554  
-0.8877423551  
-2.249048598  
-0.1254607575  
0.1184340375  
0.5502155985  
-0.3338326727  
-0.5196230374  
-0.9386293799  
-0.3732702401  
-0.2993401256  
-0.326686681  
0.02071451662  
-0.2061283415  
0.3531497491  
-0.7496832896  
1.345600794  
-0.7679610758  
-1.11678582  
-0.6366019006  
0.1093256962  
-0.05777431183  
-1.034844931  
1.123007387  
1.470619295  
0.4948386485  
-0.0463274533  
0.4636330391  
-0.3333990813  
-2.047611758  
-1.919674554  
-1.127635051  
-0.1572227086  
0.8375820309  
1.195891856  
0.6594085191  
0.4689160932  
-2.021270335  
-0.1073855606  
-0.3860740798  
0.1245149556  
0.9531138761  
-0.1752978009  
1.793218254  
-0.4409709825  
-0.9191987289  
-0.8063896768  
-1.806325995  
-0.02126682818  
0.3987657878  
1.810594041  
-1.506776263  
-0.1684187494  
0.2378802872  
-0.13427972  
0.462439229  
-0.8007136315  
-0.872808753  
-0.8517064856  
1.484448588  
-1.147607984  
0.1850552455  
0.246602954  
-1.610345165  
-0.5625644271  
-0.0233179117  
1.150053728  
0.1149927181  
0.5156733485  
-1.508161575  
-1.325704192  
-0.7505984514  
1.152252197  
-1.047194865  
0.1972074666  
0.1301182116  
0.8625189671  
0.209323263  
1.65998154  
-0.3317418436  
-1.585043824  
-0.8586346122  
-1.726974788  
-0.7535202383  
-0.363128332  
0.7923849146  
1.560294376  
2.330698669  
-0.1401701912  
2.051482226  
