0.9647998572  
0.7763938232  
0.8320516526  
-0.6210158431  
0.4616781996  
0.3840259995  
-0.7512755652  
-0.4109529114  
0.1311425704  
-1.127913215  
1.350182858  
0.8285957712  
-1.427445901  
1.650580685  
-1.002816759  
-0.9865795083  
1.160233441  
0.2857470715  
-1.035468088  
-1.374258562  
-0.3423829217  
-0.6702611801  
0.7651507222  
0.910320004  
-0.0118439936  
-0.4306605097  
-1.420419293  
1.00351956  
0.09651080875  
0.4094022671  
-0.121975495  
-0.6645990355  
2.331594199  
0.9066487976  
1.635474926  
0.632360028  
0.9160083357  
-0.35963069  
0.37540063  
-1.004869675  
2.174217233  
-1.091158123  
-0.2384687811  
1.835102035  
-0.4594311765  
-0.3737605467  
-0.3558443605  
0.4547884154  
0.2874468893  
-2.341581116  
-0.921446644  
-1.290965994  
0.1251555792  
-0.4064702948  
-1.10225381  
1.749785734  
-0.5625379637  
0.3736139866  
-0.688394653  
1.588270811  
0.8518170799  
0.9801803724  
1.695120026  
-1.200486942  
-0.1201115994  
-1.550353345  
-1.024554538  
-0.2005662924  
0.0650370621  
0.3480029098  
0.1812785703  
-0.6247829189  
-0.1832837594  
0.05126275453  
-0.07424277898  
-0.2375522483  
0.3725052147  
-0.4882631624  
0.6959428602  
0.4278718244  
-0.2550694304  
-0.6531905521  
-1.394259031  
0.3348227282  
1.348590322  
0.1296654573  
-2.036335581  
-0.7778601004  
-1.309823106  
-0.02416897994  
-0.8055140532  
0.08118522386  
1.069000954  
-0.8480107333  
-0.9131278562  
0.4427376882  
1.085919981  
1.012122269  
-3.414760298  
-0.2136622271  
-0.6327069528  
0.6617128099  
1.90745856  
2.473183046  
0.910777199  
0.146006982  
1.303110804  
0.2039320712  
0.9443117276  
-0.08520080831  
-1.003661533  
-0.0910165034  
0.1929473296  
0.1517925655  
0.1907677987  
-0.3873876965  
0.3735740028  
-0.3588649482  
0.7588080114  
0.2933437151  
1.172079618  
-0.5841688448  
0.5049655505  
0.8288917165  
-1.152037974  
-0.8437268903  
-0.02681086516  
0.7115375615  
0.1330871283  
-0.2556531714  
-1.115793098  
-0.4012996347  
0.3675561995  
0.3026283991  
0.1128649275  
-2.719251349  
-0.8323210325  
1.468801324  
0.4180623596  
-1.496669479  
1.096486206  
0.05825087986  
-0.6971695551  
1.058173309  
-1.239447183  
0.280158997  
0.4688613863  
0.522281435  
-0.2314146163  
0.1274085714  
0.5765163366  
-1.943547069  
-0.07792708469  
1.043911957  
1.267134812  
2.43783965  
-0.1059646565  
-1.129788504  
-0.3193099793  
0.08870754627  
-0.6341571417  
-1.745272639  
-0.8012635346  
-0.3320384334  
-1.685677127  
1.026667988  
0.208919748  
-0.6803225617  
0.03099471355  
0.6191870503  
2.116224105  
-0.521989559  
1.044575986  
1.78976598  
0.0361379835  
0.8108856127  
1.045670015  
-0.468923728  
-0.07799131461  
-0.3690116861  
0.1237235019  
1.902679423  
1.960205951  
0.5258439875  
0.4700294949  
-0.3400210399  
-0.6518431582  
0.01433155214  
0.7347655044  
0.7591301825  
-1.241878098  
-0.368297723  
-1.234505704  
-1.036163829  
-0.2100877866  
-0.6731349352  
-1.669978624  
-1.126338294  
0.6874075267  
-1.006975544  
-0.2155508665  
0.2310119003  
1.13191392  
-1.401887836  
0.6124514279  
-0.6524808292  
-0.8436992789  
-0.4911170237  
-1.829831203  
-1.170699858  
-1.959016369  
0.6105719366  
-0.9079651411  
0.2398723242  
0.1325624306  
-0.1779143731  
-1.380839905  
-0.1959333023  
-1.219533585  
0.04440093851  
0.5550648113  
0.8242764607  
-0.8056879259  
0.02012311254  
-0.1825209383  
0.8653632105  
1.109167956  
-1.006902345  
0.6021436723  
-0.3064560926  
-0.2366740341  
-0.9200306173  
0.2963742775  
-0.04652732482  
-1.065715414  
0.4014571555  
-0.4306042768  
0.1039261812  
-1.446795923  
0.7349527215  
-1.509011016  
0.4987336041  
1.27833233  
0.6502487797  
-1.152871878  
0.7658565064  
-0.554460352  
-0.5710972211  
-0.8319804386  
-0.4986837489  
-0.2613741206  
-0.5475184442  
0.0516532751  
-0.2970612182  
-1.821490522  
1.475419744  
1.845892277  
-1.018847764  
0.9889094786  
-0.2060490034  
-1.281595879  
1.548934814  
0.03875791388  
1.060533799  
-0.8760139856  
0.2598873838  
0.1918265557  
0.5598114243  
1.803698692  
-0.2256855534  
-0.4615522303  
-0.5246539071  
1.452167325  
-0.8852657393  
-1.408667569  
0.2021541151  
-0.3518208769  
-1.266777406  
-0.8432861978  
-1.865296031  
0.389658836  
0.6395029886  
-0.7045078  
0.4606088652  
-0.0832397345  
-0.08900096394  
-0.3034274316  
-1.445411703  
1.153950383  
-0.5880853353  
-0.482994459  
0.6078973468  
0.9678575866  
1.810403031  
-0.6779779915  
1.842429118  
0.5013012806  
0.1922638355  
-0.3090020431  
0.4526461715  
0.4196704912  
-3.708779518  
-0.3336472901  
-0.3456215087  
2.373842637  
0.3514531197  
0.8161619902  
-0.9570194629  
1.103999565  
-1.12496024  
-0.7291882879  
1.696332642  
1.00427257  
1.172044631  
0.2544481511  
0.855215467  
-0.9873734681  
-0.5649990608  
2.2739884  
-1.60552788  
-0.9428881538  
2.399089619  
2.121698602  
0.7997240242  
-0.1282202468  
1.011213082  
0.3140191126  
-1.132492744  
1.45318665  
-0.04694901918  
0.1632902142  
-0.2955300261  
1.284006492  
2.070693026  
-0.940068101  
-0.2819547705  
0.8263155509  
-0.4978518309  
2.455053196  
-1.124855239  
1.128382541  
-0.3556315313  
-1.979350291  
-1.107567902  
-0.726493681  
-0.1813994239  
2.046258991  
0.9881700756  
1.523473784  
-1.44658631  
-0.3923706997  
-0.3231291279  
-0.1476944942  
-1.375757119  
0.9115871547  
-0.386282691  
0.692567057  
0.4460593033  
-1.220163455  
-0.7258726281  
1.205028199  
-0.7886259293  
-1.052272879  
0.2833625664  
-0.8654660798  
0.02886469116  
0.6811484058  
0.7023233821  
0.006517866505  
1.191246885  
-1.150540212  
-0.6051685962  
-0.1256121723  
0.975718473  
-0.2417103648  
0.2297746092  
1.93173792  
0.1707699817  
-0.3231447538  
-0.2486934221  
-1.338255432  
-0.300609418  
0.2508360065  
-0.5868450385  
-0.4944973309  
-0.1612829672  
-0.8436845054  
0.9013479149  
1.416093621  
-1.268803548  
-0.5339127507  
-0.3575146012  
-0.5341513664  
-0.7418466295  
-0.9126023182  
1.023866123  
0.004892612118  
2.23050455  
1.538738456  
-0.9712871311  
-0.3458116058  
-0.9592926458  
-0.551757631  
1.807370374  
-0.3773970962  
-0.1807742216  
-0.4611424295  
0.2747581538  
-0.1121019791  
-0.02403234668  
-1.480166602  
-0.8164514653  
0.04183706984  
-0.1106441503  
-1.679085131  
0.5518854494  
0.988251761  
0.08425915298  
0.4564109407  
0.8790978202  
