1.860437615  
0.2567216356  
0.7665728496  
-0.2806387738  
-0.3789176951  
-0.9897289018  
-0.9836784753  
-0.6479900188  
-1.365830201  
-1.169292012  
0.5214688109  
-1.607726071  
-2.768544755  
-0.290517175  
-0.4539724311  
0.2126572571  
0.02018406053  
-0.617643957  
0.3105866968  
0.2161683961  
-0.2494359577  
1.161878807  
-0.4494134452  
-0.7614286784  
1.3650481  
1.345305378  
1.498603475  
0.08502831383  
-1.535704137  
0.0232285987  
1.519244135  
1.569005807  
-0.6320417315  
0.2092651997  
-2.149127139  
-0.4239176465  
1.837482298  
0.358683453  
1.620632932  
0.4556740293  
-0.4557460959  
0.7591893744  
-0.4249327916  
0.1338642382  
-1.639482802  
0.721903944  
-0.2662733076  
-0.5341489315  
-1.07365774  
0.09956498769  
1.342489829  
1.310115028  
0.1350158843  
-1.499665276  
1.768165248  
0.1563096724  
0.9305946221  
-1.184996939  
-0.5940467664  
0.5947529162  
0.5779955037  
0.8160936947  
-0.10204182  
0.5927393586  
0.974451004  
1.255033661  
-0.2454198817  
2.760148005  
1.455793943  
0.8354942489  
1.1158174  
-2.545998813  
-0.764945812  
-1.76261307  
-0.397509181  
1.167036144  
0.6580110565  
1.673905761  
0.2816595825  
-0.7869447  
-0.3103740333  
-0.7412675085  
-0.3350356075  
0.8924185273  
-1.160769909  
-0.5234988628  
1.534976394  
-0.1822340797  
1.119039241  
-0.2805238676  
-0.3146726843  
0.299400092  
-2.322400577  
0.7556402257  
-0.8128488804  
-0.0299688156  
-2.201105318  
-2.275721897  
-1.112967005  
-0.4278251141  
0.01479334988  
1.610975864  
0.768324102  
0.07354285479  
-1.742546632  
1.914244099  
1.873144023  
1.792038266  
1.63889511  
0.3257890868  
-0.9148626387  
-1.213465019  
0.4921199472  
-0.2033706335  
-0.491125684  
-0.8012303434  
-0.3277020819  
-0.1769756849  
0.7707994049  
1.06089179  
1.002514864  
-2.030357589  
0.1566036822  
-2.324776804  
-1.181034772  
-1.213363283  
0.2044179051  
1.094534183  
0.774935651  
0.1114613946  
-0.3118436092  
-0.9830514509  
0.1126034736  
0.1063602626  
-1.754526145  
-0.7071479909  
1.675365419  
-0.8657965594  
4.639776206  
-0.3493818075  
0.3601596097  
0.1523792735  
0.05030173863  
0.05787580666  
0.4275838197  
1.491699299  
1.029338596  
1.785007243  
0.5358117051  
0.7856856926  
-0.3810982164  
-0.6099426584  
0.06408946865  
-1.088225353  
-0.5691038917  
-0.5946771873  
-0.9892982933  
-0.9316628248  
-0.967649723  
0.6934633825  
-0.482009658  
-0.7738951076  
0.3853224569  
-0.1780265002  
1.443995845  
1.191732686  
-0.001300730536  
0.881419707  
-0.4526192117  
0.3540203948  
1.447379595  
0.4619339016  
-0.7564368254  
-0.08944888911  
-0.5202531661  
0.6900888052  
0.2273415972  
-0.1647772938  
1.40070854  
1.179782586  
-0.6944313416  
0.1514515498  
-1.067373457  
0.4346031416  
0.9800145636  
-0.7707539518  
-1.886113763  
1.301006509  
0.8806513626  
-0.02284213958  
0.2812146267  
-1.443464204  
0.2145175167  
-1.296609902  
-1.448034788  
-1.697491523  
-0.01569147256  
-0.1657731696  
-0.2369173274  
2.150020468  
-0.5949342927  
-1.11170259  
1.171030874  
1.514098916  
-0.2933196424  
0.2648702632  
-0.7865294991  
-1.327194995  
-1.366172123  
-1.12418292  
-1.243868886  
-2.164147843  
-0.07602098098  
-0.611969653  
0.8746472876  
-1.470488935  
-1.174980745  
-1.087022836  
0.1847014641  
1.131624003  
1.616432158  
-1.004081897  
-2.024080471  
0.3466656395  
0.04949441678  
0.08531703356  
-0.7941168537  
-0.9536724529  
-0.9558833651  
-0.3208494534  
-1.233086779  
-0.8027843523  
0.9468389549  
2.180148169  
0.7611295186  
-1.423380282  
0.08789738238  
0.4686456813  
0.6445978792  
-0.1892446212  
-1.272322664  
-1.543064811  
-1.845188831  
-0.4777371583  
0.5026475622  
-0.7461739861  
-0.4014904867  
-1.081863203  
-0.268544701  
0.02986454084  
-0.02281919971  
-0.189467328  
-0.5174369403  
0.05242249337  
-0.03699168894  
-0.04031336557  
0.6560876674  
0.1623202901  
0.6849334047  
-0.7073199312  
0.9199971416  
-1.676426033  
-0.2119387572  
0.586065004  
0.6721732091  
-0.7989785695  
1.501346874  
0.9497558975  
0.5237800523  
1.698204077  
0.6630599537  
-0.4428559751  
1.802709688  
0.01635933986  
1.953545596  
0.1261212631  
-1.362190417  
-0.9483191806  
-0.3866501607  
-0.2100261746  
1.264771838  
0.5341285761  
0.4753291234  
0.7450767314  
0.3145608392  
2.423706315  
1.977345702  
0.6794446106  
-0.2529668849  
0.3578987892  
-0.9355058072  
-0.4637849581  
0.3121538136  
-0.06139732892  
-0.1361853912  
0.703499268  
0.3336153534  
-0.6168802148  
-0.0002573070914  
0.6792029417  
-0.8883896426  
0.06922847214  
0.4984497194  
-1.577063735  
-1.484488079  
-0.3722143117  
-0.8909097664  
-0.8870140393  
-0.513031529  
-0.2757236284  
-0.04403792817  
1.444238341  
0.2597160558  
0.9387084272  
0.4406682127  
-0.4212029102  
-0.4706955032  
-1.255186114  
0.6858180095  
0.8756443606  
0.6847597819  
0.002615025365  
0.2863307649  
0.2180212294  
-0.07523651643  
0.5010507369  
-0.7615386147  
0.1413765933  
-1.694996613  
-0.003859163608  
-0.4135249546  
0.5479059094  
0.768860258  
-1.677520141  
-1.013169622  
-0.2063243773  
-0.4680255956  
0.7506378826  
1.80244515  
0.6428318712  
0.00447810555  
0.1413347312  
0.0003132700834  
-1.099224903  
0.9381072817  
0.3951043457  
-0.4234623866  
-0.2599424047  
1.277566437  
1.287136225  
-0.4615623152  
-0.07829515322  
-1.28072806  
0.08100741763  
0.2027889039  
0.4373447036  
0.6412642126  
-0.07617403277  
0.1726704322  
0.9324853185  
0.5804475603  
0.1505568138  
0.7493343253  
-0.2961354863  
0.9617820855  
-0.625173061  
-0.4501715793  
-0.02111884267  
-0.7861692754  
-0.1873089557  
0.07066464236  
-0.2974935016  
-1.178039491  
-0.965458723  
0.3089618632  
-0.085363122  
0.299104018  
0.6935783446  
-0.4006943816  
-1.459938845  
1.437292526  
-0.7665598026  
0.7011609178  
1.620693888  
-0.6438286465  
-0.06809365931  
0.03232868202  
-0.1303920465  
0.1369807403  
0.9209063711  
0.6332029787  
-0.835140879  
-0.5373606574  
-1.910769712  
-1.012086012  
1.29891307  
1.890652804  
0.6131877813  
-0.6571062128  
-0.9103028046  
-0.07453273168  
2.052819784  
0.3451639129  
-1.095546427  
-0.9907384012  
-0.5965132358  
-0.0734785929  
-1.063270573  
0.8724225814  
2.116674024  
0.3025880219  
0.1658416252  
-0.2096359515  
-1.107165933  
-0.3172843717  
1.080170816  
0.3413640945  
-0.4005719128  
-0.0135067748  
-0.7312247628  
