1.683604145  
0.4374215336  
0.4164576099  
-0.6160858102  
-1.36846409  
-0.3384255104  
-0.5107038344  
-1.561009831  
-0.9634655244  
0.9233843713  
-0.1778409866  
0.4671271527  
-0.6036736439  
-2.843077101  
1.962880277  
-0.47625815  
-0.123027648  
-0.6873455781  
-0.4393432609  
1.300534039  
0.903158909  
0.03343655514  
0.658917045  
-0.1623112945  
-0.2305885196  
0.7876275389  
0.8443689406  
1.31933471  
2.128674788  
1.18512395  
0.7268361059  
-1.344095733  
-1.91917731  
-1.651003684  
-0.2672351996  
1.486664423  
-0.2978343526  
1.147849685  
0.551080555  
-0.5408147449  
1.344980214  
0.9137176646  
0.520865608  
-2.45342469  
1.131554318  
0.1962018491  
-1.636485975  
1.621295813  
-1.197313932  
0.4410642304  
-0.2468031008  
-1.357063807  
-0.693526614  
-0.7653283264  
0.2218920534  
-0.05224725932  
0.1610656958  
-0.273696404  
0.7478322139  
0.7462145552  
-0.4566896108  
0.8713381732  
-1.405521482  
1.24121078  
-1.294797329  
0.5636088062  
1.236083996  
1.746295039  
0.9596416423  
0.7341241488  
-1.173183918  
0.3546729987  
1.225756425  
-0.6382527379  
-0.3520652366  
0.175232029  
-0.6765089028  
-1.70933759  
0.5279452707  
1.772334682  
0.615533306  
0.965076002  
-0.5613262887  
-1.384264172  
-0.808683717  
0.8242105198  
0.1816630538  
-0.08556777245  
-0.9958305636  
-1.320131256  
0.5868407763  
-1.029760165  
-1.072588211  
-0.3734021885  
-1.502324149  
1.206471576  
1.321523496  
-1.029050009  
-0.05061076534  
-0.6526210276  
-1.419090981  
0.3250222609  
-1.207393359  
-0.03989014508  
1.637762869  
-0.1347879343  
-1.275164506  
-0.04376734524  
1.088430219  
1.877713095  
0.2761788297  
-0.01469578558  
-0.2856558355  
-0.8528277546  
-0.8826944746  
0.6794841185  
-0.5303684936  
-0.7606668037  
-0.9090328391  
-2.545081852  
-0.978636924  
-0.8933323123  
-0.2039382455  
0.9121979808  
-0.5636730709  
1.094704988  
0.6505112407  
0.3383494193  
-0.09111053068  
0.8970481688  
0.6171796057  
0.4319421703  
-0.09105101146  
-0.5077626764  
-1.589105954  
0.6519942676  
1.074128289  
0.09172643191  
1.34240936  
-0.2851675111  
-0.2716292907  
-0.9699664828  
1.159574648  
0.9803703874  
1.523275336  
-0.4144188334  
-0.5346086434  
-0.1188854147  
0.9558489171  
1.085432594  
-0.297611659  
-1.045036417  
-0.1735663251  
-0.5025120964  
2.395077146  
1.98996804  
-0.267114761  
1.242758207  
-1.238880741  
-1.145265388  
0.241097407  
0.4814474681  
1.49378766  
-0.5851479148  
-0.1319250828  
0.3976697138  
-0.4746585302  
-1.57951413  
0.977297916  
0.6853996747  
1.714659489  
-0.2316508196  
-0.9551560996  
1.012080997  
0.08599414177  
0.3593824447  
-0.08656472781  
-0.2458132845  
-1.279143177  
0.3626253999  
0.4108103561  
-0.01107075349  
1.56816542  
0.09118007964  
-0.9346894251  
-2.398383794  
-0.06086939747  
0.6187992905  
1.169423415  
-0.04251881535  
0.09339988619  
-2.8342757  
0.1408913878  
0.04589908361  
0.09935382149  
-0.9222176708  
1.473532809  
-1.836767073  
-1.923500677  
0.8594390293  
0.9741415579  
-1.118542606  
1.162238491  
0.5031048654  
-0.3352675099  
0.8716583828  
0.3433328553  
1.967734782  
-0.4274503548  
1.124945146  
-1.546872783  
-1.230962829  
0.555489355  
0.8916602048  
0.3944535365  
0.8234163074  
0.9545117352  
1.242989227  
-0.3557135559  
0.1267524751  
0.3025284662  
1.331091961  
-0.6352783724  
-0.7537624527  
1.42502786  
-0.3916933919  
-0.02620607941  
-0.1247655736  
0.1294248418  
-1.153005262  
-0.04940932554  
-1.489195072  
-0.8934220868  
0.5035870347  
-0.4710292636  
0.008132350058  
0.4926216414  
0.4491759295  
-0.2055061273  
1.008316407  
1.811803714  
0.1730425484  
-1.720577351  
0.1639457638  
-0.2439252844  
-0.3089846621  
0.8930714109  
0.07004237454  
0.2910736976  
-0.9379154782  
-2.029750653  
-2.620404076  
-1.116697881  
-0.4777434713  
-1.60954814  
-0.2704823257  
-1.717572509  
-1.157644342  
-0.05168777105  
-0.6680505457  
2.007910587  
-0.4131251924  
0.8193423068  
-0.04576416648  
-0.9277870878  
0.6684686199  
-1.015176377  
1.081260643  
-0.6319089972  
-1.109715702  
-0.9356292366  
-0.4107380773  
0.8217544029  
-1.979451388  
0.3819248965  
-1.138512995  
-0.4573571907  
0.4238174176  
-0.4223507735  
1.645779165  
-0.5961335363  
0.6432693214  
-0.4695965496  
0.8731815298  
0.8909109336  
0.4184652179  
-1.117783395  
-1.107107693  
-0.4025381542  
0.4944281392  
1.52881008  
0.6253362237  
0.4760861432  
-1.260365255  
0.377360842  
1.182126414  
0.9027876841  
1.66787169  
-1.236863915  
-0.5309924529  
0.2414316658  
-0.3246703271  
1.615638845  
0.747921516  
0.7669789506  
-0.2328217571  
-0.2071903483  
-0.7414216293  
-1.561052911  
-0.9077103715  
0.2826371158  
-0.5966346332  
2.061971934  
0.8633651735  
0.3832766369  
0.4819640843  
-0.1874529606  
0.7670236598  
0.8826579046  
1.444753965  
0.9711053309  
-1.673539357  
-0.4842424499  
0.2299671384  
0.06518470625  
-1.899068292  
-2.112956647  
1.108430979  
0.2630598791  
-0.5495797844  
0.9523304139  
-0.962756442  
-0.4759953241  
-1.022965402  
0.8140347407  
1.335226036  
0.5299246989  
-2.855303983  
-0.5092329933  
0.9219861825  
0.3979675204  
0.1544693688  
0.1612109237  
-0.5935426659  
-0.9262026803  
-1.792786072  
0.3400578318  
0.06636421477  
-0.3169135764  
0.4476337252  
-0.779226697  
0.05406701179  
0.3941679966  
0.9955332704  
0.5453550682  
1.028677681  
1.362395641  
-0.5929438361  
-0.3928780218  
0.6952902266  
1.413407974  
-0.6562381789  
-0.4688261698  
0.38105292  
-0.02523834638  
1.813569748  
0.85421352  
-0.4270723674  
-0.8650093521  
-0.7376509313  
-0.2315894259  
-0.1764309271  
0.1009489608  
-0.2906811153  
-1.281850041  
0.1787441154  
-0.04300821851  
0.8116313545  
-0.4536252965  
-1.107310593  
-0.3177819247  
-0.4905742764  
0.5913423438  
0.8097215951  
-0.678663762  
2.634558322  
-0.106153462  
0.02955008446  
-0.7654906149  
1.847719759  
-0.7408908794  
-1.294580995  
0.4585636119  
-0.1982230588  
0.6522215371  
0.8763887759  
-1.53111522  
0.330970925  
-0.60666501  
-0.324776364  
0.8703393886  
-0.1805843644  
-0.7449461805  
0.4654718101  
0.7346822537  
0.8289841364  
1.666837909  
0.04904157757  
-1.300522096  
-0.6145837358  
-2.002627433  
-0.2755301835  
1.976970757  
1.71013293  
0.00378544694  
-0.1526840393  
-1.432442104  
-0.6184631667  
0.8454222095  
0.1246348096  
