1.044835857  
-1.641521256  
-0.1545054276  
1.318309183  
-0.7861278428  
1.100728716  
1.13119963  
0.4120646998  
0.7051860798  
0.7397616615  
0.6240957978  
-0.4333529309  
1.203589488  
0.06326465571  
0.3213724578  
0.9917718708  
-1.044560327  
-0.3579376709  
0.002060929424  
-0.1224629712  
1.328080089  
-0.8741866644  
1.081761971  
0.4283327549  
0.3913258266  
0.829239553  
0.0007220786182  
-0.1148437758  
-0.5437419872  
0.7175583233  
0.5299722931  
0.1758383033  
-0.3146317049  
0.04801230098  
0.1847201545  
0.2292924411  
0.08677527503  
-0.5473588434  
-1.792887761  
0.2836922793  
-0.05895746836  
-0.3448937619  
0.1436645021  
2.206703114  
0.9387258444  
-0.4966447375  
0.07849325689  
-0.1832893181  
0.8277866629  
0.4780047673  
0.4568494855  
0.4127128018  
-0.136407988  
-0.4639615858  
-1.101775609  
-0.8344648513  
0.6555209873  
0.02187561981  
0.9945867379  
1.601482642  
0.2748503318  
-0.6409690804  
-0.7620918399  
-1.076055097  
0.2514885526  
-0.5437603441  
-0.4273622208  
-0.5097704642  
-0.9453333953  
0.1746798215  
-2.113008829  
0.7212754146  
-0.04397192243  
1.040049805  
-1.586324153  
-0.003082527731  
-0.9180145392  
-0.03905028352  
-0.8073819958  
-0.9361337799  
0.5869710862  
0.818231288  
0.7235740772  
0.07121754136  
-0.3612935347  
-0.09034818509  
-1.099765942  
-0.8014218537  
-0.01724842418  
0.8858224492  
-1.460091328  
-0.2782095094  
-1.480399206  
-0.1412063828  
0.05823585192  
-0.8485335569  
1.081070245  
1.222560161  
0.1824574851  
-1.468640898  
-0.9309252476  
-1.216184862  
-1.110545404  
-0.8547962329  
-0.7676574371  
-0.7966656647  
-0.07503075563  
-0.3247748912  
-0.205221172  
-1.720613033  
-0.3118269535  
-0.5166966372  
-0.4597036792  
1.110385909  
1.347316597  
-0.2908021063  
-1.061341695  
-1.582818055  
-0.9370452486  
-1.428368548  
1.861602554  
1.325856007  
-0.3833075252  
-0.4393783858  
-3.419134823  
-0.7594431042  
0.5642934417  
-1.525551195  
0.1146147651  
-2.293102286  
0.8923457271  
0.5837668981  
0.218464653  
-0.7937264942  
-1.348884921  
0.3248708188  
2.208900157  
2.343184666  
0.6936954606  
1.213967979  
0.6557220817  
-1.583795146  
-0.62371717  
0.5550085786  
0.6125749129  
-1.314431087  
0.06414212468  
0.5042679525  
1.432398089  
0.2977045963  
1.912193782  
0.3718699649  
0.3502190421  
1.552136339  
2.012360862  
-0.002428370655  
1.104365336  
-0.1199567161  
-0.5353469168  
0.4546189064  
1.878525482  
2.350785168  
-0.3510363347  
-0.1126936878  
1.193350747  
-0.8851962479  
0.6873235936  
0.6598470953  
-0.257380211  
-0.4020944962  
0.3526329892  
-0.3824117055  
-0.2720245109  
0.4481888852  
-0.1718741382  
-0.7364971506  
-0.6756444519  
0.9370980321  
0.6002558791  
2.798656862  
0.08295076187  
-0.1641693235  
-1.140301311  
0.2565002764  
-0.3332776463  
0.3555652192  
-0.002856061898  
0.2691429746  
-0.939318741  
-1.471187889  
-2.042931201  
0.2902182133  
0.9791366017  
-1.018841945  
-0.441008646  
0.5261791792  
-0.4401485421  
0.7349114732  
0.3781651964  
2.517190928  
1.852257251  
0.1323568877  
1.23442401  
-1.85691524  
-0.5603056533  
-0.05339069154  
-0.6485794167  
-1.494213926  
-2.808364535  
-1.011291371  
-0.825994958  
1.1218631  
0.5823439338  
-0.4202219447  
-1.153381717  
-0.4114914624  
0.3403365371  
1.320084229  
1.046579584  
0.9152513594  
-1.059843804  
-0.9503522901  
-1.7343627  
-0.8181665478  
-1.337517088  
-0.3526966191  
-0.7676218066  
0.2533199261  
0.7574638523  
-0.4863814946  
-1.480998038  
-1.336488181  
0.2447774432  
0.9731130704  
1.1412462  
-0.8065289658  
-1.146165318  
-0.7464162113  
0.1602860075  
0.3452354917  
0.5056514591  
-0.1748460011  
-0.5970466458  
-0.3971492907  
-0.5429756833  
-0.9493248882  
1.077215401  
-0.4946280351  
-0.3182673317  
0.1377944294  
0.2568577043  
-0.6640541618  
0.2007646981  
-1.92105971  
2.115146527  
0.4237314512  
2.323806658  
-0.2205279614  
-2.293248443  
0.4081851183  
-0.01847176149  
1.183098009  
0.611254635  
0.3973541926  
0.4791659888  
0.5350863694  
0.4430649553  
-1.160347781  
0.04972321219  
0.02029276394  
-0.8950192046  
0.3824946327  
1.423875669  
0.02453744983  
0.1185363761  
1.880354369  
2.08192495  
0.5844982525  
0.3139348629  
-0.3390448127  
0.4604490484  
0.3510806107  
0.9901419497  
1.096897622  
-0.9535284811  
0.2605580707  
2.509632176  
-0.2212512891  
0.3083093421  
-0.5837514686  
-0.7314761404  
0.3597980771  
-0.7561821989  
0.6465171062  
-0.5829959866  
0.9824047979  
1.06633861  
-1.232518956  
-0.9634145017  
-0.2293913203  
0.6645339974  
0.5382740416  
1.954484127  
1.793552357  
-0.3537835818  
0.6093210591  
-1.843583385  
0.6554728274  
2.378125827  
0.06871255195  
0.6554512287  
-0.2394813889  
0.004131049486  
-0.2582235302  
-0.3482177669  
-0.5461129887  
-1.16068334  
0.693272936  
-0.2569274174  
0.4337718055  
-0.7455059506  
-0.6716264508  
0.3971639554  
1.670720895  
0.9427563255  
0.7431833415  
-0.5953953148  
-0.3182610108  
-0.07492808  
0.5141170643  
0.4966007239  
-0.914393178  
-1.757714826  
-0.7498877247  
-0.9530932642  
-0.5014311119  
-0.8836258973  
-1.774486703  
-0.1468949672  
-2.428578729  
-0.7337581379  
-0.01187609209  
0.2941797951  
-0.7161973257  
-1.075603132  
-0.744436361  
0.7725497517  
1.756812162  
1.262430661  
-1.277062455  
-0.476444509  
-1.355955509  
-0.9760255463  
0.3269547668  
0.6828436545  
0.3702310451  
-1.145947614  
0.5740446101  
-0.2442550238  
0.3470823612  
0.2526607261  
-0.5827766171  
-1.664760424  
-0.1287280843  
1.284908579  
-0.03892874943  
-0.2279629205  
1.2709437  
-0.3606180684  
1.405780474  
0.2005014513  
-0.3214287331  
-1.84468756  
-2.310541694  
-0.6396212328  
0.01704821006  
0.5730553669  
0.2955610649  
0.03011624703  
-0.8739779308  
0.8272262808  
0.027820023  
0.8487779936  
0.8070869722  
1.708519487  
-0.4832555647  
-1.596015411  
-0.9783621048  
1.152689284  
0.7206907508  
0.4051656269  
0.6585323082  
0.4694364206  
0.3771321638  
1.225858689  
1.229410459  
0.3653963633  
0.2119090499  
-0.3649833905  
-1.204538024  
-0.01004131112  
-0.1665615118  
-0.1590356916  
-0.7031690768  
-0.1740642898  
-0.01451815888  
1.813808791  
-1.326528068  
-1.369878993  
-1.854887159  
-0.840225913  
-1.607054355  
0.5930790013  
1.044572933  
-1.432109645  
-0.7148113172  
1.325341475  
3.05455595  
2.256586927  
0.1564890462  
