0.6775481643  
2.475309156  
1.683216055  
1.553109029  
1.082939714  
1.058810589  
-1.445330638  
0.4012934092  
0.7966421842  
-1.554769989  
0.4310111762  
0.401008938  
-1.234784289  
0.9059033537  
1.203907887  
-0.7440609737  
1.064630951  
0.4795463853  
-1.353781621  
0.9204483859  
0.8020931722  
-1.057943704  
1.3245243  
0.4184449466  
-1.22810894  
1.024928692  
0.6419582075  
-0.09828536645  
1.218696628  
0.9494334885  
-1.017186297  
-2.664994477  
0.5706066231  
1.007695163  
-0.9989996065  
-1.408528439  
0.4519702507  
-1.991019137  
-0.5214089375  
-1.68611302  
0.5136736718  
-0.8964636131  
-1.341431743  
1.161315038  
0.9229118973  
-0.7095476557  
0.9478810765  
0.3707976431  
-0.8066796783  
-1.588348132  
0.8789979659  
-0.33280132  
0.9361821277  
1.10385968  
0.1164243485  
-1.563107068  
0.2264866755  
-0.387459416  
-0.2641869079  
0.8114689112  
-0.2428193799  
0.07751743042  
0.7969887854  
0.5972331135  
0.03126993728  
0.7427702213  
0.9771550515  
-0.1561196172  
0.9475969989  
0.7720360573  
-0.568022484  
0.6432929168  
0.896161557  
-0.4276419935  
-1.050033383  
1.085183875  
0.9204469065  
-1.136217054  
0.9101465233  
0.7109652659  
-0.566092595  
-1.080211922  
0.9810086553  
-0.2929238146  
-2.062463804  
0.9364292824  
-0.5959941561  
-1.685975616  
0.7286682774  
-1.06020563  
-1.605574936  
0.3899438455  
-0.8530190108  
-1.167042362  
1.161160176  
-0.582427302  
-0.6380415134  
1.040189712  
1.055046467  
-0.5410987969  
1.200174878  
0.8170859822  
-0.4303013105  
1.144189603  
1.07784127  
-0.4496974812  
1.318579407  
1.188299081  
1.043099744  
-1.296175964  
0.769127599  
0.9187385791  
-0.8992161078  
-1.662432536  
0.9002576817  
-0.4617594411  
0.925889467  
1.106089501  
-1.004853001  
-1.355730776  
0.8152441757  
0.8393806495  
-0.7128967111  
1.299180681  
1.222651305  
-0.3762673581  
0.6655273081  
0.7815175482  
-0.616846476  
-0.4538159983  
1.067301825  
0.6039205467  
-1.033679343  
0.449697555  
0.8256281895  
1.139695175  
-0.7277708221  
0.8683322984  
-2.514556131  
0.1068392849  
-1.437510211  
-2.140329867  
0.04289939143  
-1.142983087  
1.099415785  
-0.01946091072  
-1.354541846  
0.7592024801  
-0.5249993189  
-0.8448741697  
0.8788971149  
1.190326908  
-1.625106223  
0.8619317318  
0.7266904896  
-0.5882731725  
1.333135112  
1.006602528  
0.09379524731  
-1.331023835  
0.6666067185  
1.038966556  
-0.1993447183  
-1.296312549  
0.7509107693  
-0.8213812843  
-1.444704373  
0.7514854919  
0.5219784132  
-0.6466884725  
0.2800984765  
-0.9684235602  
-0.2469183551  
0.484847402  
0.9335283814  
0.2777302876  
-1.599585266  
0.6804213925  
-0.4780032189  
1.370169529  
0.7016461393  
-0.7516028683  
-1.909286257  
0.5940574399  
0.1299184813  
-1.56946743  
0.9526891322  
-0.4368488585  
-1.351254529  
0.7833175651  
0.7287414064  
0.6390910319  
-1.30315315  
0.2634885403  
1.00531385  
-1.066100927  
-2.363320714  
0.1439791733  
-0.9970410797  
1.324231675  
0.1208489468  
-0.5577675496  
0.7547005654  
-0.6168280867  
-0.1480875931  
-2.023968472  
1.222572088  
-0.1754711272  
-0.4444959224  
0.984087453  
-0.951052461  
-0.4268550885  
-0.6499318277  
1.13387396  
-0.1799371599  
-0.2568498194  
0.8537084362  
-0.123890263  
0.249283801  
0.7999346786  
-0.2083179621  
-0.3839301279  
-0.5300277321  
-2.619642087  
-0.2105581146  
-0.1817603636  
-2.187663025  
-0.8298846331  
-0.08686597903  
-1.486477654  
1.117281788  
-0.3036690528  
-0.8762900865  
0.9858320815  
-0.4099125183  
0.1057436693  
1.340736517  
-0.2611704669  
0.1672934964  
-2.135996085  
-1.713827895  
0.6903762464  
-0.5976379983  
1.095958687  
0.4839580261  
0.3687781055  
-1.815354337  
0.1926066296  
0.5707513956  
-1.358445664  
-0.2369124184  
0.7120454871  
-0.8098151105  
-1.211355817  
0.9929853096  
0.1018849863  
-2.192586292  
0.7767008532  
0.6961039905  
-2.052366705  
-0.6951456575  
0.5483784459  
-0.930253371  
-1.281373003  
0.4210499999  
-1.412963435  
-2.123633873  
0.664749595  
-0.4246202991  
-1.383950404  
1.015543345  
0.656201374  
-1.371455393  
0.7996924688  
1.327394681  
-0.7772749731  
-0.09513637118  
0.9839491934  
-0.1293297935  
-1.110177424  
0.06605889479  
-0.6021728463  
-1.416508429  
0.5539190156  
0.9161612251  
-0.9966448938  
1.369330331  
1.01441862  
-1.013922903  
-0.6172985444  
0.8167130747  
-1.048019399  
-0.5803936915  
0.57899282  
0.3741117387  
-1.487449724  
0.5564684829  
1.100120727  
-0.4652627773  
-1.263800535  
0.8989327272  
-0.2204240939  
-1.817987763  
0.6651923953  
0.1961287347  
-1.670044806  
0.6450092725  
0.6789771042  
-0.649514615  
0.6254250697  
1.512472758  
-0.6830485021  
0.1808675775  
1.154313436  
-0.6428358178  
-1.035087739  
0.3163469774  
0.5942639025  
-1.502822016  
-0.3275965391  
1.362201538  
-0.0396474995  
-0.8212126769  
1.399108199  
0.3777429086  
-1.157829096  
1.524375075  
1.108279434  
-0.565708669  
-0.5082422776  
1.464525409  
0.4417708044  
-0.4788782513  
1.685478997  
0.673737898  
-0.7988324484  
1.43216801  
0.7070677687  
-1.121342321  
0.6455798023  
0.7063784018  
-1.367610915  
-0.3661160915  
0.5898322842  
-0.3285435696  
-1.123069631  
1.41841635  
-0.3707768596  
-1.050508015  
0.6153154376  
-0.6837488219  
-0.6180976754  
1.116067367  
0.4959739921  
-1.356913968  
0.503650585  
0.5330321242  
-0.9523589262  
0.3749636548  
0.9245415981  
-1.464663428  
0.9427982826  
0.7633165107  
-1.274158306  
-0.4710889977  
0.7243590721  
-0.4824419884  
-0.8331218585  
1.185300968  
0.07687214446  
-0.7489428512  
1.24010863  
0.6947143215  
-0.9758493539  
-0.08648146223  
1.256776922  
-0.02018893845  
-0.5637295982  
1.443560773  
-0.491136066  
-0.4352108314  
1.253413805  
0.4099070437  
-0.174373732  
1.333407459  
0.1838249837  
-1.176121075  
1.356542269  
0.2567009373  
-1.576598919  
1.15482241  
0.5076884684  
-0.993783961  
0.9770047822  
0.8780340244  
-0.4359720301  
-0.2377551739  
0.7989327162  
-1.655911033  
-0.7175540932  
1.31367379  
0.3653154185  
-0.3172672319  
1.986270146  
1.53634934  
0.4581953911  
-1.126055837  
1.152848499  
0.4314719244  
-1.258704937  
0.7519471157  
1.26281283  
-0.7495201888  
-0.4497381763  
1.525485814  
-0.0864285186  
-0.6556090979  
1.167869107  
1.112311702  
-0.5379627701  
