2.007431306  
0.608917927  
-0.04672014838  
-0.3662332369  
-0.3216797475  
-2.376363687  
1.248737618  
-0.3632248964  
-0.8006777243  
1.21805066  
-1.607608709  
-1.003745518  
0.8372203571  
-0.9624018665  
-0.6643716691  
1.834894824  
-1.554300097  
-0.7909114403  
1.164492556  
0.02288546856  
-0.3002814771  
-1.0642083  
-1.703623734  
-2.468808327  
0.5855419394  
0.451058386  
1.727039925  
-0.6781777513  
0.002539260722  
0.3162480521  
-0.3792689139  
1.309385932  
0.9187958086  
-0.2983675869  
1.389568868  
0.7687861632  
1.559976656  
0.9732913896  
1.14738052  
0.7684329761  
0.1902404856  
0.5234677707  
0.1716944094  
-0.4714215261  
-0.7692538582  
0.1192180724  
-0.5160152455  
-0.6916352131  
-0.6702328367  
-0.2954969526  
0.291413887  
-0.06151733165  
-1.051126786  
-2.241631594  
-1.239620963  
-2.03124311  
-0.1190902577  
-0.5452064639  
0.5647908321  
-0.8680548373  
-1.417202465  
-1.238410414  
0.1663821346  
0.3246602957  
0.116170487  
-0.7118179617  
0.7847288743  
1.318255942  
0.4624563249  
-1.039701213  
0.3761971898  
-0.6490202034  
-0.6079501867  
-0.03709804609  
0.9766388614  
0.3857664797  
0.67858118  
0.3540881794  
-0.9529798823  
-1.344570345  
2.155649852  
-0.8837844504  
0.4865106382  
-0.6330617889  
-0.2781232243  
0.7203327655  
-0.5962031219  
1.485601806  
-0.5749657911  
-0.3548717437  
0.1149463236  
0.08510880523  
0.7772899748  
1.184292535  
-0.08618930644  
0.3258040887  
1.117796943  
0.8114990864  
3.333299496  
1.402254953  
0.9803801662  
0.2750039368  
0.03888541482  
1.166996849  
0.7299489479  
1.379178199  
1.197974737  
-0.7512114946  
-0.6277244878  
0.08510034482  
1.164593231  
0.3595540128  
-0.8788103911  
-0.2789433711  
-1.136814425  
-1.41826796  
0.4414887925  
0.3739487758  
1.288457671  
1.067644899  
-0.7627948655  
-0.8527417004  
-1.211506729  
1.965189798  
0.5224612864  
1.964332576  
0.135806435  
-0.7095642866  
0.08441940359  
0.4656888953  
-1.702538249  
-0.08193908268  
0.02563199579  
0.5058224018  
-1.066062191  
-0.8036762588  
0.3339235076  
-0.5404423499  
0.9232422245  
1.368127658  
-1.984609815  
-1.577529079  
0.4051752744  
0.03747532588  
-1.811459085  
-0.6776053526  
-0.1081691388  
-1.414578117  
-0.6280542631  
1.424085696  
0.1360582176  
-0.2717352308  
0.03488973334  
0.3316313456  
-0.9534921549  
-0.7051097493  
-0.1903363273  
-2.3628443  
0.5427685962  
-0.7315678187  
-0.2144151079  
-2.73818091  
1.477803479  
-2.083646391  
-0.3534333672  
1.347424038  
2.126572608  
1.509847324  
-0.2032307189  
2.370501333  
0.1132703084  
0.4540982928  
-0.5452035507  
0.8244583443  
0.4899821968  
0.1765123024  
0.6581705942  
-0.001818368242  
1.260218447  
-0.5335178846  
1.312630056  
0.9430726062  
-0.8582806653  
-1.234296624  
0.127698268  
-0.8165615954  
0.152933125  
0.7232111313  
-0.2006900458  
0.9318890002  
-0.4769514776  
-0.8470245696  
0.06191008405  
1.534933387  
1.683144171  
-0.3299829229  
-1.209989791  
-1.060751556  
0.8585652139  
-0.1190352004  
-0.3057296639  
-0.4468578297  
0.2237979816  
0.05721770449  
1.779671802  
0.1076556187  
-1.017043997  
-0.8644254604  
-0.0290419749  
-1.735505938  
1.29573781  
-0.05494334461  
-0.4547985834  
0.05841125232  
-0.1768012637  
1.560666752  
-0.5376571347  
0.1886299327  
0.07232778167  
0.06163564314  
0.1013235143  
0.3672696017  
-0.4444683355  
-0.6841975578  
0.9228818822  
-0.4808641339  
0.5127239849  
-1.495889031  
-0.3830545545  
0.2567190132  
0.06521975979  
0.5996961437  
0.7942788361  
0.6078214166  
0.247015765  
0.6713154097  
-0.2249882429  
-0.1649385723  
-1.234891703  
0.2925917826  
-2.232245203  
-0.5091776686  
-0.9340585985  
-0.3476454597  
1.220190705  
0.3505078813  
-0.284891379  
0.7203413358  
-0.4689398595  
-0.6648134115  
-0.8712154926  
1.055780505  
1.326509186  
-0.7396757902  
0.2581148405  
0.1196329742  
-2.206904845  
1.216256413  
-1.27353259  
0.6554671167  
1.122740598  
1.009101285  
-0.6631138801  
-0.4303747208  
-0.0161800517  
-1.816797828  
-0.9462830224  
-0.1948846842  
0.4190648017  
-2.259812425  
0.2370119391  
0.8327373546  
-0.2992088414  
0.2244046029  
-0.696051828  
0.08921792106  
1.304021367  
1.508597422  
-0.6176400564  
0.5546995977  
-0.6957086799  
0.3959885404  
-1.407572192  
-0.07966427949  
0.00825416325  
-0.930919672  
0.1852346414  
-0.8894716418  
0.359383243  
-1.242204927  
1.913204521  
0.1350927371  
-1.188554072  
-0.4372376315  
-0.2537091995  
1.499933943  
1.448646654  
-0.9694129357  
1.390524126  
-0.6934572238  
1.062096724  
0.04333952349  
0.07945949722  
1.068486252  
-0.0433998622  
1.195044627  
0.03181099912  
0.6139741616  
1.352809547  
1.001872828  
0.927891189  
-0.7188397475  
2.137926916  
-1.054887264  
-0.7372280634  
-0.82862172  
0.1538371226  
0.5813018141  
0.1929479128  
-0.4504653842  
-0.9587212597  
-0.3621822708  
1.106562331  
-0.126358102  
-0.9366801026  
0.5116018477  
-0.7108208983  
0.04849660262  
-0.1062980466  
-1.47066793  
-0.35258765  
0.005069020291  
0.2828600606  
-0.2368220911  
0.1547293279  
-0.7784704541  
0.910163066  
-0.3830828399  
0.356317054  
-1.172225001  
0.1975511918  
-3.268046565  
0.2069646145  
1.946610803  
1.626308646  
1.835688993  
-0.3289163773  
-0.474113977  
-0.6688743034  
-0.1020868585  
-0.2854562745  
-0.2893648802  
-1.011767624  
-0.06465776609  
-0.3346789663  
-0.7850749056  
-2.662991646  
-0.3263062971  
1.242746575  
-0.1835205076  
0.6733631302  
-1.312647296  
-0.3515788236  
-0.8848496228  
0.02545719308  
-0.8338851484  
-1.805769804  
-0.6945868966  
-0.497570751  
1.417571237  
0.7163095296  
0.6941863428  
0.2941306108  
-0.2644078918  
-0.6336651099  
0.7219069658  
0.9936614306  
1.933783776  
-0.2908699497  
-1.085949325  
-0.653517562  
-1.981115487  
-0.3647859486  
-0.8858829214  
1.348218805  
-1.894955812  
-1.41065965  
0.3451900031  
-0.4954171547  
2.368019192  
-0.4056204522  
0.4071118673  
-1.001942853  
-0.08160850221  
-1.009361927  
-1.074994479  
0.1025737593  
2.142005796  
-0.4719297601  
-1.227060556  
0.1049692664  
-1.421588384  
-0.7180920863  
1.180203929  
0.4554334376  
1.561872075  
-0.3453910322  
1.992397662  
-0.04462835834  
-0.09104850457  
0.6145938022  
-0.2785874841  
0.03703127492  
0.08337405538  
0.6346136696  
1.163597403  
1.707289563  
1.412357901  
0.309214544  
1.240528357  
