1.580707856  
0.3138407642  
-1.175122241  
-0.1266282297  
-1.217350456  
-0.5179158055  
-0.2471915186  
-1.230041159  
-0.06028095594  
0.4799835637  
0.8804425947  
2.222414196  
-0.5818334672  
-1.230536279  
-0.2706754769  
-1.139824903  
-0.2210526998  
0.7321736393  
-1.874213169  
-1.722308147  
-0.7161522805  
-0.5548153793  
-0.178723351  
1.503339348  
-0.6059244523  
-0.4847321829  
-0.6888717602  
0.1951467589  
0.8977791685  
3.057303931  
-1.46120345  
-0.3363893093  
-0.9546338734  
-2.173450655  
0.8069862647  
0.1729028407  
1.635188525  
-0.2036379822  
0.0713949912  
-0.2666954825  
-1.251009896  
-0.7236404087  
-0.8473995738  
-0.4282305191  
-0.648123601  
0.0491096003  
0.6856849561  
0.2448612792  
0.1705082175  
0.1589891586  
1.734226605  
1.312258719  
0.1698943608  
1.403615387  
0.4336365964  
-1.282628424  
-1.465150017  
0.2395482495  
1.425969891  
0.878962333  
-0.4058893731  
-1.65930921  
-1.831397188  
-0.7877196435  
-0.8481230119  
0.8988529806  
-0.9266150159  
-0.893556556  
0.5294204065  
0.557713195  
-0.2405945285  
-0.7729688125  
0.3245946611  
0.3921282799  
0.4406099088  
0.3556196629  
-0.5206327137  
-0.2342702634  
-0.6342713678  
0.169060755  
2.275691864  
1.358714009  
2.283533842  
0.4482786976  
-0.6504178666  
1.135807955  
0.524757234  
0.73853241  
1.375111063  
-0.2603974889  
0.05700480967  
0.08278728436  
-0.7356166559  
-0.3602831778  
-0.205845508  
0.2366014398  
0.2751846487  
1.352724073  
0.3620232565  
0.4802221062  
-0.06343972553  
-0.3086737617  
1.238336942  
1.436100364  
0.4766346623  
-0.5344927105  
-1.375016179  
-0.06921069904  
-0.6581788826  
0.5982697085  
0.1778770977  
-0.5722143286  
-0.582486396  
0.1435727038  
1.112555755  
-0.2276671211  
-0.9152242228  
1.376175649  
0.5972715915  
0.9218842892  
0.2649402054  
-1.996402855  
-0.1486717298  
0.07647168574  
0.4926027228  
2.763162282  
1.027078127  
1.845079088  
-0.6189476372  
-1.809810281  
-0.3689789765  
-0.4360019522  
0.7016077306  
-0.2368614369  
0.4969013692  
-1.189240389  
-1.154063645  
-0.9000908762  
0.4212167296  
-1.843854874  
-1.220381781  
1.58696759  
-0.2447202294  
0.5300918316  
-1.080076778  
-2.257934677  
-0.988855749  
2.03791043  
2.70237411  
1.166769046  
1.077888224  
-1.521793476  
-0.5635661775  
0.3214143165  
0.3167078961  
0.4694967328  
0.1796713683  
1.039560723  
1.464861185  
-0.01886228241  
0.403505979  
0.5847746476  
-0.5109991647  
0.06622506143  
-1.557597279  
-0.1390099398  
0.4055662077  
0.249376517  
-1.349491532  
-0.5852317562  
-0.8284190209  
0.915641441  
1.325335091  
0.6891335627  
-1.193148269  
-1.17741478  
0.8349897461  
0.9140154902  
1.605370222  
0.2049006156  
-0.5264812018  
-0.8671676966  
-1.248861979  
-0.3263818362  
0.4099705983  
0.6498864005  
0.4079774715  
-1.222320127  
-1.195642387  
-0.8770218449  
-1.200932104  
0.3313822717  
0.1493593906  
-0.193351883  
-0.4512472725  
0.1314638903  
0.9874707296  
0.07910419344  
2.018654858  
0.6714075225  
-1.228844889  
0.1055081515  
-0.3292790864  
-0.5185854162  
-1.019012928  
0.02242740555  
-1.725147562  
-0.0795745772  
0.7576837255  
-1.365495595  
0.3449842617  
2.008354265  
0.7749713268  
0.8508691712  
0.2144127449  
-1.673453804  
-1.000265164  
-0.2803126348  
1.001297964  
0.1803728514  
-0.4970733155  
-0.4846225517  
-0.04425983906  
0.6733582282  
0.4311126878  
-1.367519635  
-1.681902502  
-0.696753681  
-1.24471944  
0.07438226685  
-0.2997896614  
0.9942983625  
-0.185022443  
-1.103436003  
0.4971356064  
-0.3656242929  
-0.6540406577  
-0.3904713974  
-1.178130514  
-0.3716934836  
-0.300612832  
-0.3639468657  
0.462164483  
-0.6521501465  
-1.230283995  
-1.550767821  
-0.9184687994  
-0.3713825783  
1.203406756  
1.917986874  
-0.3589786111  
-1.333133255  
-1.126333844  
0.4227637028  
0.7639674384  
0.7200611213  
0.9054843357  
-0.5458472294  
-0.5612843256  
0.07349370402  
0.8649842662  
-1.676818388  
-1.170657581  
-1.102007754  
-0.6832252561  
0.3584489133  
1.437477684  
-0.5445586059  
-0.9833227247  
0.9187489503  
0.2934813202  
0.08137424022  
1.997224691  
-0.2901907621  
0.2257109184  
-2.149890281  
-1.144941048  
-0.910228187  
0.5464472818  
0.8868049478  
0.3833679441  
0.6366197957  
-0.6970819357  
-0.07255757268  
0.01696696294  
1.291861358  
0.7279387521  
0.7676796469  
0.8414196979  
-0.05074244449  
0.06994939722  
-0.0882525726  
-0.4616316399  
-1.661478321  
-1.92489961  
-0.5271187312  
-0.4192305895  
1.354069973  
0.6942187676  
-0.6993647579  
-0.4395233705  
-1.076632233  
-0.1724932185  
1.464278528  
-0.08216207856  
0.1990724523  
0.9425352809  
0.227904575  
0.6880955835  
1.830330063  
2.068935085  
1.892936186  
2.606546857  
1.925474975  
0.7009676337  
-0.4646175551  
1.498163287  
0.8964253965  
1.1651782  
1.165506369  
0.3318986277  
1.691241968  
0.3716399894  
-0.1506636485  
-0.1782389206  
-0.1666504993  
-0.6961642232  
-0.5603778424  
-0.9373687053  
-0.1894704209  
0.1711487711  
0.454621146  
1.048626857  
2.364693405  
2.079911231  
1.419999373  
1.197906464  
0.4682979746  
0.7484828891  
-1.581969311  
-2.009699343  
-0.4721616878  
0.5387298544  
0.6849865431  
0.6482055779  
0.8339862035  
-1.131788654  
-0.6520440954  
0.251116279  
-0.3138557024  
0.4625649978  
-0.3013340518  
1.590236177  
0.8564319446  
-0.09989952432  
0.0484350969  
-1.527968203  
-0.5738351961  
-0.1243850111  
0.4278372419  
0.1405438822  
-0.7674021712  
-0.935332442  
-0.4799270803  
0.47339132  
0.2618784195  
0.1523529166  
0.9836839916  
-1.699598667  
-0.6820863456  
-0.3085336798  
-1.78661188  
-1.212298182  
0.4046685432  
0.3052089167  
-0.6811174496  
0.84135279  
0.5475715173  
1.071761609  
0.5799097399  
1.485875849  
1.015518895  
0.1762595665  
-0.2724297118  
-0.02529266803  
0.7013230006  
0.9089588302  
-0.8341237863  
-1.393682402  
-1.572347776  
-1.922882578  
-2.172252993  
-0.2992633398  
0.3062677225  
0.5590209333  
-0.06312245766  
0.01798449448  
-2.000924068  
-0.0306240126  
0.003037597918  
0.4070438422  
-0.3867016198  
-0.07265776026  
1.036511329  
-0.2236512141  
-1.984389006  
-1.709151705  
-1.766317599  
0.5280356877  
1.013930928  
-0.4051630988  
-1.282726069  
-1.283831894  
0.9806671615  
0.1542499234  
1.150166664  
-0.3831124858  
-0.686984756  
-0.9277506119  
1.548124037  
