1.251281344  
1.283858293  
2.435975438  
2.20086806  
0.5118812228  
-1.439642384  
-1.343624605  
0.1906110177  
1.371715511  
-0.298569201  
-0.4802542786  
-1.139382164  
-1.342631019  
0.8637908424  
-0.1488783359  
0.9347729062  
-0.001979988957  
-0.9534968685  
-0.07742273108  
0.1203129046  
1.925350176  
1.75700185  
0.1478662969  
-2.287196529  
-0.2992080202  
0.9598342047  
0.5905865997  
-0.6206109936  
-0.06753711106  
-0.6812119629  
-0.6542404065  
1.208916583  
-0.2452525137  
0.3236746372  
0.08520529808  
-0.6442266384  
-0.392651683  
-1.47711691  
-0.3106690197  
0.5429056299  
-0.4685016691  
-0.4222229805  
-1.109497098  
-1.309324207  
-1.288528695  
0.1783058559  
0.6595668552  
-0.05169682962  
-0.516652484  
-2.0720796  
-0.8508583349  
-1.52156551  
1.319677522  
0.1119363814  
-0.375088579  
1.000493624  
-0.7777273798  
0.3547873381  
0.8990659392  
-1.27183221  
0.5676808118  
0.01201213083  
-0.03024385632  
0.5581744018  
-0.04939411198  
0.5858617266  
-0.7147840455  
0.135962295  
-0.9821044434  
0.1060019787  
0.3895680419  
0.9745130423  
0.3791622539  
0.6855653164  
1.727794956  
-1.112083247  
0.6695033823  
0.2623385071  
-0.8759910662  
-0.6744259543  
0.9846513697  
0.5489459488  
0.4736576592  
-1.591485698  
-1.212398771  
0.04817921713  
0.08066608726  
2.220907133  
-0.2654216486  
-0.5907658314  
-1.066844353  
0.2885762136  
1.809723507  
0.3448634383  
-0.3684645747  
-0.7631372684  
-0.2386301859  
1.304722189  
2.097931434  
0.3059241202  
0.5717372811  
-1.757114184  
-1.535888154  
-1.278044727  
-0.9465048218  
-0.005801404254  
-0.2711796381  
-1.41139709  
-0.0933039561  
-1.539939312  
1.03025753  
-0.8478560166  
0.5939055547  
0.273605673  
0.9505340497  
1.212825003  
0.6633293448  
-0.5383443942  
0.7032278972  
0.2704093639  
0.657249917  
1.233970072  
-0.5693361357  
-1.10109306  
-1.584869584  
-0.4187808817  
0.9787820953  
-1.017745405  
-0.1803902414  
-0.05856769671  
-1.336528768  
-1.400981554  
-1.320027632  
-0.1301629352  
-0.8326400357  
0.110850519  
0.3780995641  
-0.3623963484  
-0.6391379621  
-0.5966038665  
0.2239566915  
-0.1710338044  
-0.005575458345  
1.685051649  
-0.6370529641  
0.4416119217  
-2.357432681  
0.03789074423  
1.300402469  
0.8197174754  
0.6186553032  
-0.195958089  
-0.3408935706  
-0.07016007042  
-0.956306917  
0.6068091086  
0.1275770777  
-0.09605457386  
0.04184837133  
1.934320439  
1.440777143  
2.235307907  
1.189885922  
0.6402112438  
0.4514726788  
0.4804542959  
-0.2162817324  
-0.2560449296  
-0.06627455128  
0.1172965319  
1.118188828  
0.07626087885  
-0.1405633797  
0.7815461891  
-0.2860722232  
-1.542616131  
1.055292755  
0.5227462822  
0.8725481202  
-0.7357117435  
-0.846558204  
0.5673664684  
0.8856562883  
1.210954445  
0.9578908501  
0.07932023492  
-1.206457933  
-0.6276757288  
0.8310036646  
1.203764522  
3.902518453  
-0.6919552686  
-2.414152069  
-2.248310596  
-2.447895944  
-0.2866710186  
1.169307358  
0.2559981018  
-0.2764099082  
-2.098923461  
-0.4407540946  
0.4682478063  
1.497149695  
2.030792281  
0.6684188315  
-0.9471215972  
-0.1849648566  
-0.2569846513  
1.754463287  
0.319456879  
0.07988869943  
-1.556474608  
0.9308159088  
0.9220856853  
0.7409687149  
-0.1574939569  
0.4973597624  
-1.070052391  
-1.912911362  
0.01752615883  
1.36288146  
0.5215689745  
-0.1024305273  
0.1081205893  
-1.303270236  
-0.2994179953  
0.7166793841  
-0.1048074379  
0.6385617092  
1.473166654  
-0.8654915468  
0.703045916  
1.427482172  
0.5119043001  
-0.3608492414  
0.05073123118  
-1.059465284  
0.2488777735  
0.5146422643  
0.3287022552  
-0.7402810697  
-0.1297953538  
-1.071618652  
-1.292926072  
-1.125987855  
1.645023867  
-0.615310524  
-0.1449505107  
1.027449359  
-0.5819452208  
-1.127089415  
-0.9816644223  
-0.8974743189  
0.5767241476  
-0.3302968098  
-0.9833754181  
-0.4769582156  
-1.34911573  
0.4728336644  
0.4568954287  
0.1280813274  
0.3303331947  
-0.7852681968  
0.1482510594  
-0.3862088952  
-0.401831069  
0.2338223763  
-0.7662687542  
-0.09717007544  
-0.5407415759  
-0.9099815803  
-0.6377116869  
-1.379735638  
-0.08886602184  
-1.470093048  
-0.05615444995  
1.523019629  
1.217139497  
-0.005005969097  
-1.781921585  
0.04189794585  
1.212115939  
-0.8706946346  
0.6996661444  
0.3576360829  
-0.245100102  
0.7080831857  
0.8121501024  
-0.0751716568  
-1.286871006  
-0.3971489723  
-0.5439328276  
-0.009768511075  
-0.3453570695  
0.7876495796  
-0.4069173588  
-0.4621269619  
0.03380824524  
0.8398249822  
-0.5402082071  
-1.152009672  
-0.7046116255  
-0.2622035752  
1.061629066  
1.347271079  
0.8081498483  
0.9483806303  
-0.9102971991  
-0.3619802343  
-0.2266592595  
0.6128772094  
-0.7033677983  
0.1927382212  
1.052303183  
1.096268621  
1.43322414  
-0.03338269946  
0.411737848  
-0.4327655687  
-0.2203149008  
0.8241952417  
0.680495945  
0.2867447722  
-1.346018739  
2.484692009  
0.8771434301  
0.8944615009  
2.15767015  
1.384134061  
1.537227072  
0.1922558743  
0.8728972563  
-2.384339864  
-1.566689287  
0.24879835  
0.3236733395  
1.286875822  
-0.1417206654  
0.6056467285  
-1.301904485  
0.7010540185  
-0.0479287563  
2.129050414  
-0.263519788  
-0.07864095995  
-2.506384495  
-1.590048588  
-1.426164875  
1.05922153  
0.00382631073  
-0.9581456107  
-2.058963774  
0.2369259441  
0.40255685  
0.4502575242  
-0.4020759104  
-0.720643628  
-0.5491788087  
-0.708565821  
0.298667974  
1.174241227  
0.005561795014  
-1.539414628  
-2.49851309  
-0.2892062119  
-1.515628569  
-0.5716931783  
-0.3666303834  
-0.3583946587  
0.2143776407  
-1.845663459  
0.1166306398  
-0.1999213105  
0.4194170884  
0.827690871  
0.1168942688  
-0.6479712103  
-0.7848617249  
-0.5245101847  
1.017124817  
1.174434433  
0.4522098052  
1.358849032  
1.058911463  
-1.847434524  
0.3978031014  
-0.1804780471  
0.8290307031  
-0.2625735502  
-0.4686077297  
-1.055158965  
-1.051336062  
-0.261179872  
0.6504385791  
0.518422078  
0.2127957189  
0.4307786919  
0.1707929616  
3.102775336  
1.310810318  
0.5058136533  
-0.3858193594  
0.7645964412  
1.36665046  
2.346544238  
1.776195683  
-0.4991625413  
-0.5905210076  
-0.3792085742  
-1.479015026  
-0.8706628717  
-0.03807637785  
-1.397802352  
-1.112876789  
-0.5654738716  
0.2143293602  
0.5491267229  
1.262989589  
-0.1302422522  
-1.131423652  
