1.612936548  
2.011966054  
2.256467145  
0.9368541548  
-1.232347495  
0.2543491135  
1.204788751  
-0.04551250395  
0.1922898217  
0.3055851898  
-0.3868663664  
0.3962418385  
-0.951195657  
-1.270731103  
-0.09615976358  
-0.5274348664  
-1.554377301  
-0.5217041286  
-0.7356733409  
0.1552559007  
-0.4484680726  
-0.2276725047  
0.5252664825  
-1.012845297  
1.773520021  
2.363859664  
-0.9134271202  
-0.8191328118  
1.957710858  
0.01473094266  
0.8563775412  
-0.4230723954  
-0.8458615924  
-1.830565232  
0.1033815081  
-0.7586237623  
-2.020883169  
0.5525729695  
-0.04926773787  
-0.259634378  
0.8442103948  
1.023267073  
-0.4857745416  
-1.932383283  
0.1540348405  
0.5955907086  
0.3289986128  
1.0964101  
-0.08733138831  
-0.5654140438  
-1.317119354  
-0.7968758517  
0.349873961  
1.206560832  
-0.6009617531  
-0.009257699565  
-0.09067364572  
-0.02546673363  
0.4196458097  
-0.06477410319  
1.189054959  
0.2344444866  
1.751493414  
1.208043772  
-0.7918428196  
0.6667698403  
-0.2695143607  
0.2585391993  
0.7375602697  
-0.4247118111  
-0.347840372  
-1.811670441  
-1.032846331  
0.2674611968  
-0.1981892177  
0.1305941838  
0.1254124472  
-0.2499694171  
-0.7650065208  
0.3560968247  
0.7494116432  
1.135352341  
0.219463069  
0.6408328388  
-0.2891480493  
0.1880202312  
0.26684786  
2.120377517  
0.6700737973  
0.293921102  
-0.2459334452  
-0.1997221265  
-0.4539964854  
-0.9384355252  
-0.2974288427  
1.460324663  
-2.22929601  
0.08789326492  
0.4804429754  
-2.880348327  
1.178855604  
0.55396685  
1.924411478  
1.754301626  
-0.0198382275  
-1.303546323  
-0.6220380041  
-0.6400651788  
0.8403755018  
1.295509313  
-0.5916665805  
0.582872428  
0.4579453106  
0.8051158207  
0.0878965925  
-0.3199585286  
2.30020033  
-1.486280437  
1.223554516  
-0.1360694723  
-0.05389819369  
0.6402862446  
-0.8046429058  
-0.5706085407  
-0.4064165663  
-0.2803528813  
-0.4536555254  
0.03352207859  
0.5072437093  
-1.975279494  
-0.2823509502  
-0.09559490635  
1.335704037  
1.078134579  
1.480422236  
0.04696008316  
-1.025453156  
0.1498816645  
2.091144781  
0.932048879  
0.616035093  
0.1321510344  
-1.06734067  
-1.884071246  
-0.3140188641  
0.1101446472  
-0.4590061021  
0.3516345218  
-1.758176145  
0.2711320051  
1.486443184  
0.5777603673  
0.2060337639  
1.604820897  
0.9691639416  
-0.4083009338  
0.2201496794  
1.260591967  
-0.6198653846  
-0.2861825723  
0.2987310752  
-0.6952484346  
-1.258587319  
-0.7725218879  
0.6464035554  
0.5621039509  
-1.386911928  
-0.5980119133  
1.295359203  
0.2465026916  
0.5993606636  
0.3219329965  
-0.3345598576  
-1.035272529  
0.6986566226  
-0.7021590419  
0.1611327022  
-1.563434852  
-0.8334623242  
-0.8312475465  
1.616242122  
-0.8203770297  
0.4079212404  
-1.167623186  
-2.349437854  
1.100564127  
-0.5960442412  
-0.4854325967  
-3.033911899  
0.4602569718  
-1.708832918  
1.311042821  
-0.1442237205  
-1.417216295  
-0.8745971143  
-0.4787788531  
0.3363168729  
0.5705092507  
-0.298001374  
0.4427344338  
-1.575430563  
-1.780773772  
-0.1058767512  
-1.372590012  
-0.6090088468  
-1.51581738  
-0.7773169981  
-0.4877339843  
-0.8134690381  
0.3853569584  
-0.1125927075  
-0.5816932645  
-0.3184400707  
0.5676030129  
0.1753362639  
-0.1103759822  
0.9929767742  
-0.2006865454  
0.5829377729  
1.015902559  
1.209871353  
0.2566144514  
0.4088201411  
0.5594634963  
-1.453287456  
-0.2187358573  
-0.3669242534  
-0.8695363864  
-0.1127825523  
-1.564164119  
-0.08057221642  
-0.5495754454  
1.117064384  
1.61742652  
-0.324311461  
-1.301151092  
0.7774069084  
-0.6813836307  
-0.1015448449  
-1.418989988  
0.8861586042  
-3.033885209  
-1.434808704  
-0.8895081186  
-1.574216791  
-0.7280786967  
-0.1992169016  
0.4226435762  
-0.7438899815  
0.4461999988  
-0.4722161007  
-0.7945207416  
0.8401712938  
0.686335599  
0.4439848692  
0.4029565246  
0.4947080084  
-0.3249057767  
0.5263714719  
1.777657125  
-1.185138936  
0.7046055393  
0.04517428455  
-0.04732142016  
-0.687083935  
0.02228252312  
1.737780835  
-0.6494167454  
0.3834935368  
-0.5669851299  
-0.07349097997  
1.364761053  
0.66978645  
-0.00379096138  
-1.14884521  
1.391761701  
-0.8139343084  
0.8499407887  
-0.4038431027  
0.3968724582  
-0.4721045014  
-1.145686318  
0.3328858437  
0.3413388851  
3.411905243  
0.788774668  
0.1254971416  
-1.445183219  
0.6212827682  
0.9791293322  
0.2729801892  
-0.1406951222  
-1.027915063  
0.3600053859  
-0.910701605  
-2.817938273  
-1.02901844  
0.06721511831  
1.091331404  
-0.107308372  
-0.2632414064  
0.05319972434  
0.7822921299  
0.2213353132  
0.5614755277  
2.12882621  
1.071207544  
-0.02620977544  
-1.200715324  
0.8032696509  
-0.06285038296  
-0.5111330288  
-1.128174465  
1.954365911  
-0.4791168301  
-0.7844060033  
-0.2019072356  
-0.2907819656  
0.04412018354  
1.396067154  
1.85003662  
2.519399835  
1.913766791  
-0.5942158971  
0.01411562395  
-0.8609993204  
1.246714181  
-0.03440749086  
1.302746599  
1.570087365  
-2.195166185  
-1.613239486  
-0.7208100689  
-0.7583943067  
-0.1373562862  
-0.2542687514  
-0.5739489172  
-0.4949923843  
-1.896966597  
0.8490391841  
-0.7349065572  
1.158684223  
0.08675860716  
0.8137343404  
1.357150903  
-0.2839919971  
1.610532065  
0.4725687663  
-0.06030875607  
0.3351732139  
0.311747827  
-1.095198572  
-1.959204053  
-0.503872042  
-1.502120597  
-2.132974906  
0.1725354  
0.1898985541  
-0.1054455911  
0.9569143479  
1.609272028  
-1.359156682  
-0.4128347031  
1.97479796  
-0.1438652044  
0.553854813  
1.198490507  
0.7301647427  
0.7389726785  
-0.6422707063  
1.972484834  
-0.1273801686  
0.3626745563  
0.8114657603  
-0.6838466132  
0.05561717951  
-0.9099290612  
1.015864931  
-0.3101316521  
-0.05376880343  
-1.074159487  
-0.5703569511  
1.576538355  
-0.9633674676  
-0.06405241449  
-0.7818919807  
0.650360833  
-0.8190686279  
-0.2121841213  
1.660204312  
1.163279698  
0.670385381  
-0.1716625957  
-0.9992174039  
0.07424690933  
-0.6767396201  
0.3666694925  
0.2066789301  
-0.5719119688  
1.342444008  
-0.6732525674  
-0.9171091766  
0.5300056455  
0.5733381091  
0.731345563  
-0.8959292832  
-1.490666516  
0.8848185317  
-0.9246296029  
-1.466600698  
-0.01011466767  
0.1580522648  
0.6023641505  
0.5418213906  
-0.09376120896  
-0.1913174767  
0.7244531852  
-1.350939037  
1.618972105  
0.5702768673  
