2.640789022  
1.025306496  
-0.433937557  
0.114015188  
-0.7367416127  
-2.029282638  
1.172830576  
0.08872985551  
-1.033427891  
1.179459217  
-0.4907677278  
0.08881830519  
0.2739237031  
-0.3673552398  
1.262896643  
2.933195162  
0.357315395  
0.5813896977  
-0.3479290809  
-1.496451301  
-0.2781172487  
-0.06683118918  
1.001338575  
-0.5873038563  
-0.2300871211  
-0.4279010669  
0.3948391127  
-0.08949969162  
-0.6142262088  
-1.502095939  
-1.067269665  
-0.390538139  
-0.8777655539  
-0.9693930931  
-0.4960124641  
-0.04378175533  
0.2971656892  
-0.1864108908  
-0.07587054461  
0.3321771618  
0.4380423843  
-0.5155479475  
1.929948082  
2.576583385  
-0.5464974657  
0.2506549278  
0.1964074234  
-1.380745508  
-1.462089967  
-1.009723218  
0.7837923515  
0.5379157407  
0.6181170444  
0.5415512503  
1.203499837  
0.9308419001  
-0.4669682673  
0.2476355341  
-0.6151888214  
0.2478520088  
-0.4941790046  
1.441663417  
-0.298948057  
0.3517586917  
-0.628081229  
-0.02270537476  
0.8167791891  
0.02061885853  
0.9678736793  
-0.982228397  
0.9585408226  
-1.869768233  
-1.390638821  
-1.032300202  
-0.8409267362  
-0.733189393  
-3.093963116  
-1.998415761  
0.4063686707  
1.165400616  
0.3191714886  
1.199059191  
-0.2392077786  
0.4840505604  
0.4575448137  
-2.284417977  
0.112690973  
-0.3471435937  
-0.3483078738  
-0.2572449935  
0.6374758571  
-0.4422156808  
0.3601506638  
1.444498715  
-0.4100610726  
-0.4338318298  
-0.4910224168  
1.244685201  
-1.006979731  
0.3975603506  
-0.2243311827  
1.533021366  
2.376907798  
-0.6359998688  
-2.20623092  
-0.3045709938  
0.6392325201  
-0.2432310655  
-1.470869617  
-1.149081921  
-1.258069109  
-0.5059218203  
-0.5710422808  
1.153433439  
0.2825407649  
-0.5576843033  
0.5410861923  
-1.253970891  
-0.342969588  
0.3050903233  
-0.2020175856  
0.2216700082  
-0.0713564848  
-0.004139668457  
2.381100089  
0.4138080596  
0.387958201  
-1.133396496  
0.002716263779  
1.08175343  
0.688964479  
0.251540143  
0.5170931346  
-1.764501116  
-0.8618464333  
-1.742565752  
-0.6783847548  
0.1392776412  
0.08987957417  
0.1860017393  
-0.1578077519  
-0.5529423249  
-0.09184273892  
0.7226169025  
-1.046998689  
-0.6612487748  
0.40403708  
-0.8469827166  
-2.318996856  
2.327182344  
-0.8160547482  
-1.010779911  
-0.5006241626  
0.3740424653  
-0.5190215243  
1.437676681  
2.352262644  
1.864910042  
0.2019305579  
0.03953154494  
0.526224153  
0.8190520003  
2.16642495  
1.75518754  
-0.6974379559  
-1.241819625  
-0.2080758794  
-0.8088565657  
0.1271307543  
1.489991818  
0.7892954163  
2.040070017  
0.04803581369  
-0.5812412099  
-0.8495675308  
0.8986365185  
-0.1080069128  
-0.3644278238  
0.7095921918  
-0.6353711463  
-2.218168423  
-0.2248853971  
1.33299392  
0.009670048525  
2.091069352  
0.3201452756  
-0.4663884166  
0.5948219486  
0.04101480052  
0.32425315  
0.7242338333  
0.2537696618  
0.531353692  
0.6380096851  
1.104175029  
0.3808538913  
-0.5329690406  
-0.07220943406  
-0.02983331438  
-0.07580781024  
0.4204530351  
-0.5404406951  
-2.693597227  
0.5060549855  
1.272381156  
0.3871066411  
-0.3290192565  
1.252837105  
1.729655407  
0.2164787325  
0.09204832552  
1.1785865  
-1.1192121  
0.382722821  
-1.005936088  
-0.3640443537  
-0.3461420706  
-1.634303988  
0.1753119735  
0.6583991585  
-0.530436267  
0.8639599938  
2.25283688  
1.559221297  
-1.070569335  
-1.360796308  
-1.217192072  
-1.89778251  
1.618835756  
0.5059944075  
-0.05982334097  
-1.632839429  
-0.1625077337  
-1.866686663  
0.3237400546  
0.5664052115  
-1.329556521  
0.03696081732  
-0.2681161292  
-0.5986933521  
-1.416420837  
0.835065506  
1.07220811  
-0.4471817278  
0.1544536254  
-0.8744952308  
0.1071917117  
1.515340503  
0.1809272547  
1.188360394  
-0.3670222526  
-1.061165176  
-0.9065729433  
-0.3261904588  
-0.3918381735  
1.106973681  
-0.4290292967  
0.3272550746  
1.362890136  
-0.07063464918  
1.04526769  
-0.6429517188  
-0.5864642404  
-0.9218819092  
-0.7870476055  
0.3250746839  
-0.4368607234  
-0.04180685745  
-0.7600046279  
-0.05572458918  
-1.197939835  
0.1361701289  
-0.8270193687  
-0.01436838973  
2.560951808  
2.439295589  
2.442048451  
0.7659932129  
-1.482010958  
-2.883813224  
0.4992057725  
0.3604616  
1.074948358  
0.3256166506  
-0.4269327405  
-1.534821207  
-0.005127830435  
0.07701613266  
-0.05946200383  
0.5074060744  
-1.50058743  
-0.9004794575  
-1.933067119  
0.5085545935  
-0.7676923142  
0.6693580893  
1.55919969  
1.22882485  
2.395745832  
0.8496844183  
0.7743965067  
-0.3336025427  
0.002627192147  
0.5754443889  
1.623596039  
-0.4308541946  
-1.263346362  
1.257655305  
-2.660546572  
0.3027334171  
1.218734634  
-1.187880038  
-1.034073162  
-0.8378130263  
-1.697022537  
-0.2507323612  
1.162969252  
1.361206696  
-0.329283494  
-0.3007551104  
-1.378745715  
-0.3295300763  
1.0057352  
0.6371003889  
-0.6123474812  
-1.415010486  
-0.03793777232  
0.3132629706  
0.4927558984  
1.673981552  
0.5115976183  
0.04147927862  
-0.1514989235  
-1.134485988  
-2.082881569  
-0.4181513675  
0.5390146492  
0.9418546074  
0.4170978384  
-0.5512656673  
-0.5215340086  
0.4113508526  
-0.354012109  
0.1566050172  
-0.04443779304  
-2.195275212  
-0.6828822487  
-0.5102967227  
1.163251566  
1.49664926  
1.233104353  
0.6117985432  
-0.6496734347  
-0.5218473713  
0.6332041873  
-0.01607651551  
-1.005752733  
-0.1789103481  
0.3551163708  
0.3307834828  
1.584024718  
0.3762238158  
1.323688659  
0.4943589566  
-0.3806687713  
0.9051604585  
0.2952508612  
0.414278742  
-1.004729422  
-0.1077945889  
0.03636878092  
-0.4608072349  
-0.4828199349  
-1.111148786  
-0.2649737117  
0.308769668  
-1.303308359  
0.02564450136  
0.1785596543  
-0.4119379363  
0.6727276694  
-0.8960785724  
-0.4770012782  
-0.2903054456  
-0.5460739117  
-1.280096175  
-1.519454823  
0.9832449083  
1.723924485  
0.9908745346  
-0.5985176685  
-1.179537378  
0.3333609741  
-0.1459117034  
-0.6076719257  
-1.285432979  
0.386785944  
0.3482901326  
-0.2332613679  
0.9629452878  
0.6332856883  
0.9358248573  
0.4807829746  
-1.09160714  
-0.4147662573  
0.2595773876  
-0.8025289177  
0.7211462465  
-0.1278052125  
-0.3421390174  
-0.6219579565  
-0.07042676251  
0.4445914891  
0.6398029401  
-0.1728263391  
1.428211863  
-0.2036116024  
-0.08750952205  
0.3403903903  
0.2666906081  
