2.327396763  
0.2481791326  
-1.549543544  
-1.756996397  
-0.9330717719  
-1.908181052  
0.02052543688  
-1.199655416  
-1.106255161  
-0.3946547063  
-2.370616622  
-1.568430181  
0.295127647  
0.6788166786  
0.5970307122  
1.054726435  
0.664576085  
-0.8962998445  
-0.06324759811  
0.2849861653  
0.4333704612  
1.580834567  
1.337957866  
-3.161995096  
-1.192652786  
-0.7054131054  
-0.4305028058  
-1.257340659  
-2.463911524  
-1.371600111  
1.660426923  
1.064262956  
1.757102579  
-1.110980759  
0.4367888096  
0.7198156454  
-1.616208656  
1.562369171  
-0.2958263247  
-0.2361549861  
-2.673547087  
0.6059890278  
0.2059823444  
0.3401300801  
1.258656051  
0.4368629612  
-0.3721212928  
-0.5702148487  
2.137745358  
0.7551816663  
0.4085329041  
0.7141712166  
-0.9332109854  
0.2974066882  
-0.6392375318  
-1.80889029  
-0.163536927  
0.1065374344  
-0.2128665827  
0.02940909916  
0.4700241516  
1.153767589  
-0.1102012532  
0.09616503743  
0.1533952652  
-1.592742916  
0.6021573776  
0.567008868  
0.2116029058  
-0.8766426351  
-1.556195235  
0.1002833871  
0.1652368047  
0.2099047594  
-0.5782442748  
0.1222964978  
0.2830264849  
1.127381354  
-0.4786937266  
-0.1988322165  
-0.254430005  
0.3329250822  
1.282774156  
0.6928602946  
0.5783426091  
0.4016892809  
-1.388176282  
0.1988624287  
-1.07225032  
0.3419643327  
-0.1755328297  
-1.945112344  
0.0009028774332  
0.06992837605  
-0.3417344868  
-0.9462420694  
0.2863449726  
-0.4907075806  
-1.175317564  
0.2942758663  
0.3785302705  
1.423932426  
-0.7966425132  
-0.1748879928  
1.377786785  
-0.1467677174  
1.088325514  
0.0626232254  
-1.620525308  
-1.191104629  
-0.2597866123  
2.348769345  
0.9447218371  
-0.09597793756  
0.829178584  
-0.384146824  
1.283103162  
-0.2117254491  
0.3909025574  
0.4365442028  
0.4591875679  
0.1506474159  
1.603288955  
0.1633658901  
0.4063804793  
-0.4714807681  
1.183722418  
0.4491387425  
-0.6791352087  
1.660211086  
-0.4226679636  
0.452918447  
-0.6201920772  
-0.1007759511  
0.4965407234  
0.07919864402  
0.446577702  
-0.6779202017  
1.413998614  
-0.9927473674  
0.1538259802  
0.8781916669  
0.4438689847  
3.316494119  
-0.3350535992  
0.108715151  
0.1959527297  
0.1324761714  
-2.11384766  
1.244570295  
0.5640392047  
0.5400333479  
0.30802412  
0.181330595  
0.5541012294  
1.214696346  
-0.5407513332  
-0.923609221  
-0.8281326647  
-1.192736482  
-0.1922833731  
-0.728847007  
-0.6937356763  
0.729640169  
-0.0114471758  
1.035469834  
2.30261421  
-0.8789802241  
-2.967141146  
0.06299056237  
-0.6421285248  
1.525062101  
0.9732139425  
-2.419345116  
0.5706023781  
-0.3980142856  
-0.367686178  
-0.1945756623  
0.8996133223  
-0.4268033757  
-0.4520756598  
0.2969615897  
0.03611957411  
-0.6168861532  
0.8624221219  
-0.0985581348  
1.159990997  
-0.4293676836  
-0.5916953636  
-0.1540262446  
0.8012697152  
0.6742844165  
1.063961394  
0.2130239673  
-0.007997500766  
0.1603957605  
0.54430572  
-1.12441777  
-0.02478525206  
-0.3745792487  
0.7680000072  
0.05940342693  
0.1796391868  
-0.5753562627  
-0.6143639978  
0.6125537056  
0.5723724532  
1.22982618  
1.12718481  
1.171286642  
0.4444532977  
-0.07782407777  
-1.175163922  
0.5922616491  
-0.3861670025  
0.1409538159  
-1.642634988  
-0.5241818952  
2.857514227  
1.218777497  
0.5056183931  
-1.665480354  
-1.760851146  
-0.5549164305  
-1.843685279  
0.2589125046  
-0.7233555422  
-0.2947893227  
0.5101187388  
-1.281004173  
-0.8614465632  
-1.739745645  
0.8436481234  
-0.5657950838  
-1.415808854  
-0.1617498505  
-0.3815015572  
1.297626399  
0.4820029271  
-0.05194969144  
1.673913186  
0.5050985628  
0.07468522381  
-1.474982573  
-0.2935363518  
0.1502052567  
-2.03484786  
0.4752543633  
1.101174125  
1.29305096  
1.733698983  
1.573432672  
0.8451793263  
0.790867078  
2.070310589  
1.53087185  
-1.83359699  
-0.1004699354  
0.05664882938  
-1.185513342  
-2.011917136  
-0.03800286335  
-0.08902976962  
1.361373191  
1.572495797  
0.991633475  
1.436461319  
0.7571369468  
2.049239983  
-0.5173640546  
0.06551682333  
0.5185658133  
-0.9600390456  
0.5975335923  
-1.325905772  
-0.3517275479  
-0.6014162501  
0.5455534112  
-1.842650759  
1.806500677  
-0.05569020433  
-0.203094754  
0.790408811  
0.08421639348  
0.2403679745  
-1.146186981  
-0.5139058132  
-1.444480268  
-0.8902625224  
-0.2923262898  
0.3069029722  
0.3328568301  
-0.1053217572  
0.1740054952  
0.2890768308  
-1.068113983  
0.6522369164  
1.096971723  
0.1393288312  
-0.7754344876  
-1.222582887  
-1.388124637  
1.075975383  
-0.07893335688  
-0.5502422048  
0.6381759995  
0.2772943208  
0.8392274323  
0.093839108  
1.600378991  
1.967375053  
0.4801500958  
2.22781039  
1.595023642  
1.096009937  
0.2611059566  
-0.5046767769  
-0.4203449373  
0.1156328464  
1.16648094  
0.5275701272  
-0.4513305994  
-0.6413674189  
0.6085776781  
0.7011617074  
-0.696985614  
-1.20715302  
-0.3888523351  
0.04774466959  
-0.05806389252  
-2.081842202  
1.271278221  
-0.527240805  
-1.697719341  
-1.517246496  
1.049550668  
0.03469764767  
0.03445916383  
0.5491085081  
0.6118950591  
0.1161844072  
0.3999000543  
0.2735030744  
-0.3810507154  
-2.180929148  
0.2146251137  
-0.477214251  
-0.5358087822  
0.6947348579  
-1.074620007  
0.6524712738  
-0.1656895699  
0.7195669373  
1.416465157  
0.3166554328  
1.941940267  
1.521910913  
0.4764953039  
-0.3392520137  
0.8262968401  
-0.4712089666  
-1.351504741  
-0.588187555  
-0.9207211408  
-0.8561919185  
-0.64406103  
0.5833033108  
1.296264209  
-0.8079814783  
-0.9275668042  
0.1574242034  
-0.1458932685  
-0.2256814595  
-0.5064080515  
0.2134570932  
-0.321077496  
-0.4021837697  
0.7861661077  
0.5335788377  
-0.3047229582  
-1.933738321  
-1.606546881  
0.259591919  
-1.023782371  
-1.408079567  
-0.5795394835  
0.7322769273  
0.1883747948  
-0.3467728015  
-1.715302263  
0.205428216  
-1.558350465  
-0.1534349795  
0.5807316467  
0.4496514802  
0.8812025106  
-0.0530912302  
-0.5097430506  
-0.02964122411  
0.3469452986  
0.02940242862  
0.06143022897  
-0.5134802078  
-0.3340380167  
1.200449155  
-0.7527148116  
-0.3207539782  
-2.059141806  
-0.7674750555  
-1.1157985  
1.794091975  
0.6926106639  
0.3896013712  
-0.3746369046  
0.1577583611  
0.477282624  
1.268591542  
-1.254501995  
-1.838564792  
0.1598991134  
