3.005901184  
-0.1650604577  
0.404031547  
0.1410852571  
-1.202485045  
0.101889142  
-0.7048693984  
0.1933609445  
-0.7055501006  
-0.9281231954  
0.6230933919  
1.270178044  
1.599240264  
-1.360914739  
0.3815869658  
-0.1661306455  
-0.6419719964  
0.3208724116  
-0.02894727356  
0.3149129224  
-1.006602253  
0.8177673424  
0.5660646741  
0.2653078951  
-0.3498980489  
-0.5554865084  
0.02342860943  
-0.3259365058  
-0.4312348039  
-0.1167728646  
0.03384209908  
0.3403337995  
0.4681517809  
-0.3181757371  
-0.4726540034  
-0.997952274  
0.4155350039  
0.2000799017  
0.2198594997  
0.3326717968  
-1.473667308  
-0.7200606222  
0.5183543831  
0.4549860496  
2.828531056  
2.634132815  
1.539335991  
0.1711239869  
-0.1967372527  
0.5081483019  
0.255200187  
-0.584534775  
-0.7136128779  
-0.8873493239  
-1.039871357  
1.589577776  
-0.6554436114  
-0.2365607266  
-0.6200908495  
-1.309631733  
-0.3300353659  
0.780492155  
0.5070028405  
1.296346503  
0.4287075025  
0.7839128762  
-1.016658338  
-0.8103932726  
0.4961165435  
1.548084801  
-1.242614391  
-1.901346234  
-1.50636823  
-1.6820767  
0.6140295694  
1.299091169  
0.7217490478  
0.3473642298  
-1.043355506  
-0.559553208  
0.8907408518  
2.489922856  
0.8563866017  
0.3239220828  
-0.3917467214  
-0.2228625492  
0.2549805725  
2.578281393  
-0.7667927317  
0.7730089816  
0.2465926319  
-1.624743934  
0.2766249206  
0.743009353  
0.6161726908  
1.121839652  
-1.016386361  
-1.314630878  
0.360828239  
-0.3071702207  
0.3891834328  
0.9254798142  
-0.1348569355  
-1.730192349  
-0.7914094923  
-0.7115867117  
-0.9961334139  
-0.7663857012  
0.5890074046  
-0.926341294  
-1.556008213  
-1.104661447  
1.283395129  
2.01895572  
0.2376048412  
-0.1466776807  
0.5135271592  
0.2438370417  
0.0008052859675  
0.3213307359  
-1.112105812  
-0.106878344  
0.5816900602  
-0.9211436785  
-0.05573720552  
0.7108764639  
-1.554374521  
-1.536904451  
-0.596749843  
-0.04548085324  
0.7691559627  
-0.6549814496  
-0.1047605658  
-0.6295171558  
-0.3946129479  
0.3543853813  
1.556232792  
-0.949287191  
-1.395244832  
-1.630442353  
-1.67600252  
-0.6274495091  
-0.5826800554  
0.5428429018  
-0.1756994598  
0.5128429671  
0.6553877369  
-0.1542263743  
-0.5602403031  
0.8477634643  
-0.6663448318  
0.3578644296  
1.071488309  
-1.508235531  
-0.4888859067  
-0.3837421782  
-0.05398345936  
-0.3067159582  
0.319531108  
1.640243558  
-1.705440998  
0.4195243774  
-0.4920992312  
1.886313832  
1.797667088  
0.8280661551  
1.976104293  
-0.6139863844  
0.7721683323  
0.5797639457  
0.7732341052  
-0.7672193475  
-0.8727551458  
0.2799722541  
0.7690365835  
0.08707961914  
-0.7462467985  
-0.8732095241  
-1.282869867  
1.154682079  
0.9832649522  
0.2357014994  
-1.874251018  
-0.7369394419  
-2.418726812  
-0.8761219067  
-0.2674771798  
-0.5377332643  
1.170713636  
0.7007323371  
0.8692540279  
-0.2981124498  
-0.3077870883  
-0.8714819417  
-0.4599631686  
-0.4786122278  
-0.9236174342  
0.7598174217  
0.06206611497  
0.5270036517  
0.5597566946  
0.2807122119  
-1.125975944  
-1.661475087  
-0.2209889526  
-1.173123813  
0.2977447616  
-0.7304063531  
0.01244575633  
0.4361647749  
0.8364890409  
-0.3822193504  
0.5895594823  
-0.2270231533  
1.295461424  
0.3605718077  
-0.4445040964  
-1.014704611  
0.2978566901  
-0.2952721941  
0.1864695472  
0.06900482906  
0.107580079  
-0.4088273988  
0.3865862206  
-0.3750490539  
0.006526070547  
-1.040880987  
-0.2895877208  
1.92434771  
-0.02467962018  
-0.8998506487  
-0.4736559934  
-0.2902239197  
-0.4304365413  
-1.107395747  
-1.083664756  
-1.390010083  
-0.04407906574  
0.6458418063  
-1.086168867  
-0.8201053077  
0.9756361426  
0.4759997584  
0.3825823643  
0.5752001152  
0.1286793826  
0.1565899574  
-0.456821825  
0.5195785898  
1.600035303  
1.461811707  
2.747132666  
0.03091475791  
-1.670685168  
-2.020880294  
-0.303756423  
0.987807813  
-1.947335911  
-0.03432871145  
-1.179160873  
0.1718103576  
-1.455373531  
-0.1644104291  
0.8070905299  
0.6900870546  
1.203959105  
0.3977145174  
0.4852325476  
-0.2520766878  
0.03508000795  
-0.3713684005  
-0.4676867799  
-0.3859946854  
-0.7118657415  
0.7933564979  
0.05747672547  
-0.1986219154  
0.0552332702  
-0.7893775224  
1.559041999  
1.169168723  
-0.8911934877  
-0.9994200577  
-1.427160861  
-1.553970584  
0.7300715542  
-0.03735554064  
-0.08839033189  
0.2718514615  
0.2457556125  
-0.3357908569  
-0.0567339291  
0.6890667549  
-1.079733176  
1.441438666  
0.7159600787  
-0.03839430464  
-0.9408387479  
-2.889062655  
-0.07945748608  
0.008659223821  
2.58092687  
2.07448387  
2.768741383  
0.2075272903  
1.496718411  
0.8660220449  
-0.1498399  
0.8518144021  
-0.07482784806  
0.2310996167  
0.9955888906  
0.2339360591  
1.080636731  
0.4345164701  
0.3195534317  
-0.5553707877  
0.8406876663  
-1.506986524  
0.7559720716  
-1.305754601  
-0.706246861  
2.385550989  
-0.9456051693  
-0.6847130497  
0.8908713197  
-0.5764233015  
-1.187232499  
-0.09337416198  
1.040817575  
-1.040544965  
-0.1016937268  
1.599189476  
0.2882005935  
0.02596297887  
2.62499378  
-0.648469372  
-0.73796703  
1.264178483  
0.3445078383  
-1.189637602  
1.242885958  
0.8688338443  
0.5929680646  
-0.07692448428  
2.137760695  
0.4862036927  
-1.290164127  
1.424389419  
1.130372922  
0.5873218819  
1.377867441  
-2.394708627  
1.367526115  
0.9596591511  
0.1049558688  
1.047747016  
1.139788883  
0.6242687181  
0.3278127278  
-1.523388623  
-0.6601548922  
-0.5465973939  
-0.4907579061  
0.4672213457  
-0.1258897621  
-0.7311391679  
0.4202051911  
-0.5866268763  
-2.932808395  
-0.5488082923  
-0.3443511542  
0.5430912677  
1.35423971  
0.2950597518  
0.2041082305  
-1.38760946  
-0.2766791843  
0.278811834  
-0.3073617218  
0.1533167956  
-0.04462323469  
-0.5639264135  
0.2088810454  
0.1433146655  
0.9694584405  
0.9885834873  
0.5740484936  
-1.031101438  
-0.8823214257  
-0.1729674844  
1.183730325  
1.669616706  
0.7421241282  
-0.4732005189  
-1.952228368  
0.7566512587  
-0.1588948227  
-0.7523672726  
0.6022746743  
1.058823593  
-0.8470663414  
-1.902064214  
0.3509746481  
-0.03562715932  
-1.113885748  
2.99740638  
0.4945373789  
0.1106705501  
-0.7542960188  
-1.857741925  
-0.5106538197  
-2.610870848  
-1.335707663  
-1.119182929  
-0.9710248163  
0.114985059  
0.403051715  
-0.06022176185  
