2.073752039  
-0.1112305213  
-0.9152826694  
1.805885731  
-0.6623168395  
-2.131085552  
1.236997547  
-0.02497452722  
-3.105562356  
0.2424711889  
0.4840613655  
1.59828001  
0.9337512784  
0.6856588953  
-0.1195489729  
-0.5212828053  
-0.0007792222974  
0.4782372927  
0.4174292668  
-0.1934806858  
-0.9522521573  
1.593113131  
0.9918598667  
2.147731421  
-0.3970899396  
-1.541883579  
-0.2278101136  
0.05306355584  
-0.2170398973  
-0.3442263694  
0.4450978702  
-1.522501634  
-1.080217286  
-0.03457644406  
0.9491188527  
0.5073921966  
1.034449471  
-1.439808638  
-1.741660143  
-1.086809765  
1.124441568  
-0.4425780999  
0.2885022204  
-2.23575566  
0.4463052223  
0.6239044187  
-1.479560325  
0.4060871687  
-0.4718361045  
-1.342131937  
1.116695331  
0.4966758096  
0.7064970602  
-0.4308198854  
-0.3601208093  
-0.6825502062  
0.4638973457  
-0.1806750936  
0.9326099811  
-0.2805265808  
0.6210539052  
-1.2301716  
-0.6496833646  
1.22594954  
0.08469990574  
-0.333815313  
-1.739795468  
-1.153760422  
-1.664648644  
0.4791899849  
0.9122505461  
-0.141401705  
2.489205599  
1.871598288  
-0.5065160295  
0.07785381314  
1.101602787  
1.121625862  
-0.9721897653  
0.3732191422  
-1.20568544  
-1.142211576  
-0.5868162934  
0.8655462516  
0.5803084358  
-0.5894796132  
-1.729761558  
-1.866427046  
-1.446326242  
-0.6659892286  
0.2021367219  
1.111139578  
0.4510247857  
-0.8386242314  
-0.3350165113  
1.053316671  
0.7487940119  
0.1820309638  
0.01621705084  
-2.097379747  
-0.8452940499  
1.200574381  
0.6004161795  
-1.417185428  
-0.412558823  
0.416689549  
-0.7019011542  
-0.2047727356  
0.5203681325  
-0.5438333795  
-1.290145955  
-0.899148555  
-0.1627356248  
0.3733416172  
-1.125386149  
-2.050585896  
-0.2117787046  
-0.182652474  
0.9830313861  
0.4164593304  
-0.416832893  
-0.07745358857  
0.2360929546  
-1.59071733  
0.282567744  
0.4784774914  
-0.3189112958  
1.250867672  
1.145315057  
-0.9468697972  
0.06578887384  
0.04047002138  
0.8735416728  
-1.048064872  
0.4607764928  
-0.04695871463  
0.7958332029  
-0.6360060362  
1.812655393  
-1.322427903  
-0.2861014416  
0.1539981544  
-1.186278449  
0.7533886317  
1.106593002  
-0.3772033182  
-0.268644646  
-0.4079288771  
0.2112941938  
-0.8264916933  
0.4728557569  
1.334499055  
-0.3758163815  
-0.445766829  
-1.68792072  
-0.6129939704  
-0.1225294642  
-0.9036165559  
-1.304181171  
-1.637513167  
-0.6784323702  
0.9868584406  
1.93297392  
2.293786128  
0.8922250119  
-0.5771044363  
-0.1139155168  
0.4803946617  
0.732715685  
-0.7426370313  
-0.9307351585  
-0.115328654  
0.2683485762  
0.7161297268  
1.967820144  
0.1622764753  
-0.2652448674  
0.6005531786  
1.383642013  
-0.6886070077  
2.205592336  
-0.1795763786  
-0.3574208034  
0.947313991  
-1.181013441  
-0.9049728743  
1.569840476  
-0.8747074514  
-0.08421743584  
2.060719088  
3.174297732  
-1.06166408  
-0.3497817908  
0.3319760174  
-1.087113336  
0.06799095291  
1.756857884  
-0.4380912555  
1.492697192  
-0.3455010428  
-0.0879635786  
1.368863103  
0.4974298414  
0.9375471932  
-0.1350726658  
-0.6248563898  
0.1788530661  
0.3677176232  
-0.4466036768  
0.8262154018  
1.600515025  
-0.283282022  
-0.6890388353  
0.1398904721  
0.4989447165  
-0.02601059943  
-0.5270233509  
-0.4514908045  
-0.5063488727  
-1.292140596  
-1.14982008  
-0.3138055849  
1.630649696  
0.2397871888  
1.55966997  
-0.2901972018  
-0.6267821699  
0.7274659133  
-0.7819995563  
1.563820541  
0.01837709992  
-0.9195695244  
0.04757869784  
1.236505497  
0.07846155306  
-0.7161870817  
-0.2215146074  
1.790833448  
-0.653808278  
0.3639290932  
1.189600484  
-0.6883413109  
0.5874985849  
2.409603835  
1.519231344  
0.6099513504  
0.1860267064  
0.6034890342  
0.6675880665  
0.5743753479  
-0.509397245  
-0.01669385275  
0.3914702531  
-1.11312882  
3.140470402  
0.83095072  
-0.5342942674  
0.3970720265  
-1.875316029  
0.7674557132  
1.015939493  
-0.7816100731  
1.476811222  
0.4531990427  
-1.00661316  
0.3931714208  
1.09230926  
0.8759649082  
-0.2361894617  
-1.243680825  
-1.833948936  
-1.324228256  
0.02995680391  
0.717300237  
1.444455463  
0.6198320399  
0.4270317792  
0.7585003628  
0.2339592452  
1.990537002  
0.2627205693  
-0.2297071859  
-0.2418763903  
-0.8211502735  
1.323298453  
1.323266551  
2.198928047  
-0.2933754133  
0.05679211723  
-2.180692188  
-1.974016002  
-0.1383827462  
-0.4582531436  
2.755719112  
-0.7346086907  
-1.095083057  
-0.6591138331  
-0.07835595325  
0.5570476994  
1.024254016  
1.67526796  
-1.194853199  
-1.070251826  
0.9276629468  
0.02109350143  
0.005326440702  
1.438432876  
-0.266360261  
-1.092429925  
-0.4497067185  
-0.1482173173  
0.001148482457  
0.01764860261  
-1.648906095  
0.132073298  
-0.355828194  
-0.2359673718  
-0.3708559056  
-0.2150486797  
-0.6940470157  
0.2998630459  
-0.002007948811  
-0.05374339719  
-0.4728224886  
0.671059562  
-0.3528712408  
2.376307765  
-1.085261797  
-0.9033961845  
-1.593576428  
-0.7558655224  
-0.6590287885  
-0.01959199407  
0.4466528543  
-0.6652866674  
-0.1344886731  
-0.1391746567  
-1.635014942  
0.3061422146  
0.3968788692  
-0.9545748406  
-0.7746665416  
0.2456101874  
-1.42218718  
0.9680966838  
-1.144066071  
-0.2236311627  
-0.3735256005  
0.4987594631  
-1.042238589  
-0.6428681416  
-1.510192329  
-0.3836471444  
-1.01646371  
0.4698108695  
1.929978635  
-0.1275331203  
-1.563617479  
-1.089868843  
-1.968383919  
0.4822713224  
-0.1232411789  
-0.4407399501  
0.3639037959  
0.6882932103  
0.02044995926  
0.54720404  
-0.3485823304  
0.09336208819  
-1.462853516  
0.5149911856  
-0.2371742961  
-0.03085531295  
0.3677859803  
-0.353325711  
-0.4375583108  
0.4256495825  
1.24904288  
0.4547820622  
0.004123481817  
-0.7425022175  
-2.415364869  
1.139531374  
-1.058862903  
-0.004544536594  
-1.044426387  
-0.243569543  
-0.400423887  
-0.605316467  
0.08413149319  
-0.3065407314  
0.4647207564  
-1.590266772  
-1.052925903  
-0.1756693667  
-0.2146381142  
1.158584977  
-1.373045637  
-1.454108206  
1.502745119  
0.7884171468  
1.133457266  
-0.4154508532  
0.05774494335  
0.5963472551  
2.061365927  
0.4644139951  
0.32218838  
-0.3377567681  
-1.305768524  
1.128738735  
1.282281591  
0.7199555368  
0.4295028949  
-0.4345260945  
0.5496724163  
1.116844991  
-0.347900653  
-0.3735603307  
0.157298439  
