-0.2927378119  
1.42678761  
-0.04035644923  
-1.356667421  
-0.9795585268  
0.1090826908  
0.2324185853  
-1.733539763  
-1.268307497  
0.1561107976  
-1.78713054  
-1.849245475  
-0.8032087692  
-0.7185082257  
0.1574216585  
0.9428032673  
-1.059214894  
0.6373290048  
0.8221810006  
-1.317291117  
-0.1196866148  
0.1978183747  
-0.6696648219  
-0.02708237372  
-0.8522136193  
-0.9734404937  
-0.7063895091  
-1.418082786  
-1.625308174  
-0.7093621183  
1.496172729  
1.127151457  
1.580784294  
0.3579162468  
-0.5158581116  
0.5078042542  
-0.6401235455  
-2.000180764  
-0.2599666306  
2.229339624  
0.03957439067  
0.3609408472  
-0.3755549556  
-1.076593845  
-0.3360639739  
2.854095003  
0.1241155655  
1.187176502  
-0.4343202739  
-1.301845145  
-0.1461298541  
0.1939469474  
0.07022533189  
0.1169118328  
0.5016169516  
-1.511548957  
-1.026663029  
0.4483296845  
-0.2216770889  
0.6733534315  
1.447329427  
1.01867714  
-0.3445730586  
-0.0404901629  
1.566512471  
-0.4899425215  
-1.288991812  
-1.160694187  
-1.172091434  
1.089655091  
0.1000867336  
-0.5118979382  
-0.9623687512  
0.3758074236  
1.573479517  
1.196627185  
-1.046814806  
-0.02452822795  
0.8337328048  
1.37835839  
-1.204112105  
0.5126544212  
-0.294255361  
-0.7656386062  
0.8827736713  
0.6561759638  
-0.06349549407  
-0.4616758606  
0.006190540202  
0.3923045305  
-0.8783657919  
0.3779880262  
-0.4433407665  
1.088049034  
0.007123713578  
-0.06927535852  
1.721208373  
0.2676166478  
0.7138056034  
1.076179998  
-0.7768988799  
-0.181263525  
0.4706836798  
0.7716114756  
0.246045261  
-0.3772960125  
-0.2491854496  
-0.1579741532  
-0.2432618886  
-1.345974409  
-0.627936546  
0.5752391613  
0.8353775063  
-1.728818305  
0.3746513407  
-1.52083915  
-0.8501145422  
-1.217136762  
-0.1209272366  
0.8084651575  
-0.5294727216  
-2.307186249  
-1.265735506  
-1.127805825  
-1.953313495  
-1.740684859  
0.4505160006  
-0.3145897143  
-0.2992926487  
2.964865568  
1.258484707  
0.4007462905  
0.7050063117  
-0.00479071393  
0.3362874549  
-1.606665474  
-1.101081507  
-0.9891365451  
-1.650792211  
1.286409124  
-0.0423238957  
-0.907716913  
-0.8303231753  
-0.5195145111  
0.2010095448  
-0.06045122422  
0.4741353919  
1.120265518  
1.085743202  
0.7882078564  
-0.04720503714  
-0.6703112203  
-1.829862933  
0.325951779  
-0.2647260685  
0.4488633055  
0.4805983438  
0.1661823387  
-0.8237403642  
-0.5589802641  
0.4537242582  
2.7877883  
0.7065335822  
1.404727991  
1.039167703  
0.6749710445  
-0.5996451992  
1.060943727  
-1.174019902  
1.030955397  
1.657202244  
1.80659329  
-0.01169379271  
0.5906945611  
0.01036736786  
2.089100643  
0.6202785372  
-0.4545703692  
-1.240376008  
0.6491677614  
-0.1839267486  
0.810958458  
0.8215098865  
-0.5496522326  
-1.017522279  
-0.06526211396  
-0.6730273776  
-0.7211764558  
1.152754791  
0.430219317  
0.5610350775  
0.8822790384  
-0.2526017063  
1.256463869  
2.049195003  
1.355704919  
2.059113568  
0.2511479201  
2.018766474  
0.8305761208  
-0.8932323579  
-1.536831352  
-1.464134233  
0.660411801  
0.07133865038  
1.045155663  
-2.165915333  
-1.07176984  
0.8434640691  
-0.08275107968  
0.741842923  
0.9169779096  
0.2645421382  
-0.3025094093  
-0.503432339  
1.728562713  
1.260042891  
0.2560466763  
1.225812029  
1.070945048  
1.114987545  
-0.7355338288  
-0.04795733208  
-0.5337509372  
-0.444790395  
1.023843254  
1.01519815  
-0.1902629135  
0.4519919949  
1.425279961  
0.6073744711  
1.118984807  
0.3373741648  
-1.655738821  
-1.415342492  
-1.673360783  
0.2839752606  
-0.3925987433  
0.1980453423  
0.2758779774  
-1.095593824  
-0.3573325916  
-0.05832043128  
-0.8449295713  
-0.4906546995  
0.2625914227  
0.8965014361  
1.984369296  
1.732154568  
1.365330796  
-0.3752645615  
-0.5578459728  
0.219996469  
-0.8613804009  
0.5085639007  
-0.6708139991  
0.6742393059  
0.6407478722  
-1.467525163  
0.5177893005  
0.05716284209  
0.7715153226  
-0.8688426586  
-1.261592039  
0.4811723831  
1.369617573  
0.5231746645  
0.9560023933  
-0.3129166389  
0.2575274646  
0.3443688186  
2.088473012  
0.1192941509  
0.1274205198  
0.5455058605  
-0.2806180953  
-0.2415600048  
1.143611814  
0.3832414374  
-1.154715469  
-0.5985077415  
-0.6615823147  
-2.393084791  
-1.748005241  
-1.100788436  
0.2848790668  
-0.2277963469  
0.1690030544  
0.7574862592  
-1.588011015  
-0.0416704076  
1.020419267  
0.2162523228  
1.534075165  
-0.2844593055  
-0.1583182993  
0.4416993514  
-0.07869794336  
1.021484313  
0.3845485777  
0.326810134  
-0.698119801  
-0.960948237  
-0.5606539336  
0.02304783713  
-0.6996581371  
-0.07269271853  
-1.340026647  
1.267380231  
-0.1608738573  
-0.3368997805  
-0.8163343367  
-0.04516385348  
0.723474925  
1.020134745  
0.2188376278  
0.0059487715  
-0.1862351738  
0.5613598353  
1.916820738  
2.213106834  
-1.281743786  
-2.150813664  
-2.149326437  
-2.701312886  
-1.321088773  
-0.1146929192  
1.528604977  
1.645032698  
-0.05858872343  
-0.5714678589  
0.492561363  
-0.7142739988  
1.364908  
-0.05921940144  
0.4556335495  
0.8465968743  
0.2118344117  
1.105000999  
-0.7472095823  
0.5892583612  
0.5615497209  
-0.9901332199  
-0.4498048149  
0.7083599427  
2.216861268  
0.9078323395  
-0.05681701701  
-0.2688288619  
-0.4674537127  
-0.05155225664  
-0.1531065192  
0.9500445714  
-2.203538489  
-1.566536388  
-1.273814192  
-0.3498202508  
0.05458116373  
1.854584969  
-0.300291451  
-0.5345170254  
0.1718429977  
1.13739055  
0.7069578274  
-0.1624706314  
0.4715629601  
1.249563685  
0.2943726758  
1.110964491  
-0.8242570033  
-0.4447972236  
-0.4829509785  
-0.4086887185  
0.2236960149  
0.1711964836  
0.7033905521  
-0.4433906031  
-1.480059563  
0.0964540457  
0.274784876  
-0.2366145358  
0.2225472149  
0.5229030866  
-1.285201372  
0.9691497287  
-0.547952588  
-0.9264165297  
-0.8171679617  
-1.607932928  
0.420790745  
0.2379743899  
-1.193567561  
-0.8222059126  
-2.728911001  
0.1650408997  
0.7987525946  
1.159498991  
2.095807994  
0.2390893307  
-1.394544947  
-0.8463535473  
-0.116170149  
0.0641954247  
0.3417302162  
0.6169451503  
-1.822668546  
0.874265778  
-1.04787137  
-0.8167931714  
0.4009815623  
-0.6407555092  
-0.7682700716  
0.8873218169  
1.373959405  
-1.015880193  
-1.289198657  
-1.681604002  
-0.08693560894  
-0.3696720123  
-1.206144477  
