2.187074494  
1.478754046  
2.041902316  
0.3008887883  
0.09135540978  
-2.229552286  
0.4404154746  
0.8507749471  
0.3045705934  
-0.432449521  
-0.8854325919  
-0.574389799  
0.3407475467  
0.1637655839  
-0.8581786085  
-0.5823321073  
-1.324496098  
0.4837494181  
-0.04091258616  
0.8138474924  
0.4001791142  
0.8816385025  
-0.7537601134  
-0.9327557113  
-0.9471673073  
-0.7682538709  
0.9791965277  
-0.3513969768  
-1.014214304  
-0.1045234433  
0.05162074933  
-0.2518071887  
-0.09522655158  
1.317536671  
0.42162592  
-0.471852551  
-0.3858793419  
-1.04572656  
1.07574659  
-1.716116455  
-0.8409617179  
-0.2977846327  
-1.401809508  
-2.249353936  
-0.7826143724  
0.7342523008  
0.2562175559  
0.4588987168  
-0.9619563932  
-1.385790705  
-0.125023581  
1.005152227  
0.3209193643  
0.4257706104  
0.6135340029  
-1.114057455  
-1.277987818  
-0.7525547962  
-1.01056136  
0.1030079772  
0.1364915091  
-0.1751260382  
-0.4120451634  
-0.4233231306  
-0.6085490876  
-3.273947159  
-0.429330104  
0.7588490556  
-0.6164186695  
-1.223109951  
-0.01209063587  
-0.623874031  
1.33060879  
1.075000891  
1.398869886  
-0.5171072783  
-1.620326202  
-0.4820772993  
-0.06408996022  
0.2712303033  
1.068259471  
1.707109848  
1.415181212  
0.2160187087  
-0.8349137679  
0.1267646014  
0.3841764047  
0.4936913609  
-1.051112996  
-0.9506557729  
-0.6605220288  
-0.329115468  
-2.0004817  
-0.81765471  
-0.4860794087  
0.6679093095  
1.74199278  
-0.80121301  
-1.665585495  
-1.79262507  
-2.693911621  
-2.314453077  
-0.02400950484  
-0.6480963339  
-1.678137374  
-0.3586802518  
-0.3818050774  
-0.3432080742  
1.206869506  
0.8032373658  
1.252572809  
2.75954834  
-0.2142738343  
-0.2193322718  
-0.9807541509  
-0.03457174758  
-0.8361443443  
0.448748389  
-0.2191047225  
-1.510400059  
-0.3161850741  
1.298021539  
0.5764590207  
-0.2050062172  
0.7534049871  
0.2346520009  
-0.5235905475  
-1.150703765  
-0.3674570908  
0.4976113295  
2.046929444  
0.726264029  
0.7016449167  
0.1815190411  
0.7004387495  
-0.232366602  
2.462217768  
0.6690054053  
1.779810389  
0.9398110335  
0.268438645  
-1.431602746  
-0.6707231615  
-0.2151445221  
-0.5136253772  
0.4731180439  
-0.6769169535  
-1.035692876  
-0.7366176723  
0.4645472335  
0.01073136137  
0.9535139341  
2.721623221  
2.628098358  
-0.3158468624  
0.7081988519  
-1.942923198  
-0.7157629339  
1.619858468  
0.9045549149  
-0.9284647447  
-1.032413089  
0.2866092874  
-0.148242956  
-0.09190258896  
0.3341538591  
0.7602716767  
0.9604227559  
0.9331388104  
1.214807748  
1.176279984  
-0.02701834922  
1.081196347  
-0.3279512333  
-0.2182519337  
1.075051687  
0.2001990783  
1.923103345  
2.430722543  
1.794581807  
0.6505396267  
1.085764743  
0.8087101638  
0.7089139838  
0.3933574425  
-1.039149946  
-1.247399167  
-1.115654003  
0.005476207956  
1.168771586  
-1.046473977  
0.1999971156  
-0.1146449784  
0.7869708592  
1.226735939  
0.1500286908  
-1.006913587  
-0.4772407776  
-0.169142636  
-0.1037357811  
0.2632692171  
0.0768373869  
-0.1860387039  
0.3830111637  
0.2787277133  
1.218664156  
0.5010446809  
0.9296116879  
0.4532687731  
-0.4305447895  
-0.05457302063  
-0.1817249215  
1.511770824  
-1.404253688  
-0.8785275012  
-0.80450083  
0.5325164877  
0.4544058237  
0.9393418153  
-0.5682598004  
0.3208116809  
0.5039274095  
2.272869762  
1.172777175  
1.427729449  
1.381725725  
-0.3366232042  
0.2659108508  
-0.4924882424  
0.495226074  
0.8471766882  
0.9480450931  
0.9727423012  
-1.147601864  
1.028065183  
0.9034009891  
0.3094713251  
0.9157816249  
1.390624319  
-0.4708312355  
-0.683234748  
-1.428377439  
-0.937437163  
-0.5359138114  
0.4584447815  
-0.1533423416  
-0.6907678469  
0.1117909527  
0.5901680255  
-0.3816249337  
0.451682716  
1.30821172  
-0.2536847239  
-1.590595974  
0.6288887754  
0.3722289534  
0.977927014  
1.622878505  
-1.554110515  
-0.2707948582  
0.9480879687  
0.5744169987  
0.07664027111  
0.3295261396  
0.1473491599  
0.2558259323  
-0.9995787899  
-0.3916450557  
-1.839953471  
-0.5798601962  
-0.6096742444  
-0.09132132858  
-2.029638412  
-1.309590348  
-1.591471622  
-0.278843222  
0.2810906495  
-0.4706476601  
-1.033021038  
-1.105550712  
0.8390938896  
0.8932195484  
0.257349525  
0.7929026119  
0.08681456714  
0.304366473  
-2.56367134  
0.07095198559  
-0.06780726796  
0.697064546  
-0.8103333519  
-1.027611456  
0.3622710624  
0.593506249  
0.05066421476  
-0.6192429736  
-0.9374773178  
0.5541828689  
-1.0273981  
0.9349754292  
-0.1902092226  
-0.2585879153  
-0.2665700147  
-1.175600011  
-0.3768096318  
1.124970876  
-1.041976458  
0.9207331035  
0.4433946553  
0.4135791677  
1.289582199  
1.002447752  
-1.689199606  
-0.343750573  
-0.1991119733  
1.752763294  
1.727300566  
-0.4574425471  
-0.5879748836  
-0.7457765713  
-0.01888087931  
1.053584647  
0.1782684167  
1.787778487  
-0.7628230072  
-0.3172508265  
-0.3248965284  
-1.729013848  
-1.538988377  
-0.8310043476  
-1.311306777  
0.5287754339  
-1.180930682  
2.052993634  
2.322067564  
-0.9494309195  
1.600334488  
-0.4189370835  
-1.3061591  
-0.1184907891  
0.4729609521  
0.4138441405  
0.9602761893  
-1.695151123  
0.1008446792  
-1.054911836  
-0.2445080862  
0.7516147383  
1.746026358  
1.291002358  
0.2019389635  
1.00128207  
1.041373601  
-0.5958431067  
-0.196209153  
0.3722589179  
0.7865254476  
1.639377255  
0.5246697023  
0.4245517127  
-0.5945800633  
-0.5486544846  
1.275712508  
-0.4744284805  
1.87447372  
0.4982516531  
-0.2633202777  
-1.908574102  
-1.256070508  
0.2860988407  
0.8986977316  
1.284487727  
-0.03713861492  
0.06541998402  
0.7308967178  
1.100458113  
-1.181161904  
-1.082553632  
-0.3243554343  
-0.401953196  
0.2534783812  
0.798436277  
-0.3401681929  
0.2058169139  
-0.4348056506  
-0.006752831303  
-0.7159134026  
-0.3705147181  
-0.7354521659  
-0.3952787137  
-0.3749477115  
0.818066931  
1.147910994  
-0.1679208687  
-0.6811328909  
0.006518504764  
-0.2794824754  
-0.8486628111  
-0.6983020522  
-1.413624449  
-0.8247553648  
0.8331586188  
0.4478717139  
3.017049327  
-0.6226602509  
-1.36704844  
-0.6952326947  
-0.7878824448  
-2.15812585  
0.2031858792  
-0.963740228  
0.7793217606  
-0.1514490021  
-1.439779402  
-0.3430285501  
-1.510572661  
-1.132377178  
-0.9852296352  
-1.073786219  
0.5729936371  
