-0.1231964742  
0.2598939223  
1.540758004  
-1.234710399  
-0.9569169489  
1.603832703  
-1.331951982  
-0.8102256083  
1.974863884  
-1.369996641  
-0.6976319012  
1.56758773  
-1.198841735  
-1.148391442  
1.267556879  
-1.033143081  
1.227309224  
0.7757932552  
-0.8395753884  
0.2463931085  
0.3403848559  
-0.6151846568  
-0.8354582445  
-0.6331911442  
0.6828657215  
-0.9145658198  
-0.5066475153  
-0.05625495139  
-1.084926291  
1.425355384  
-0.8538814757  
-1.803286111  
1.012993449  
-0.5564463796  
0.4689858733  
-0.956278683  
0.0961594692  
0.0680527879  
-0.3459345654  
-0.2306004528  
0.1341776256  
0.780646355  
-0.5606821885  
-0.4534288571  
1.225944805  
-0.6788679864  
0.4476637526  
0.6576306742  
-2.100514504  
-0.6970947005  
-0.6038555523  
0.4009304803  
-0.7305728194  
1.92682786  
-1.037118984  
-0.9298861025  
0.7967209449  
-1.222165163  
-0.3182925143  
-0.9246866188  
0.5892231808  
-1.408933248  
1.11673647  
0.9079794845  
-0.6703982305  
-0.0770363388  
-0.3203371363  
0.597729528  
-0.6107323872  
-0.5925925736  
0.2576681671  
-0.6157110842  
3.06861868  
-0.6969568909  
-0.5215933247  
0.6448697533  
0.204639214  
-1.736440442  
-0.3369876967  
-0.3692002452  
0.6151067494  
-0.8344537688  
2.658623913  
-0.3931735181  
0.1967621874  
2.286915127  
-1.103999622  
1.134985052  
0.7905992364  
-1.087922508  
-0.1021005131  
-0.4489244019  
1.705810082  
-1.003730669  
-0.8795963315  
0.7859700141  
-1.069175747  
1.521998264  
0.004874869902  
-0.6112353879  
0.3158974857  
0.2295189858  
1.059914396  
-0.6588665773  
-0.4980367445  
0.244133823  
-0.8140023652  
1.849854756  
-0.5974146897  
-1.298598188  
0.1163704816  
-0.144589082  
0.9850140923  
-0.6952182452  
-0.4183354097  
0.5167709592  
-0.8701882327  
2.357485601  
-0.1861018416  
-0.5620885888  
1.994807194  
-0.5521871593  
0.9003191266  
-0.2894702586  
-0.2947840386  
0.0988285188  
-0.8230009146  
2.893262729  
-0.2936281932  
-0.7721629996  
0.1623235269  
0.6244930841  
1.460775343  
-0.6711192302  
-0.5790440777  
1.600998702  
-0.7957302052  
0.8086758527  
0.5512498241  
0.9931000238  
-0.7523981357  
-0.7656917977  
0.001970482852  
-0.6284052336  
2.060389955  
-0.6326988083  
-0.7504192067  
1.914168101  
-0.8264010388  
0.3108724915  
0.6461475561  
-1.430679037  
-0.2106808543  
-0.9036349428  
1.785952158  
-0.6057193225  
-0.6740510435  
2.195131504  
-0.874253638  
0.4853491829  
0.7865046092  
-0.8847324396  
-0.1971108875  
-1.034875556  
1.911791466  
-0.3559006654  
-0.2487859753  
1.025700355  
-0.517260834  
0.4409430008  
-0.3717903545  
-1.104481044  
-0.8230502796  
-0.8851552236  
1.88789851  
-1.034740778  
-1.556012811  
1.847969186  
-0.7390819974  
0.3996226632  
-0.09081046261  
1.394488831  
-0.2513435327  
-0.2989178646  
0.2631157164  
-0.7911729891  
2.377882068  
-0.5508210813  
-0.3825057853  
1.514136988  
-0.7875031262  
0.1202292696  
-0.680559532  
-0.9597742879  
-0.7168858953  
-0.3854640672  
2.653866653  
-0.2393183423  
0.1807577121  
2.3377386  
-0.9286500458  
-0.2134843674  
0.3055859175  
-0.8568727009  
-0.03452680803  
-0.5188843029  
2.061200163  
-0.4597955745  
-0.121202629  
1.090525866  
-0.7073036429  
-2.057629441  
-0.6471346445  
-0.6747980181  
1.543850356  
-0.6038241167  
-0.2522698154  
0.9654581938  
-0.7245427979  
1.381682649  
-0.6660659684  
-0.5949284705  
-0.7292881418  
-0.1877588077  
1.195711695  
-0.6969757016  
-0.3769723248  
1.713120688  
-0.9939962113  
0.1486754929  
1.431588815  
-0.5842748986  
0.3556573909  
-0.0118271201  
-0.7993514964  
-0.5472755562  
-0.8015977757  
1.901981296  
-0.8257274745  
-0.2165551404  
2.105133524  
-1.216605932  
0.7280175249  
1.112132483  
-0.8925803497  
-0.4386927661  
-0.6368834803  
0.7990376255  
-0.8736994818  
-0.2172144514  
1.642268678  
-0.7129369009  
0.3522838936  
0.5252611323  
-0.7763661068  
-0.9798492366  
-0.7584372521  
0.371167574  
-0.371739475  
-1.472807053  
1.808838067  
-0.2645499223  
0.4387672591  
0.7896666012  
0.49317741  
-0.1361762682  
-0.04124836396  
0.4257319435  
-0.1882551495  
1.480510784  
-0.118748728  
-1.454595118  
0.5034264536  
-0.6730494669  
-0.09746527836  
-0.4639897887  
0.2108550252  
-0.4502024123  
0.1350590286  
1.841205365  
-0.8963966407  
0.08955576916  
0.5614697284  
-0.5440271908  
-0.04164896541  
-0.4776164068  
1.346833703  
-1.082524405  
-0.5256919231  
1.399386221  
-0.9256266132  
0.2963755259  
0.279566904  
-0.7102394498  
-0.6683771898  
-0.8388464726  
0.7570060078  
-0.9476278982  
-1.56205879  
1.008524046  
-0.4966974251  
0.05991186029  
-0.2873124626  
0.8106247597  
-0.6384639852  
1.240912708  
-0.6129243891  
-0.6737858143  
0.5679730145  
-0.2585075239  
-0.4586938322  
-0.7928645377  
1.616001604  
-1.017951814  
-0.4265785725  
2.376118003  
0.08279626039  
-0.03502282889  
-0.4264755652  
2.862262338  
-0.5914015043  
-0.2508395808  
1.744829066  
-0.8932377458  
-0.4373095237  
-0.3554037453  
1.62345033  
-1.240378928  
-0.2171885809  
2.138551097  
-0.6045672332  
0.5645930652  
0.8383503098  
-1.106027099  
-0.7963277702  
-0.9254797921  
0.8096969908  
-0.4833172091  
1.229635236  
-0.6768420774  
-1.090244433  
-0.3738526052  
-0.9777443612  
-0.0342615728  
-0.7037917281  
-1.233567757  
-0.6360769764  
-0.3424975461  
2.129564075  
-0.6426503437  
-0.6468906791  
2.394775131  
-0.5880087801  
-0.3535765335  
-0.4684244618  
-1.523408189  
-0.7455785396  
-0.5515632784  
1.386644834  
-1.088205515  
-1.666544747  
-0.3239407344  
-0.01872537497  
0.522845821  
-0.09929275721  
0.1682048135  
-0.5234712368  
-0.6441215151  
0.04858761523  
-0.2232313684  
2.07247981  
-0.8106251006  
-0.778892359  
-0.4042599421  
-0.4669419052  
-0.05648697405  
-0.04311870083  
2.19196027  
-0.8917782824  
-0.5092861504  
1.987479517  
-0.7487753881  
-0.2149799184  
0.2699260276  
1.112345604  
-0.8244247667  
-0.6357306423  
0.05691978215  
-0.7815281607  
1.805405754  
-0.8868251815  
0.1297090903  
1.145888473  
-0.2873773061  
0.5207352868  
-0.5438512794  
-0.2820694303  
0.01218685492  
-0.7319373554  
2.860233655  
-1.136354872  
-0.6810998854  
0.2837342806  
-0.6458856867  
-0.4517092463  
0.4170291026  
2.218445476  
-1.087483883  
-0.4383212398  
0.3544709315  
-0.3378973178  
-0.0428784234  
-0.5157343941  
0.1586621114  
-0.6944129024  
0.09809653765  
1.71194949  
-0.707380543  
0.5985300198  
-0.3687755012  
