0.252461026  
0.3241858484  
-0.01074643344  
-0.5202790138  
-0.7768536749  
-0.6606875095  
-0.2802926921  
0.2150578965  
-0.03321728414  
-0.3170207215  
-1.460189553  
-0.4915948306  
0.09972611865  
0.8436265848  
-0.3923517198  
-0.1021315794  
-0.5799508473  
-1.12653302  
0.262867164  
0.59911568  
-0.9830035442  
1.268777176  
2.968260862  
1.010750381  
1.55657077  
-0.6156472295  
-1.431147304  
-0.7501558752  
-1.522428936  
-1.740940135  
-0.9188173371  
-1.464498475  
-0.8774986594  
-2.302587894  
-0.9464734462  
-0.2463026973  
-1.24237621  
0.6635405798  
-0.2658415662  
-0.4058149038  
-1.394872894  
0.5153117868  
0.2707343952  
-1.044722507  
-0.6131404877  
1.28781774  
0.6280689546  
-0.5427976822  
-0.9201046937  
0.7418260257  
-0.4875147292  
1.852674974  
0.5648357956  
0.8634037112  
0.2611265016  
0.1673981126  
-0.3894174623  
-0.1046831717  
-0.2269015459  
0.9549913638  
0.4167911056  
0.7038830028  
0.05982283091  
1.078589417  
1.582999205  
-0.4215287153  
0.7698211065  
0.5248054642  
-1.289775267  
-0.4932743706  
-0.417479863  
-0.6611050942  
-1.250532461  
-0.4308344949  
-1.286411756  
0.2923394585  
-0.01981993631  
0.1609471977  
-0.07667683124  
0.4513518213  
1.171433481  
0.6004640608  
0.7387125425  
1.027249432  
1.038423979  
-0.1821753822  
-0.6127802524  
0.2166036785  
-0.5386240525  
1.199504964  
-0.01868341864  
-0.07357039282  
0.8975284703  
-0.5556456742  
-1.292334682  
0.02457906506  
-0.4424004896  
-0.2443347468  
0.4171796196  
1.823270869  
-0.5215733739  
-1.636530947  
-1.119774956  
-1.036025885  
0.6002790239  
0.7381984084  
-0.06263408569  
-0.6396814028  
-1.91354518  
1.73535415  
0.8323633694  
-1.141934747  
-1.020619527  
-0.4547475745  
0.8140584281  
1.492481124  
-0.07576649803  
1.512960172  
1.003802347  
0.9395741438  
-0.3146047858  
0.3179458297  
1.719887098  
0.1634160624  
-0.1521841512  
1.45970216  
-0.3748306808  
-0.6886725752  
-0.7204470029  
1.070410112  
0.9552528371  
-0.7498107167  
-2.681197433  
-1.861238084  
-1.931617287  
-1.696460863  
-0.3165420175  
-0.7725176396  
1.351310061  
0.2390820322  
0.08678811012  
0.2485956797  
-0.6142323323  
-1.46181914  
-1.182861094  
0.4290196727  
-0.2975117268  
-0.3425880904  
1.232035238  
1.056028645  
0.6155206542  
-0.4008563146  
-0.2299426771  
-0.01511459651  
1.319955662  
1.792991263  
0.5396631076  
0.8792668005  
2.8178049  
2.311894015  
0.4451374168  
-0.01581277186  
2.926902158  
-1.348038811  
-0.522501363  
1.151080387  
1.039519096  
0.8505560678  
0.4182318737  
0.4774826647  
0.3485961244  
1.124327036  
2.089137519  
1.020247831  
0.08362071531  
1.996060699  
-0.997962549  
-1.219206122  
0.3432919289  
0.3901264188  
0.1307038793  
0.6770755787  
-1.136063328  
-0.007495624869  
1.531148755  
0.7362999178  
-0.06476107887  
-1.040712269  
-1.055567981  
-0.07980548457  
1.752213991  
2.433621539  
0.9078029422  
-0.6488471712  
-0.9249197388  
-0.1842297152  
0.2355714441  
0.2184584381  
0.2482707145  
-0.8721315154  
-1.058454954  
-0.4760341525  
-1.825264179  
-1.228970612  
-0.3001645083  
-0.3344096325  
-0.9916733889  
-0.6035862859  
-0.2517260986  
-0.8064022399  
0.9562126193  
-1.205879693  
0.6127451376  
-0.1107786244  
-0.7099751864  
-0.6344627196  
-0.3343322612  
-0.01728990769  
0.3307362314  
-0.4134347751  
-0.7001236848  
-0.4337164514  
0.03675320754  
-0.7236879695  
1.425508032  
-0.8330157966  
-1.802251315  
-0.5443437839  
-0.9913494393  
-0.01024670044  
0.3318507918  
0.08451711889  
-0.7304960871  
0.2502110318  
-1.110391257  
0.6393138628  
-0.5122481302  
-1.828729458  
-1.319773553  
-0.6835332591  
0.7365416303  
-0.08418505823  
-1.688796458  
-0.5013595767  
-0.1535328524  
1.031278429  
1.194790854  
-0.7677995709  
0.5272735202  
-0.9690493703  
-1.532897485  
-0.4519240083  
0.6361224082  
-0.443340447  
-1.153687485  
1.118916907  
-0.2668912309  
-0.2536140414  
0.4203800754  
-1.200168847  
-0.7611104668  
1.006706443  
-0.9286556339  
1.040925141  
0.1066653078  
0.3544806399  
0.6821631175  
0.7663259631  
0.3127961078  
0.9636372303  
0.4199816985  
1.404402391  
0.3208175823  
-0.8187720775  
-0.9401441409  
-0.1043096835  
-0.1150658955  
2.524021388  
1.291662485  
1.522301792  
-0.252348362  
0.1708140976  
1.565458649  
-0.2044300351  
0.4935032563  
2.232137275  
1.180965901  
-0.005254519526  
0.6546921797  
0.4559334729  
3.329990718  
0.9400779697  
1.676168139  
1.086948122  
-0.003414626557  
1.850913316  
-0.1090519112  
0.2169858085  
0.5530205451  
2.209107341  
0.289338863  
-0.7815388184  
-0.6097797103  
-1.413903484  
0.6415526524  
-0.9673292003  
0.04065966141  
1.335859684  
0.215773436  
-2.848883887  
-0.07595943163  
-1.015624673  
-0.5121649145  
-1.058515484  
-0.2534158407  
0.935031562  
-1.087194806  
-0.8719388583  
-0.2577674836  
-1.073625886  
-0.6899950249  
1.093289431  
-0.9030823017  
0.8819188942  
-1.540327235  
1.854936257  
-0.4268271872  
-0.4350292809  
0.7980452811  
-1.134801808  
0.2818243242  
-0.09007284654  
0.7051854479  
-1.879138606  
-1.609685311  
0.01845217504  
-0.06426575937  
-1.993324276  
-0.3244426362  
-1.377091234  
0.845822707  
0.7092400395  
0.5384648659  
0.4709482878  
1.984936199  
0.2436956102  
0.8860327239  
0.2908657565  
0.3145884249  
-0.4242828771  
-0.3068583002  
-0.3760435536  
0.4898792462  
0.06288200972  
1.113532332  
-0.6623396961  
-0.1860281728  
-2.183194234  
-1.260359166  
-0.9455843977  
0.1539057917  
2.125592785  
1.577373029  
-0.6396992576  
-0.6476538798  
0.8201800577  
1.378671397  
-0.697664429  
0.5744091883  
0.2762280327  
1.613647476  
0.08465075725  
0.1481504215  
0.1232745192  
-0.7050721626  
0.406955241  
0.9416332472  
0.08462585706  
-0.7370568705  
-0.7174903646  
-0.02501070513  
0.5478743328  
-0.550332722  
0.7429116589  
1.120969252  
0.06844689624  
-0.3880076828  
-0.6441385098  
0.4236840191  
0.2294655444  
-0.8362356266  
0.9383367394  
1.551766419  
0.7627599426  
0.883589865  
0.6296599306  
-0.4614491179  
-0.3291050125  
-0.9907937811  
-0.8211840737  
0.8331600073  
0.0153530771  
-0.7562516856  
-1.492199782  
0.6045738506  
-0.5274383591  
-0.9595996286  
-0.5384301376  
1.341825968  
-1.914783578  
-0.9996478244  
0.6508651457  
0.04725200379  
-1.273078054  
-0.2813032954  
-2.51081597  
-0.2360989231  
-1.509128598  
-1.290916114  
-0.2308432509  
