-0.1317311241  
1.331879729  
1.54672521  
-0.1903753816  
-1.394090295  
-0.949275712  
-0.4193342867  
-1.531174434  
1.000240918  
-0.8412254236  
-1.014501559  
0.5662394171  
2.264637009  
-0.6343543481  
-0.7740262478  
-0.0221123147  
-0.9183837507  
-0.6363279005  
1.131413399  
0.7901840366  
-2.097932368  
-0.4349569775  
0.8409695189  
0.5543524145  
1.56104319  
0.3748061589  
0.9499036892  
0.01700194713  
0.01847465339  
0.1270206985  
-0.9443524985  
-0.0609006809  
-0.05458384286  
-0.8561511505  
-1.423132433  
0.6583128798  
0.1752498927  
0.7052752921  
0.7226668853  
0.9360074253  
-1.590763266  
-0.6853727197  
1.21123527  
0.696896469  
0.3551863428  
-0.03984974367  
-2.476552655  
-1.897842538  
-0.1771637442  
0.4845433599  
1.367597115  
0.5337955163  
-0.5630845183  
-1.809733782  
-1.198612782  
1.399232953  
2.71474889  
0.5516043399  
0.1682687018  
0.5475880385  
1.257390581  
1.017535924  
1.04057325  
-1.10488384  
-1.175682428  
-0.5884387968  
-0.608869416  
2.240061112  
0.2564409469  
0.5980171203  
0.9497522893  
-0.3754899459  
0.6159271214  
-0.2471737528  
0.07579355243  
0.8579190538  
-1.069584141  
0.2106589643  
0.01407014164  
-0.8054178571  
-1.632094233  
-1.718435577  
-0.7835870982  
-0.2163612537  
1.512597219  
1.403086046  
0.666848549  
-1.595323258  
-0.8244717138  
0.1159183081  
-0.1658483313  
0.2366417863  
-0.5726630885  
-0.9865871419  
-0.1356441068  
-2.022877017  
2.142317717  
0.4929045709  
0.5913031168  
-0.8587738916  
-2.176595151  
-1.745602846  
0.7891416825  
1.644623375  
1.709418936  
-0.7071330952  
-0.2025110044  
0.03616994441  
0.3650148072  
2.392112996  
0.6361055832  
0.8845338792  
-0.8208292245  
-0.3733324048  
1.021718123  
0.5412580092  
1.173543296  
0.2923679439  
-1.042247337  
-0.6443873849  
0.7804057224  
-0.7283366953  
0.5243061012  
-1.712855957  
0.2220628662  
-0.6226062199  
-1.410157062  
1.403158933  
-1.361002504  
-0.4531776708  
0.04880709391  
-0.1901341338  
0.8139510765  
0.258490974  
0.1196704653  
-1.811796664  
-0.1708543104  
-1.048501074  
0.2979488246  
0.9901642064  
-0.9565038557  
-0.7044684679  
-0.9146365133  
-0.2795653209  
-1.075410994  
-0.8551217877  
-2.089049039  
-0.4627463813  
-0.01311200146  
-1.278261831  
-1.219294242  
-1.425665666  
-1.087581946  
0.4070538394  
-0.0438108676  
-0.06052449626  
1.211277635  
0.937436272  
0.5142345615  
-0.4806967783  
0.08195292127  
1.041793594  
-0.3339267792  
0.7608559223  
2.382453624  
-0.03704034388  
-1.133577352  
-0.5364597027  
-0.8049053438  
-0.5276987751  
-0.9602649333  
1.25401976  
0.8693872998  
0.4355301108  
0.2917260503  
-0.3300050176  
0.2476309027  
-0.09734098296  
0.4468140973  
-0.2827620279  
-1.885326321  
-0.3960731791  
1.740704756  
1.074582693  
2.371398285  
1.489250143  
-0.292944154  
0.1794988754  
0.5714901872  
0.4122360701  
1.489582326  
0.7427712471  
0.3698300999  
2.890088189  
0.5310050964  
-0.6167009651  
-0.0447177513  
0.3325223137  
1.12243153  
1.620317796  
1.2548829  
-0.9211896927  
-1.0647293  
0.537815278  
0.4323514824  
-0.9484065591  
1.838375836  
0.3956696805  
-1.275466722  
0.3305437085  
0.3934612486  
-0.2670999437  
-0.7998294312  
-0.5786806218  
1.874719829  
-0.6840104598  
0.004824301588  
-0.2160857581  
-0.7688948138  
-2.19441884  
-0.6903837007  
-0.183004653  
-1.057055911  
-0.5831243056  
0.1559258545  
-1.892725008  
1.40216502  
0.7286658601  
-0.3787454383  
-0.8286939251  
-0.1683187175  
-0.8213644187  
-0.2187100252  
-0.4203601052  
0.7566669853  
-1.126866441  
0.03018816774  
0.03336528633  
-0.327486294  
0.3463851662  
0.07833819411  
0.3095523572  
-0.9595714328  
-1.31297348  
-0.7149880674  
0.7687906758  
0.167283787  
1.068761375  
0.7833490252  
0.05091297323  
1.034056973  
0.5588511626  
-0.3871782082  
0.3022231244  
-0.1597130907  
1.688024414  
0.5213359166  
-0.3078149108  
-1.647168393  
0.2054312942  
-0.2830324725  
-0.6656154309  
1.405669011  
0.3728653575  
2.989587183  
0.5116685744  
1.267642445  
-1.43550922  
0.2671871704  
-0.09644456901  
-0.04056879127  
-1.361577653  
-1.430638916  
-0.7162401881  
-0.5732753311  
-0.229238599  
-1.030075019  
-0.9419728707  
-0.4586716916  
-0.2770514942  
0.5962985287  
0.723766363  
0.6983957202  
-0.03865470418  
-0.5247962864  
1.511514913  
1.554940258  
0.4413599014  
0.9622420168  
1.42860372  
0.7887409593  
-0.1164280922  
1.001586829  
-1.580487662  
-0.3097951358  
-0.5703570759  
0.2343697463  
-0.03109032673  
-0.3093884439  
-0.7167769634  
-0.8541954229  
-0.2179617981  
1.794531965  
1.036503119  
1.220168931  
-0.1686920749  
0.7176535216  
-0.7536906159  
1.518258452  
1.966444334  
0.7017966888  
1.919519227  
-0.09255186113  
-0.7659309767  
0.90142257  
0.870962525  
0.7411755073  
-0.8994781216  
-1.951473345  
-0.2521674011  
-1.499236105  
-1.410220378  
0.6038614282  
-0.911822097  
-1.057979733  
0.2833085869  
1.892751718  
-0.3284839602  
-0.4527820303  
0.4393041909  
-2.046102113  
-1.123171122  
-0.7630372751  
0.1431901767  
-0.4532216596  
0.02796044508  
-0.1488466741  
1.150228886  
0.733967232  
0.5002852648  
0.7848278891  
1.142569848  
0.1356421518  
-0.2508959308  
0.8245436723  
-0.0882055985  
-0.5315024148  
-0.5331081172  
-1.567776976  
-0.8697267348  
0.1578862811  
0.4302797707  
-0.3719469116  
-0.627831694  
-1.17972211  
-0.8642350412  
-0.06135953844  
-0.3684136662  
-0.819584756  
-0.5544784607  
0.5809461826  
0.8075751604  
-0.3393634468  
0.7991546754  
-0.4290676936  
-0.2668700264  
-1.156246994  
-0.6875756677  
-1.368572277  
-1.668287596  
-1.259455209  
-0.06080700819  
0.7847687711  
1.181233335  
0.731231463  
-1.557023112  
0.6287318558  
-0.1126332838  
-1.08099645  
0.02855206554  
0.4458497805  
-0.01756756371  
-0.3285988459  
-1.419084602  
-1.153491253  
-1.920663776  
-0.3569684772  
-1.233180067  
0.4097777778  
0.7246471537  
-1.064731407  
0.1289550411  
0.7326901435  
0.8776938116  
-0.6051641539  
0.02061639109  
-0.08563444009  
0.04705062132  
0.07020284709  
0.7207759597  
0.8760093437  
0.6768448904  
2.922517021  
1.021152328  
2.321106141  
0.8221903187  
0.8251567537  
1.248935648  
0.08527334221  
-1.016313655  
-0.7742111783  
-2.594114776  
-0.5954789361  
0.7597012149  
0.4786855772  
0.0970804351  
-0.5341434263  
0.7779249109  
-0.7339736261  
1.162015509  
