1.417467012  
0.2230830946  
0.04680935603  
1.141956606  
-0.4758791015  
-0.7002875205  
0.6340827614  
-0.4683112567  
-1.445072331  
0.08356644022  
-0.9535675113  
-1.680355195  
-0.2341892086  
0.4849203259  
1.353102968  
-1.990339037  
1.617631917  
0.1795753619  
-1.002407247  
1.480625284  
-0.49623098  
0.03615147435  
-2.955407941  
0.358941096  
-0.115800456  
-0.1100477838  
-0.3122650958  
-0.3254490968  
-0.4564253358  
0.7482494151  
1.23674954  
0.427685608  
0.6705174632  
0.9903422299  
-1.218941019  
-0.3898059125  
-0.1356924779  
0.3168132478  
-0.5298259578  
-0.4614612318  
0.1728183088  
1.841349001  
-0.2936155343  
1.093033448  
0.5404289315  
0.5714850975  
1.241163241  
-1.1142865  
-0.4199014414  
-0.1716735883  
-0.2410647934  
0.7308333822  
-0.03834611137  
-0.815350309  
0.2471280164  
-0.5853478858  
-1.476857545  
0.5151028654  
0.1723599933  
0.673442076  
1.96296951  
0.675282352  
1.660455041  
0.7816001319  
-1.367841934  
-0.539169244  
-0.9144961573  
-0.4424115569  
0.77065941  
1.082362197  
-1.443208752  
0.03591889928  
0.7307361563  
0.8408266882  
-1.169342292  
1.866853062  
1.158170423  
0.4982158868  
0.7093599324  
1.019257697  
0.1169734954  
-0.3586862182  
-0.2356047367  
0.006368348137  
-0.5267700816  
1.764431323  
2.022430214  
-0.3764304528  
0.008901497539  
-0.6844343517  
-0.78895511  
0.04195546384  
0.1344517004  
-0.6459854342  
0.05999539672  
-0.657153745  
-0.1998981541  
1.281081772  
-0.003060224064  
-1.070770069  
0.1287761134  
-0.2892100079  
-0.2029548448  
1.587301162  
0.6732309066  
-0.6420921461  
-0.2876070489  
-0.67468701  
-0.7148291776  
0.1695423288  
-0.6739928029  
-0.6733434199  
-1.10273085  
0.967734213  
-0.07983421609  
-0.8401362543  
-1.182854632  
0.04748026591  
0.6695534836  
-1.004392344  
0.6264995212  
-1.288015762  
-1.817828627  
-0.3216065489  
-1.351599998  
-2.000435985  
0.9829403932  
0.8318712632  
1.039518719  
-0.6258792119  
1.196554651  
-0.4367294923  
-0.8725740608  
-1.098153588  
0.2323394993  
-0.9806116403  
-0.6294295595  
-1.477868667  
1.331049997  
-0.4153665905  
-0.2407176497  
1.808527669  
0.5274112571  
1.235059142  
-0.05840192037  
-0.6453066688  
-1.769373836  
0.2103388967  
-0.1931617434  
-0.9913546742  
-1.450795043  
-0.2706942979  
-2.237340117  
-0.1266342303  
0.3829824442  
1.782068823  
1.796508052  
0.1509110285  
1.067576343  
-1.632565176  
0.3418696617  
0.7400229985  
0.4074187435  
2.046229166  
-0.5886522729  
0.180430153  
-0.3923727858  
0.1523862387  
1.602486747  
0.1023180462  
0.1898812115  
-0.3712155698  
-0.5768171598  
0.3529174645  
0.9043490227  
0.3069664381  
0.2490749929  
0.4215341125  
0.4236856306  
0.3279988493  
-1.580977797  
-1.056089524  
-1.244351312  
-0.8353324807  
0.08684022891  
-0.1002514391  
-0.08879962594  
-0.2833499482  
0.06470935074  
0.7558318398  
1.082948539  
-0.04530947158  
-2.832232494  
-0.7328942659  
-1.231165516  
0.7389477236  
-0.05726685226  
-0.06847947759  
-1.576030551  
-0.5055905783  
1.233967606  
-1.205812538  
-0.652367333  
-0.9923243291  
-1.20272217  
0.3965502875  
0.7080799486  
-0.2447951025  
-1.255183663  
-0.1434267443  
1.60771628  
0.2051917412  
-0.374533683  
-0.335023016  
0.448947498  
0.3830557685  
-0.2853754793  
1.423134595  
0.8705895907  
0.6666553098  
0.03746857851  
-0.7172072312  
0.7039562502  
0.8613089886  
1.931873054  
0.274779281  
-0.5625273207  
0.7606961537  
0.3930586404  
0.296213169  
0.9773969071  
-0.2981177843  
-1.515898383  
0.07934296749  
-0.2326206637  
-1.879421562  
-0.03932241804  
0.01810871189  
0.3027864831  
-0.1717151633  
3.568654234  
1.301514948  
0.4399497406  
0.4516040327  
-0.2967228385  
-0.4670672512  
0.7651881473  
-0.4706992269  
-1.485466215  
-0.5226789338  
-0.2590629229  
0.4543991243  
-1.82198533  
-1.733948966  
-1.412478515  
0.5110106624  
2.595506615  
2.866710059  
0.7461479907  
-0.09389144411  
0.414574147  
-1.35148528  
-0.2294403657  
0.7914671767  
0.6981149645  
-1.181662528  
1.356141506  
-0.515480157  
-0.9463812927  
-1.070650014  
-1.454439709  
-0.3524545743  
-1.001597838  
-0.06699345752  
-2.53934542  
-1.047976176  
0.2132741631  
0.4562376092  
2.556528667  
0.3530724572  
0.1361985225  
-0.4597238929  
-0.9568331283  
1.875963306  
-0.2551554116  
0.0729672121  
-1.531304082  
-1.304849451  
-1.291527561  
1.660780235  
1.179516508  
0.4868762063  
-0.3154494624  
-1.025943466  
0.9717842492  
0.5774524571  
2.354581464  
-0.3941296615  
0.7994173335  
0.4812265597  
0.5664361351  
1.302923281  
0.946169065  
0.4813670718  
1.583037718  
1.308904545  
1.469935557  
-0.2157979652  
-0.4077650071  
-0.05282795772  
-2.012938922  
-0.5801262997  
-0.5157102048  
-1.389098874  
0.8474839036  
0.5348470607  
-0.3847541187  
-0.4245067612  
-0.1838448787  
0.2575411306  
-2.001650585  
0.5230270888  
0.8306920609  
1.237960462  
0.1218950274  
-0.9408357998  
-0.4756339155  
-1.785247512  
0.3950796919  
1.198389161  
-0.4158209183  
0.5846641211  
-0.08133602218  
-1.051644404  
1.172770124  
0.5687625935  
0.518840315  
0.9488629255  
-1.301919446  
-0.6400441537  
-0.1319342143  
-1.154349604  
0.7996894558  
-0.1533147281  
0.5636958748  
0.6294891553  
-2.126046558  
0.2050658627  
0.6261040668  
-0.09977883743  
-0.5614565484  
1.461943595  
-1.697015403  
1.394882227  
0.5067817345  
-0.6171075656  
-0.8318035668  
-0.2843177418  
1.0377534  
-1.182419012  
0.6547734875  
-0.02237916622  
-2.02663142  
0.3908643344  
1.090914934  
-0.01258999304  
-0.6946844685  
1.230614287  
0.2928301723  
0.2078741268  
0.9880925821  
2.073967756  
1.470771763  
-0.1746212306  
0.6692587342  
-1.251376344  
-1.286175196  
-0.404564212  
1.070638591  
-0.5608434899  
1.487744961  
-0.776613805  
-1.70180659  
-0.7956470163  
1.219168504  
0.1231031644  
1.22350074  
0.5443995489  
0.9285991408  
0.1668430884  
1.25532228  
-0.7239892023  
0.1943582984  
0.2664616203  
-1.074090143  
0.3372863932  
0.3260505059  
0.1857775326  
0.6805364196  
-0.3316223477  
-0.7461598008  
-0.9095439653  
-2.110080629  
0.7206887418  
-1.788606394  
-0.4723376529  
0.3894122497  
0.1969978976  
1.180885931  
0.9612653609  
0.5598795152  
0.09113618225  
-1.213372087  
-1.51903228  
-2.271820036  
0.8117370888  
0.722454347  
-0.1198028719  
0.3464803832  
-1.643348767  
