0.525447913  
-0.743369571  
0.04033327369  
-0.4477011275  
1.165192652  
0.5181093544  
-0.4263151477  
-0.5315588122  
0.2910984451  
-0.0088441831  
-0.5597511968  
-0.9549196103  
-0.4316099302  
0.7185343859  
0.08092555907  
-0.408154345  
1.109884552  
-0.7345268067  
-0.2556950493  
1.609204903  
0.03775775052  
0.08677947897  
-0.9500943692  
-0.07305415118  
-0.03792925686  
-0.2123478566  
-0.4883725736  
1.080605369  
0.3788233352  
0.6006464745  
-1.045311169  
-1.103967725  
0.5520468484  
-0.1688103317  
-0.0723715726  
0.799304609  
1.507899719  
1.782561056  
0.9501575401  
1.058631816  
0.6056902595  
1.133173408  
-0.5051687942  
2.10045586  
-0.01622069772  
0.9534707515  
1.366038544  
-0.3138111007  
0.408516633  
1.199782443  
-0.1526421823  
0.1251284442  
0.751221316  
0.3658183887  
-0.1597635264  
1.289515494  
0.3914371266  
0.002686084244  
-2.117848572  
-1.290515247  
0.6945258792  
0.1531752306  
0.177475171  
-1.438175426  
-0.159572009  
0.7939421005  
-0.6964413114  
0.2837654554  
1.882729555  
-1.195815194  
0.07631019724  
0.7445455208  
2.187061859  
1.529546557  
0.5636595977  
1.004622457  
-0.8785305246  
-0.6459617952  
-0.356600989  
1.397492542  
1.036747341  
-1.133143421  
-1.018055857  
0.6962112964  
0.4218847447  
1.849521971  
0.7408750579  
0.6590888037  
0.00342799231  
0.4447456851  
0.4699549093  
0.4088359556  
-0.7667633387  
-0.4591032006  
0.01040947679  
1.087096339  
0.1991549114  
0.002403954969  
-0.3578991309  
-2.674495992  
-1.448521515  
-1.501475013  
-0.9796413878  
-1.274423355  
-1.435212723  
-0.7607468625  
-1.368952518  
1.598603024  
0.2063373648  
-0.482716642  
0.6755313545  
-0.6509788483  
-0.8181525731  
-0.8202581102  
0.5151030555  
-0.7185279903  
-0.172170983  
2.103953881  
-0.8908742198  
-1.245014334  
-0.3928725223  
-0.04766540621  
-0.6905368425  
-1.272020281  
-0.1066872119  
1.563522603  
0.567769836  
-0.1805838835  
-0.5251319993  
-1.983339968  
0.1275201536  
0.5130039807  
1.760816865  
0.6253522885  
1.142069649  
0.07572656157  
0.6539055246  
1.025196658  
0.5572167488  
-0.5448555358  
-1.760764785  
-1.576293647  
-1.992028889  
-0.5707516397  
0.5299951977  
0.6850610753  
-2.061370433  
-1.144800028  
-1.056142086  
0.2412096525  
-0.8707185144  
-1.291104395  
-0.4981488878  
-2.575996048  
-1.029383957  
-1.472026905  
-0.1369940728  
-0.6796485193  
-1.321567327  
-0.9102867332  
0.1101214416  
-0.9672225439  
0.8422505218  
-0.29813182  
0.2767978635  
-0.9649104877  
-0.8872544178  
1.773371864  
1.270815474  
0.3454180838  
-1.004126331  
-1.771376329  
0.5113918402  
-0.6625972634  
0.1749682225  
0.6754682235  
-0.2929920383  
-0.7378112301  
1.055101081  
-0.5556446883  
-1.623224893  
-0.1745915547  
-0.2999785066  
-0.5345912639  
0.7868633984  
0.04884959128  
-0.3419333924  
-1.467237053  
-1.810260986  
-0.3504245984  
2.479696803  
1.098145099  
1.176399068  
-1.374255581  
-1.106136534  
0.7269401006  
0.4782312758  
0.874001366  
-1.142163748  
1.768090171  
1.183364819  
-0.1558898725  
0.3355714944  
0.1561812553  
0.852905074  
-0.9811385695  
-0.9980213819  
0.7099253678  
1.390896244  
1.557948878  
1.009960781  
-0.4442303031  
-1.116819442  
-0.4984045894  
-0.5678776906  
0.4363480363  
1.1853626  
2.282718135  
1.483897605  
1.562778225  
0.2216165561  
-0.8636920901  
-0.8682734359  
-0.3794129026  
0.3187615122  
0.7911197689  
-0.8965524952  
0.05156569695  
-0.2539828638  
-0.91941259  
-1.268860018  
0.6956986214  
-0.6165859597  
-1.141974794  
-0.9392953506  
0.1307829377  
0.2567807599  
-0.423273576  
-1.298398666  
-1.127891324  
-2.195163651  
-0.6797666386  
-0.1785570289  
0.1520435666  
-0.2420732933  
-0.08864711547  
-0.6576811753  
-0.7711096089  
-0.6168247879  
0.4770421655  
1.595640925  
0.06527503182  
-0.09630119804  
1.198902651  
-1.064528963  
0.9109496009  
-1.045433149  
1.281045085  
-1.503453635  
-0.3165690821  
-0.477135702  
-0.7942091732  
-0.4565012716  
1.439038388  
0.9227769643  
1.371140726  
0.2622740528  
-0.1398911192  
-0.3844147865  
-1.109437815  
-1.109704386  
1.111115193  
3.92676306  
0.1965811305  
-0.2490121612  
0.2796185877  
-0.04791867529  
-0.7876685578  
-1.573657767  
-1.2659491  
-2.156867364  
-0.8612709651  
-0.2433532  
-1.13598152  
0.7577070141  
-1.122300742  
-0.9942479118  
0.4312279373  
1.00885176  
-0.8633980343  
0.07127594403  
-0.06350691576  
-2.116466775  
0.5036016735  
0.09100520614  
0.9647360034  
1.008678652  
1.313785078  
1.826941615  
1.159782025  
0.4830437662  
-0.9619547433  
0.1388801373  
1.344474865  
0.590053929  
0.1188002754  
-0.986440576  
0.08933222195  
1.838329937  
-0.2027741324  
0.2503510302  
0.8922665332  
-1.575580152  
-0.543774187  
1.337379293  
1.830010082  
1.50854311  
0.7945248272  
1.891118186  
-0.4991936298  
0.08926274895  
1.773594104  
-0.5654802851  
-0.577709045  
-1.249685954  
-0.09266267764  
-2.99194703  
1.358776594  
3.079043751  
0.7826602858  
1.891165488  
0.6074208672  
0.4010333183  
-0.8374299457  
-0.3704582625  
0.9175298196  
-0.3393689019  
-0.4584880388  
0.01138014274  
-1.179883895  
0.9824160453  
0.9199996189  
1.044552524  
1.288637848  
0.3193530596  
-0.3475981391  
1.786727412  
0.6689498082  
-0.3538680464  
-0.2035062456  
-1.87107014  
0.05977929981  
0.7292522699  
-0.2612138144  
1.110888607  
0.332768723  
1.74497852  
-0.06494328602  
-1.660795012  
-1.493163034  
-1.843534417  
0.6575601419  
0.8168083322  
-0.3760835866  
-0.4309159592  
-1.044575912  
-0.09503808351  
1.497124126  
-0.6356826613  
0.2522320253  
-1.255974487  
-0.5281242538  
-0.04151917428  
0.1873302507  
1.166464283  
-0.352364189  
1.07504141  
-0.4908002082  
-0.7672425431  
-0.0819911749  
-0.4390139523  
-0.7303444113  
0.6183004657  
0.009894345276  
-0.4637289508  
-0.3447098224  
0.02591526793  
-1.120934363  
-0.6177516322  
0.5783397346  
0.3846752868  
0.8917656794  
-1.296182089  
-1.101126151  
-0.4350792673  
-0.8403551818  
-0.7267547255  
0.2550535741  
0.1377029451  
-0.228085134  
0.8481064341  
-0.06293373131  
1.069443158  
0.640948375  
0.02981534683  
-1.286438274  
-1.256273287  
-0.6778659583  
-0.5853180602  
0.5219923062  
0.5442459379  
0.3624729933  
0.7913503688  
0.752165232  
0.3809939091  
0.9747252278  
0.3401449759  
0.3327269484  
0.3132169828  
-0.5205188845  
