2.068711148  
-0.8052182417  
-1.011278784  
-0.4035615018  
-0.7737953186  
-1.838297529  
-0.5306280121  
0.1093492081  
-0.01164553228  
0.7184359591  
-0.4230267128  
-1.373419148  
-0.3537465625  
0.1652403999  
1.391771035  
0.05717168645  
-0.3006867766  
-0.05066645075  
-0.3553890105  
-1.813493112  
0.2030907475  
1.398181361  
-0.7732157732  
-0.3750742347  
-0.4864375073  
0.971431889  
-0.1371796667  
1.333723337  
-1.095700362  
-0.08980101636  
1.701504919  
0.7423366383  
0.7168010783  
-0.2622153111  
1.531268593  
-0.4781854491  
-0.2602437564  
1.042288569  
1.649356329  
-0.7511768659  
-1.425600867  
-1.55307695  
0.1815078139  
-0.5856017525  
2.109132137  
-0.1438094095  
0.4868332859  
0.7124528224  
-0.05928917245  
0.8533806943  
-0.44962033  
0.8451695503  
-0.3680804477  
-1.634961235  
0.3408656916  
-0.4975453533  
2.126366724  
0.5484712937  
0.5724463854  
-0.6623693955  
-0.2900548577  
2.039956823  
0.4999592956  
0.6232684637  
1.463646009  
-0.3822684028  
-0.06691441093  
-1.130247249  
1.562022958  
1.478073876  
0.1668398392  
0.1936854704  
-0.3770499495  
-0.1889165445  
-1.539594656  
1.018996359  
0.1130809936  
0.8118300672  
0.7347206746  
0.1523551672  
-1.134332119  
0.1610670105  
-0.3799366826  
-0.5104583424  
-0.03964071339  
0.1174393002  
0.7753803653  
0.02727312803  
-0.09021156294  
0.5773536827  
0.01960697369  
0.1119422067  
0.2534610658  
-0.8269147816  
-1.058968141  
-0.6785571057  
-0.4632503504  
-0.06744301589  
0.5822549258  
0.3442875367  
-0.3397729315  
-0.4099294803  
1.42892277  
2.706220749  
1.069821425  
-0.1525675105  
-1.405450037  
0.2896801583  
1.013474813  
0.6850166489  
0.718156815  
-1.560492722  
-1.294767067  
0.006354918727  
0.9661854908  
0.263104672  
-0.5055986776  
0.5060149098  
0.7879290018  
-0.6442499729  
0.001769301968  
-0.3985756216  
0.5981292271  
0.4992959789  
-0.9662482266  
-0.0007948835171  
0.4209809058  
-0.1001677982  
0.3080554621  
-1.111786148  
-0.7639724022  
-1.325581219  
-0.5473784234  
0.4606852652  
-0.9138959729  
0.1243982868  
-0.719578095  
1.632548871  
-2.995947568  
-0.3547602276  
1.16560924  
0.06936991003  
-1.658126765  
0.1439119182  
-1.919690036  
0.3890311188  
-0.9101539794  
-0.9794424659  
-1.1504532  
-0.4225677984  
-0.5383039057  
-0.5496831675  
0.882849444  
0.01816980754  
-0.4061641495  
-1.694256604  
-1.201041532  
0.2534282821  
1.288661519  
2.188729627  
0.1037822843  
-0.8784272415  
-0.7100030613  
-0.2910832965  
-1.989343993  
0.4633420875  
-0.6352543157  
1.325761996  
0.6352537503  
0.2939908239  
0.7870076413  
-1.832572978  
-0.3449570667  
1.607226014  
1.459459408  
-0.2695819209  
-0.5704527701  
-0.6103586115  
-0.04081209264  
1.089453062  
-1.162724862  
-0.6631159913  
-0.6903651071  
-0.1556839487  
1.432729251  
0.2557448145  
-0.4850346678  
-1.455040863  
-1.316443166  
-0.7958732395  
-0.5118922849  
0.3215592328  
0.3657274636  
-0.9116746934  
-0.4391294845  
0.8209384501  
-1.148257989  
-0.1895775204  
-0.7923240496  
-0.4827638077  
-0.8901424053  
-0.0002007583229  
-2.274581873  
-1.061155483  
0.8481194645  
2.744528447  
0.436907884  
-0.5183742334  
-0.731605427  
-0.7820150685  
-0.9581153703  
-0.1864826716  
-1.67794611  
-0.7768402345  
-0.4550157525  
0.41126401  
-0.2536830129  
-0.908465325  
1.327304358  
-1.031558945  
-0.8232388934  
0.8396177482  
-0.5428929783  
-1.170533143  
-1.374269398  
0.6930421933  
-0.3755545936  
0.6652518017  
0.06566474266  
0.2995689343  
-0.1885130354  
0.2480244839  
-1.50806989  
0.210275898  
0.3526476001  
0.6284946507  
0.4035777478  
0.1440519926  
0.02808188561  
0.9967006858  
0.4405527159  
0.509824924  
-0.3478971007  
0.5653872455  
-0.8525323058  
0.2496622995  
1.215677796  
0.05477399708  
1.349430043  
1.579826315  
-0.5956977605  
0.7945031637  
0.6427899149  
-0.6881318286  
0.4918119072  
-1.198302464  
0.5249547422  
2.251055116  
3.7431109  
2.932444534  
1.046008502  
1.23771671  
2.436180327  
0.76891785  
0.6259674965  
0.6731861888  
0.01652509469  
0.6307969119  
0.1773164313  
0.3883683499  
0.03014140168  
-0.5425564232  
0.5091580292  
0.5791062926  
1.158176486  
0.6302012993  
0.6675326116  
-1.282577847  
-0.5363739686  
0.7595870447  
-0.3874752127  
-1.63200737  
-0.6527858573  
-0.6454257874  
0.6624992749  
1.905364909  
0.376493364  
1.432979556  
0.8138647581  
-1.354799945  
-1.60989503  
-0.01383626573  
-1.329688919  
0.110037662  
-0.9129352258  
-0.9771590653  
-1.026714977  
-0.6491414784  
0.1867119878  
-0.7653938682  
1.420622582  
-1.002972518  
0.2202025018  
-0.2830087856  
0.4542672511  
2.070464025  
-2.072114357  
0.9578501911  
-2.294721438  
-1.550152386  
-0.7628683944  
-0.1519173298  
0.543869495  
-0.8069097157  
0.5926490284  
-1.205284033  
0.7318741689  
-0.04737112942  
0.6680128325  
-0.3894833711  
-0.1468845309  
-0.1605924764  
-1.022952447  
0.085928959  
0.7269994436  
0.7970715972  
-0.6415618782  
1.083556587  
0.9999972382  
-0.7759137923  
0.4094625248  
0.5472582892  
-1.57993639  
-0.7737218217  
0.09277420597  
3.1560342  
1.673551746  
-0.3177459992  
1.648888289  
0.4149113116  
0.559700776  
0.1778400658  
0.810483507  
-1.467880693  
-0.4186023021  
0.3226610968  
-1.022055572  
0.1286186792  
0.02383727447  
-0.02386840362  
0.3742645626  
0.5562633152  
-0.6641188637  
-1.476160603  
-1.155967668  
-2.382307717  
-1.051530886  
0.7318151943  
0.9038472786  
0.6581619572  
1.532806921  
-0.8777129394  
0.5710298069  
-0.4643578058  
0.162890062  
-0.4146718763  
-1.357775526  
0.08765142928  
-1.207135131  
0.485299326  
0.4454442964  
-1.559240453  
0.1868113692  
-0.05309960533  
1.749876105  
2.304955945  
1.316512143  
0.1489561411  
0.4133787048  
-0.1651107426  
0.3039027204  
-0.5144686068  
1.096424794  
-0.2313066324  
-1.539809821  
-1.798454965  
-0.02809273382  
-0.02774276399  
-1.615975466  
-0.8264803113  
-2.271219461  
-0.2310697258  
-0.2300063576  
0.06986213337  
0.6664755306  
0.7035621554  
-0.5411556117  
-0.3922715848  
0.7199244566  
1.386313945  
1.809949919  
-0.3303218689  
1.191390656  
0.9045290079  
-0.4278970609  
0.02107177691  
0.7627074129  
-0.1987584226  
-0.0694745097  
-1.04878166  
1.279359123  
0.1769768057  
1.536289137  
1.053703696  
-1.209561266  
-1.136096525  
-1.849889319  
-1.793427533  
0.8364147707  
-0.01075431768  
