-0.2409506734  
1.579684255  
0.3382959811  
-0.4852765233  
-0.8360443724  
-0.3275924476  
-0.9141916046  
1.016378784  
0.5921667871  
-0.1248484125  
1.428528747  
-1.386386666  
-1.475246228  
-0.8830362224  
-1.629884239  
-0.8346804204  
0.06606538171  
-1.039429281  
1.073633263  
1.514179145  
0.2858413961  
-0.305189903  
-0.6587661929  
-0.870001088  
-0.6134153906  
0.524946711  
0.9120974211  
0.717257087  
0.8957236849  
-0.03765381573  
0.3137031562  
1.097875184  
-0.7687062257  
1.856016284  
1.016655188  
1.947876627  
1.266633608  
-0.2288565923  
-1.995941386  
0.8418189086  
-1.106287003  
0.7108974507  
-0.4031339558  
0.1940641572  
1.564462217  
0.5342137638  
2.202978389  
0.1328193834  
-0.2144833067  
-2.219378007  
0.03254627377  
0.4959419176  
2.030911872  
-0.4614818237  
-1.425906754  
-0.478811433  
-1.199203381  
0.4964240478  
0.7553044587  
-0.2215172061  
0.1057900261  
-1.601648693  
0.7903194145  
0.2229331925  
0.7875834109  
2.883646908  
-0.1729558592  
-0.1749805528  
0.287574694  
1.768867616  
2.470838279  
-0.3424330676  
-0.9052808928  
-0.5055951827  
0.4654243486  
-1.042541196  
-0.2521103167  
-0.3423884737  
-1.979104308  
-1.275603216  
0.5756118074  
0.8283679641  
-0.7539914045  
-0.1281518233  
-0.5394127934  
-0.7448725576  
-0.7228290521  
-0.3244658788  
-1.926460249  
-2.621673192  
-0.07235167435  
-1.34555141  
-1.968169596  
-1.576178279  
-1.998373873  
-0.03802418081  
-1.044147502  
0.1395461622  
-0.3438352296  
-2.203370515  
-0.3588346397  
-0.4455751687  
0.2679285744  
0.4559192516  
-0.02723818394  
-0.3581537764  
-0.4138081833  
-1.040050073  
-0.5704873671  
-0.6074125615  
-1.211134369  
-1.769319211  
-0.2641347784  
-0.148044504  
-0.7810451963  
-0.06206787439  
0.3614051034  
-0.1752129459  
0.7454285521  
0.2465730192  
0.01817951321  
-0.1248659329  
-0.1036557794  
-0.9954990741  
1.451502199  
1.737940185  
0.4524326126  
-0.7667385806  
0.75998738  
0.6327561846  
0.4479044191  
-0.8782523967  
-0.4009886932  
-0.1727752953  
0.404611693  
-0.01334290301  
0.2453391035  
0.2989962165  
-1.630510921  
0.8949276989  
0.8074466451  
-0.2995412635  
-0.492740573  
-0.06443776065  
-1.39323317  
0.4701547594  
0.9645961116  
-0.118137654  
-0.4272755119  
-1.036909683  
-0.8952926074  
0.7483095309  
1.295816185  
0.04856444129  
-0.202691217  
-0.5839594456  
0.2154425714  
1.309039824  
1.413029992  
1.380888931  
-0.1897881163  
0.4337294138  
0.5626396572  
0.4316698616  
-0.3659231682  
1.041598814  
0.6935650416  
0.2132418387  
0.1757545706  
0.4443893024  
1.722169587  
0.8739411839  
-0.499519048  
0.7303995221  
0.8461847526  
1.136747701  
0.3240463759  
0.5094694367  
-0.2378364445  
-0.4547154442  
-0.8438689981  
1.806003937  
0.6558073296  
0.5886070172  
-0.7687276469  
-0.8423694819  
-0.3267121896  
0.3757528954  
0.5250701788  
-0.6410714163  
-1.795319281  
-0.160996955  
1.268046615  
1.06622363  
-0.5383085879  
0.8786229048  
-0.7965727872  
1.659297948  
0.6769711756  
0.07208982453  
-0.7804038145  
0.9461373514  
-1.634784455  
-1.6809144  
-1.45530608  
-0.137652946  
0.1852377662  
-1.003930435e-05  
2.699127833  
-0.1149113712  
-1.386344431  
1.672858242  
0.3995361198  
-0.2048724928  
0.2156603463  
0.9612601374  
0.4700719092  
1.922440642  
2.558587352  
1.66729353  
0.345212343  
-1.331203489  
0.7844304885  
1.547854354  
1.32306178  
0.7053873782  
-0.1939644405  
-0.1192917453  
-0.8482515766  
-0.2873137241  
0.09533873964  
0.1288304329  
-2.200313314  
0.05416804685  
-0.780456753  
0.3705073993  
0.459568335  
-1.678774105  
-0.07398886455  
1.155468355  
-0.4598169018  
1.711506728  
-0.3789698592  
0.04176751086  
-0.09129718761  
0.2450310389  
-0.1493300504  
1.377035863  
1.536402062  
0.1920193177  
1.087233657  
0.7285651819  
-0.1560982033  
-0.1744403312  
0.03398225858  
0.09849428031  
0.3055784066  
-0.2456131507  
0.4239954626  
-0.2835698036  
-0.06331220411  
-0.08079327579  
1.511944791  
1.170224322  
-0.5334554333  
0.6250156542  
-0.5242309766  
-0.03592968049  
1.530601489  
0.5704717425  
0.4208832351  
-0.5161359353  
-2.469814042  
-1.105773153  
1.024117456  
0.6498977602  
-2.924190633  
-0.8031811536  
0.03276477769  
0.525044487  
0.2126369859  
-0.3961129586  
0.06524702411  
-0.9876399653  
-0.04351543669  
0.39675718  
-1.681432107  
-0.9656522926  
-1.345812408  
-0.7450143343  
1.560696107  
1.231052108  
0.4352693985  
-0.8032366751  
-0.3857724064  
1.466619983  
0.30042648  
0.2460875131  
-0.3419630086  
-0.1928658731  
-2.061231697  
0.8559449095  
0.6577739471  
0.7857028737  
0.316148044  
0.160688267  
0.3947085113  
0.6802916486  
0.1293191841  
-0.001192044037  
-0.86340294  
-0.1417253812  
-1.507129693  
-0.9332262625  
-1.47239368  
-0.6433644728  
-0.325119098  
-1.177835745  
0.5021169608  
0.02814015709  
1.197341206  
0.1368849231  
-0.0005303349889  
-0.2660631984  
-0.1780504717  
-0.8193919024  
-1.248354609  
0.7912868029  
0.5421816718  
-0.2072903752  
-0.8110543981  
-1.577354882  
-0.4990097163  
-0.5139311965  
-0.006596129309  
-0.9682055786  
-0.9931993444  
1.187643464  
0.7151940019  
0.8303635989  
1.180586777  
1.474242095  
-0.08877818108  
-1.607859792  
0.4458831307  
0.1525851111  
-0.7397252807  
-0.9101979354  
-0.4960461847  
-0.7311579564  
-2.374007611  
-0.1264391882  
1.543912195  
2.131891272  
1.946028757  
0.5465795156  
-1.468734162  
-1.457503134  
-1.347564057  
0.1399785209  
1.315352887  
1.300843549  
0.8476076296  
-0.9624248751  
-1.397029701  
-0.2524665906  
0.4017632239  
1.059011051  
-0.5796615088  
-0.4438029533  
-0.4987946359  
-0.6546553211  
-0.9665076323  
0.3616789363  
0.02842056953  
0.7141908997  
0.7511257747  
1.482656779  
0.1682657524  
-0.6417098825  
-1.136839018  
-0.499763852  
-0.5410952814  
-0.3739233093  
-0.1323472318  
-2.113462062  
-0.5087954311  
-0.2517161758  
1.411508418  
-0.4735874712  
-0.1886052807  
0.008111135857  
-2.324181153  
0.7465646463  
0.97145883  
-0.1967590839  
1.539472812  
-2.111115739  
0.2186435414  
-1.771033931  
-0.4834437381  
-0.8044209689  
0.7167916348  
0.7080468264  
2.430885472  
1.138602725  
0.2066381278  
-1.063290629  
0.129049965  
-0.6952868378  
-1.357160966  
0.4945701619  
0.3544813235  
-1.086441982  
-0.4262626562  
2.456906595  
1.398118349  
0.925453478  
1.127348517  
0.05987553785  
