-0.807051867  
-1.536504551  
-0.2682100256  
-1.236257936  
-0.8682797365  
-0.05370510238  
-0.03265885661  
-0.6911681874  
0.8608566666  
-0.0464499076  
-1.546431273  
-2.235091348  
-1.199416322  
-1.05076023  
0.2687055005  
0.1491804723  
0.5455546289  
1.351289999  
1.711449473  
0.2210147153  
2.082607135  
-0.9099478879  
-0.002712761272  
0.317529915  
0.3413503881  
-0.4704650317  
-1.100337389  
-1.959339179  
-0.902224643  
0.6666042526  
1.018420065  
0.710722788  
-1.736787528  
0.8816396869  
0.04574965223  
0.1479135146  
1.987494348  
-0.5078282708  
0.4523428422  
-0.4945232297  
-1.169636193  
-1.127509136  
-0.81721035  
-0.04768088154  
-0.422591836  
0.3326099662  
0.019216872  
0.2170696497  
1.164290938  
0.9977482847  
3.019055624  
0.747235029  
1.800645438  
0.9911848326  
-0.3336598999  
0.8008259471  
0.06410366313  
0.7036076042  
-0.601216039  
-1.586298743  
-0.9744750613  
-1.774252174  
-0.8807514624  
0.6008925037  
1.89148069  
0.7423554459  
0.1206278327  
0.2208637185  
1.426799056  
0.05806794547  
-0.03621265681  
-1.641693273  
1.051150614  
0.1528393728  
-1.516547449  
-0.2651893914  
-0.9780816248  
-0.2595084722  
-0.6440674821  
1.522090518  
0.4658273906  
0.7357414882  
0.3446935971  
-0.6232437319  
-0.008811992567  
0.2705053504  
-0.9324661403  
0.6441651933  
0.05446706648  
-0.004805738284  
0.9506258388  
1.356587158  
1.365667643  
1.390018672  
0.7247830775  
-0.2677675887  
0.09877049058  
0.8684764262  
1.456449694  
0.09870294188  
-2.907827234  
-0.6832233602  
-0.8213045806  
0.1464598359  
1.471670432  
0.2941761109  
-0.3040273005  
1.021898954  
-0.6577812082  
0.1399431732  
0.8187899758  
1.01644231  
-0.1158455287  
-0.5708004032  
0.08683521694  
-0.2484533333  
2.327757449  
2.233412345  
-1.553195872  
-0.6343040895  
0.7821799503  
1.100229867  
0.6152520003  
-1.657859703  
0.2896488578  
0.4414316357  
0.4473955111  
1.893464025  
0.9526682034  
0.4180839808  
-0.2756316589  
-0.6379726449  
-1.376697567  
-0.2040860803  
-0.08046896583  
-0.2229397901  
-0.9018199241  
-0.559666366  
0.2564665703  
-0.6638024131  
-0.7663289586  
-1.15549111  
-0.400395244  
0.1339280789  
-0.07166912659  
-1.121398138  
-1.005608049  
-0.4057062692  
-0.5566347422  
-1.098586477  
-0.2235033997  
0.3799825959  
1.086121278  
0.4160824771  
1.097771551  
-0.1783375282  
-0.8829017256  
0.178695071  
-0.5704314367  
-1.030929088  
0.4023613482  
-0.7293169348  
-1.746372552  
0.1146231578  
-0.06998465608  
0.1727236587  
-1.848149849  
-2.338320921  
0.1719482756  
0.09020880322  
-1.156129549  
1.105363107  
-0.4218004661  
0.2510503294  
1.272288495  
-2.075206221  
-0.4901891262  
-1.377487611  
-0.8563999988  
0.6247967621  
1.20516638  
-0.06035172951  
0.3029583714  
-0.5957941022  
-0.6136785911  
-0.3618132096  
-0.07460149721  
-0.3382685066  
0.08030699156  
-1.571899419  
1.593452947  
0.9724351734  
0.3718800619  
1.122609377  
0.1851253548  
-0.2331663  
-1.030926327  
-0.5262582732  
-0.2622128489  
-0.1915026701  
-0.7634879838  
0.03738364253  
-0.139915233  
0.838316212  
1.29324321  
-0.6314479769  
0.8190144394  
-1.049182555  
-0.3587401188  
-0.5847428961  
-0.5191884926  
-0.9694968201  
1.959480773  
0.04734263198  
0.5075110544  
0.0416936323  
-0.6077876644  
-0.5896947222  
1.575621944  
-0.5596065002  
-1.00723636  
0.2564211828  
0.01464972547  
-0.5315079234  
0.2431400114  
0.637337804  
-0.2790146804  
-1.299297044  
1.224508871  
0.1185080255  
-0.5865224958  
0.2642329042  
0.1155405618  
1.228477732  
1.419261018  
-1.755820945  
-0.583751851  
0.2562025326  
1.02633589  
1.852419971  
1.949792738  
2.090782746  
2.228605041  
-0.1139501408  
-1.283677521  
0.08162771413  
-0.7705835591  
1.633867523  
1.36744405  
0.4896062336  
-0.09519986465  
-0.1807064096  
-0.7311069422  
0.6808243792  
-0.9275911368  
0.6860072435  
0.9775207316  
0.1684522259  
0.3196986625  
1.017627015  
-0.6210190497  
0.3697545634  
-1.351487988  
-0.4983707835  
-0.367430839  
-0.8095122122  
-1.174515265  
-0.7032769668  
-0.4847249476  
-0.5749998325  
-0.8183523947  
0.8234922713  
1.06622627  
-0.1830473986  
-0.3593696316  
0.2490926234  
1.857695934  
1.523506925  
0.1094138855  
-0.08588677627  
-1.674539169  
-0.03945936291  
-1.203483242  
1.08835127  
0.1055900601  
-1.60501746  
-0.2126290875  
-0.2360690724  
-0.4021111064  
-0.4218216268  
0.4016958341  
-1.87307652  
2.413404056  
1.352923352  
0.1193568503  
-1.360287561  
-0.2062791557  
-1.119645241  
-0.8360435812  
0.07735588171  
1.932127722  
0.3816304755  
-1.209140045  
-0.3003331978  
-0.9585455339  
-0.6454351758  
1.719703446  
-0.2155243395  
-0.2605889469  
1.511786281  
0.1820287065  
0.05985026317  
-0.2677148661  
0.5288804683  
-1.039866087  
-0.7549936614  
-0.3587430067  
-0.9725434975  
-0.737899052  
0.939490648  
0.0224578468  
-0.408102147  
1.595213201  
1.042659229  
-0.9048917747  
0.8076946868  
0.8926043053  
0.002031044526  
-0.210018912  
0.6669464097  
0.6320880666  
0.2291126447  
2.056927262  
1.548787068  
0.2866614933  
-0.3497350198  
-1.74151959  
0.05070003297  
-1.26915139  
0.1954578251  
0.4828555894  
0.0348654208  
0.02860203832  
0.2723568692  
1.746612901  
-2.460609628  
0.06866158581  
-1.894737833  
-1.102591085  
-1.395415304  
-0.04534115475  
1.205109542  
0.136575772  
-0.7765581691  
0.7353746524  
0.05599745569  
0.3265801799  
0.1820380921  
-0.452648491  
-1.160001821  
1.518895542  
-0.4161080622  
0.7290412198  
0.01963618246  
-0.5699421306  
0.7190708282  
0.344374441  
1.199067092  
0.7073688168  
1.009449346  
-0.1271936794  
-0.8705692275  
1.234876156  
0.4109015746  
2.177528543  
2.578556097  
1.563121127  
-0.5041181396  
-1.727421316  
-1.643275552  
0.7963084287  
1.776757421  
0.5937284016  
0.9682327177  
-1.556353197  
-0.2502636946  
-1.242665588  
0.3502223633  
1.229905219  
-0.5205499663  
0.135681257  
-1.379393509  
-0.928846153  
-0.7186356127  
0.09619710144  
1.320874208  
0.8776214986  
-1.457541372  
-1.866270812  
-1.162680501  
0.1852869816  
0.05067543793  
-1.294350122  
0.0239897379  
-1.247240994  
-1.022184544  
0.4726384628  
1.254944457  
-1.128034507  
1.524696535  
0.4962993391  
-1.329510267  
0.7441156928  
-1.116896042  
-1.52641805  
1.870950423  
1.014309684  
-0.7587291218  
-0.7365256966  
-1.677536121  
