-0.4271378534  
-3.805443954  
1.076640658  
0.2705349032  
0.2750492951  
0.200555384  
1.97935079  
-0.5646073217  
0.9925491395  
-0.03902157378  
-1.876875709  
1.55931146  
0.5291332183  
-1.539774191  
-0.02514868864  
-1.294635636  
-2.579873236  
0.6498850572  
-0.3564343079  
-1.468997602  
0.6175706138  
1.098785534  
-0.4597191521  
0.2639377902  
-1.045081532  
-0.2382744648  
-0.4797034008  
-0.6251116492  
-0.5190295928  
0.2169020963  
-1.583029937  
0.5706044749  
-0.6277181745  
-0.3061005807  
-0.3261268857  
-0.4125814118  
0.6222678964  
0.1731240251  
0.1021953335  
-0.4297940213  
-0.9019757661  
-0.6125787319  
-0.2807002032  
2.211441863  
1.122299325  
0.7753040968  
-0.5085709798  
0.6245931686  
-2.081780196  
1.395825894  
-0.8856766525  
-1.394736694  
-2.633804601  
2.060008508  
1.228725032  
0.7886700979  
-0.3970403979  
0.3428763824  
-0.7987325079  
1.15578152  
1.24903926  
2.600752642  
2.24672948  
1.409391594  
1.796139828  
1.715133789  
2.277316692  
-0.1926393899  
-0.4073504892  
1.257911284  
1.335195108  
0.2898083393  
2.3764998  
-0.415045902  
0.6826947455  
-0.8262197511  
0.07879535064  
0.01591681652  
0.5551494049  
0.8170645952  
0.6757648075  
-1.527734656  
0.9612909504  
-1.411188518  
-0.7414790863  
-0.04272350368  
-0.6587467744  
-0.9740584342  
0.03604101413  
-0.2473883304  
-0.5236989413  
-0.4064771601  
-0.5010928934  
0.5354924876  
-0.1080036679  
0.2434531253  
1.990096763  
0.8873253916  
1.402469097  
-0.1261946756  
-0.1150010013  
0.05049673042  
-0.1082580662  
0.9054853122  
0.02751755166  
0.1068093067  
0.7683208454  
-0.963353529  
0.05267529474  
0.06053134317  
-0.3813332488  
-0.7845149016  
-1.415045851  
1.880174866  
-0.6283851159  
-0.05802833261  
-1.18270551  
1.47847866  
1.260082535  
2.204010232  
0.7966857023  
0.889836178  
0.1379293004  
-1.021522485  
1.524864829  
-0.1361074024  
1.452823811  
0.2598638569  
-0.5985987153  
-0.3805714991  
-1.551846434  
-0.4235342542  
1.856247389  
1.194277785  
0.7271918406  
-1.042574205  
-0.2862581462  
-0.09832550326  
-1.817649113  
-1.156795457  
-0.00798991577  
-0.9015524564  
-0.5632221612  
-0.05852385837  
-0.8351702549  
-1.797162649  
-0.9938141045  
0.774694705  
-0.5519526866  
0.9963379413  
-0.4086180925  
-1.963539659  
0.6228817219  
-0.5735341919  
0.5629769732  
-0.3729745571  
-0.3900267073  
-0.1852313445  
0.1965213389  
0.02383062483  
-0.3606443084  
-0.8576051281  
-2.04102046  
-0.222102399  
-0.8910959358  
-2.037600695  
0.4446044856  
-0.3538018072  
-0.1545444036  
-1.114837064  
0.405619888  
-0.31559343  
1.645884886  
-1.34573601  
0.1463237252  
-0.1107325132  
1.007387484  
-0.27701183  
-0.2299670522  
-0.2557073279  
-1.230946644  
-0.8537426619  
-0.9807285555  
-1.202262996  
-0.5926201798  
-0.7099552073  
-0.6019763918  
-1.257365571  
1.714021448  
0.0915427831  
1.441078802  
-0.7884969033  
-0.156726043  
-0.7081932563  
1.650950272  
1.573115247  
0.5431610869  
0.5683651543  
-1.317097849  
0.8441517422  
1.950377693  
0.4656892747  
0.348061296  
0.9781387899  
0.07576327906  
0.8459302162  
-0.3328632574  
-0.1298158034  
0.8179283829  
0.5907384302  
0.8547479556  
0.3823819828  
-0.5360349255  
-0.08015914418  
-2.271949186  
-0.2797910862  
-0.3257459903  
0.4502619189  
-0.5189815795  
0.1515163431  
-0.8477546909  
-0.02560638304  
0.3449477364  
0.5279434833  
0.05155031238  
-0.3451208772  
-1.463617642  
-0.4674931678  
1.926367944  
0.9554421862  
-1.355439116  
-0.8726311177  
-0.2863839389  
1.45948401  
0.3337884149  
-0.9156069708  
-0.1210977482  
-0.4114983502  
0.4047180475  
0.6807931227  
-0.4082012105  
-0.1896965156  
-1.359503133  
-2.121313593  
-0.1211639392  
0.2208300856  
0.7039254977  
0.02664523119  
0.8293737736  
-0.185088863  
-0.9596863804  
1.091224002  
-0.5148322332  
-1.212243765  
-0.8865288551  
1.318931794  
0.3159760403  
-1.017056189  
-1.932538969  
-0.08044317191  
0.8434015302  
0.384460404  
0.6666614833  
-0.6781084981  
-0.5811744279  
0.09300286841  
-0.2326619177  
0.2244935037  
1.145239807  
-0.9173919022  
1.010105125  
-0.5263552126  
0.1320997006  
-0.2375040147  
-0.443652788  
0.9278830301  
0.3441667411  
0.7013864703  
-0.2291068616  
0.9555457134  
0.1918610687  
0.6345146643  
0.5577082063  
1.870111068  
0.5076800832  
1.51939862  
1.288861107  
-0.8496588244  
-0.7972078033  
0.7271449472  
0.7136906575  
0.2979369066  
0.3891360671  
0.7352258674  
0.9534249432  
0.78336467  
-0.1830480571  
1.162046806  
0.1662285438  
-0.1292187472  
-1.386506723  
-0.6246631836  
0.6351356975  
-2.112333656  
-2.804310351  
0.01132554821  
0.3960271905  
-0.3823012616  
-0.4269092323  
0.2997883402  
-1.890278572  
-0.2501469515  
-0.2248547241  
-0.3387303531  
0.2940704464  
-2.261376427  
0.257710334  
-1.714999012  
-0.04044284823  
-0.2078119537  
1.271873108  
1.183637658  
-0.316725011  
-0.3916878792  
-0.8489329856  
-0.1611974554  
0.4260985415  
0.9244118364  
-0.8904600262  
0.6390578593  
-1.466888665  
-0.3784020268  
1.073531548  
0.4427659439  
0.4672848154  
0.04587225434  
0.2306912064  
-0.5494222457  
-0.320420734  
1.502706061  
0.4216361505  
0.7078312852  
-0.1884831037  
-1.320439071  
-0.5494254861  
-1.560928802  
-0.3131504595  
0.51748955  
-1.452113425  
0.538729301  
-0.5171724602  
-0.9085340949  
-0.08286943204  
-1.467876515  
1.716383183  
-0.6261993499  
0.2335047155  
-0.5897583201  
-0.7535063465  
-0.4416614781  
-0.6858013974  
-1.052383861  
0.8350015584  
-0.3610406055  
-1.505809567  
-0.09097311839  
-0.66450347  
-1.495086568  
-0.2312556947  
-0.5701510999  
1.072509229  
1.661270298  
-0.5078693828  
-0.09775552917  
-0.4538946022  
0.1551509407  
-0.3223218876  
1.243816805  
1.966829188  
-0.7050838888  
-0.8235369093  
1.557896072  
0.5600333524  
1.021549578  
1.498856147  
1.416740138  
-0.1952361849  
-0.4590055678  
1.430991444  
0.1587206814  
0.9007250029  
-1.802405484  
-0.7567646729  
0.8199461807  
-0.4495404804  
-0.01968735651  
-0.3153406364  
1.292039727  
0.671245832  
-0.5300697749  
0.9337877519  
-0.7472715589  
1.607966582  
0.1193774372  
0.1779784916  
-1.275701613  
1.436034521  
0.007327160932  
-0.4236911266  
-0.815681999  
1.156153882  
2.24147954  
0.3253386346  
-2.797815491  
0.239348094  
0.4624560648  
-0.5386603158  
1.268110626  
0.5131327906  
-0.05185264693  
