1.993680121  
-0.8027251129  
-1.878192817  
-0.4674764363  
-1.721768709  
-0.4523939297  
0.1637554305  
-1.938815334  
0.3048482396  
-0.3880982204  
-0.07419930289  
0.9520480403  
-0.4684684766  
-2.059543395  
0.2711576621  
1.489265634  
-1.678222733  
0.9450410466  
0.2445375019  
-1.39555181  
0.3698447852  
0.1092068676  
0.4444108213  
0.956803542  
-1.701875171  
0.6441737254  
3.058321594  
1.76205624  
2.170734098  
-0.3445604863  
1.560940983  
0.2827264039  
2.346363572  
1.506629035  
-0.1671185237  
-0.3995318551  
-0.7212150528  
0.1403300419  
0.4611604773  
2.041206955  
0.6031624507  
0.08350707125  
-0.6125973909  
-0.2400104353  
0.03874288195  
-0.5596558492  
0.6156330979  
0.8265668674  
-0.515604869  
-0.1080677925  
-0.244795689  
-1.175584612  
-0.4372086827  
2.51003907  
0.7955155287  
0.5552827392  
-0.8920970167  
-0.1894136291  
-1.344549135  
-0.02173833355  
-1.088509117  
-0.8888681646  
-0.6996248142  
-1.375291458  
-1.430910828  
-0.2861527643  
0.0431881452  
-0.3035854095  
0.4055465327  
1.91343285  
0.7122584932  
-0.08523832952  
1.894309823  
1.15221956  
1.138349452  
1.446093973  
0.1604861109  
0.8282165904  
-0.3473567938  
-0.4087990831  
-1.011482765  
0.6641072149  
1.456634319  
0.9903570524  
1.543853835  
0.1285306848  
0.6431613392  
-0.7559016653  
0.3257216433  
0.9469582588  
-1.045653732  
-1.28435053  
0.1578690568  
-0.5856964147  
-0.9234037967  
-1.29053901  
-0.7356302372  
1.311178925  
-0.5727451541  
0.2149509252  
-2.002231472  
-2.67889441  
-1.946300373  
-1.162360321  
0.3249806848  
0.2730835217  
-0.5122922806  
-1.995826718  
-0.8765385773  
0.4027027091  
1.781203484  
-0.324513338  
-1.481538252  
-1.430135492  
0.1653547554  
0.97859006  
-0.1944511252  
1.015254992  
-0.387769113  
-0.1753667263  
-0.9742070415  
0.6557224478  
-1.538661291  
0.5344500269  
0.5938542341  
-2.348814041  
0.09600031392  
0.9280069319  
0.958189177  
1.066974105  
-0.1117710418  
-0.03574864862  
0.2684829864  
-0.153728166  
-0.7617189948  
-0.5171257763  
0.1476300679  
0.9365415689  
2.494947651  
0.6146258041  
0.8981126071  
1.262066169  
-0.8125284294  
-0.3917446346  
-0.1836415464  
-0.3509706451  
1.733539008  
-0.2261570181  
-0.8412102413  
-0.7693461175  
0.6187431632  
1.10003624  
-0.6567211222  
-1.056517479  
-1.067561019  
-0.02389477783  
-0.5079054906  
-0.7411513615  
-0.5326918451  
-1.698940891  
-1.411367947  
1.499796845  
-0.7728694602  
0.9889049816  
-0.665189891  
-0.1019941378  
0.4788442319  
1.984207541  
-0.362512569  
-0.4078300351  
0.0954991334  
1.129615306  
-0.5188939597  
-0.001450990986  
-0.1879893333  
0.2567946883  
0.07466154378  
0.3172734601  
-0.1273635396  
-0.3017620219  
0.1093531931  
-0.4328312523  
-1.511987182  
-0.7646974742  
-0.6621369555  
0.8843406567  
0.9041448674  
-0.7805217331  
-0.01594608196  
-0.008951902608  
-1.181025249  
1.069408044  
0.1687557699  
0.3341980667  
0.7748408855  
-0.1792764847  
-0.7102313803  
0.8342619146  
0.3501345971  
0.8527837972  
0.05050772183  
1.870822433  
0.1032725674  
0.2525461285  
0.3790923316  
-0.6798495518  
-0.4592114071  
0.8698264672  
0.919503301  
0.002304506163  
-0.3882691616  
-0.3000061318  
0.1670132226  
0.269445861  
-0.5043020945  
-0.409806407  
-0.2416167362  
-1.143556204  
0.6354879525  
0.2620108466  
-0.351589546  
0.1698210535  
0.6882687226  
1.549011033  
1.260346746  
0.03980619732  
1.536814227  
-0.7950202079  
-1.968347798  
-2.062027553  
-0.320315966  
-0.4977668128  
0.2394345742  
1.09746084  
0.5226883618  
0.1512025704  
0.07073009922  
1.106453177  
0.681426434  
0.1371869251  
0.2429227602  
-1.440165124  
-0.4987140498  
-0.03402159507  
-0.6278401589  
-0.2589253069  
-0.3218706861  
0.2324704601  
-0.8285514564  
-0.1376871177  
-0.4642554324  
0.2040430299  
-0.5204888657  
-0.3972579696  
-1.745716395  
-1.71043327  
1.724665657  
-0.7902504081  
1.790941832  
-0.6991380816  
-1.616683703  
-1.468951808  
-0.7715382309  
0.3204010953  
0.5198534585  
-1.293685422  
-0.5431595587  
-1.606335504  
-1.53568308  
-0.06231656333  
0.236528102  
-0.5069731885  
1.368643725  
-0.7941712228  
-1.787676682  
-1.07909022  
-0.2136384091  
0.7563083701  
-1.267897501  
-0.5992593132  
0.2465208698  
-0.08190600088  
0.5315746606  
-0.3631660722  
0.339635399  
0.5364442783  
0.7871144528  
0.2783381901  
-1.206203969  
-0.2243030322  
0.2714208759  
1.578430064  
0.08931322282  
-1.783907908  
-2.963758159  
0.3268076808  
0.9347225757  
0.7075027119  
-1.759241574  
-0.6733386629  
-0.850634836  
-1.311888826  
1.108050787  
0.9816071533  
0.7753237505  
0.8553600299  
0.2660479744  
0.1729612177  
-1.545027956  
0.2066320463  
0.03618269354  
1.785160751  
0.3310008713  
-0.1789107935  
-0.4245413205  
-0.08124796106  
-0.5329101015  
-0.5621975673  
-1.163332945  
0.6027854845  
0.4165893327  
1.093655865  
1.343843104  
1.287159612  
0.3437888708  
0.538757305  
2.1923264  
2.171840702  
2.033977025  
-0.1089722968  
-0.05469344168  
0.8046153226  
-0.03325033758  
0.1066058455  
-0.3582425742  
-0.4009148852  
-0.02327857928  
0.1981880174  
2.183072919  
0.1908677902  
1.577159336  
-0.1226277822  
-1.345324831  
0.1033110692  
0.103939073  
0.8841035738  
0.8341405067  
0.1409134979  
-0.7242061791  
-1.288513179  
0.5952114448  
-0.02777012887  
-1.429092033  
-1.282281225  
0.8934532817  
1.318852932  
-0.8448063469  
0.2500786393  
0.2544196425  
-1.436029144  
0.3201816109  
0.7647255076  
-0.6352776785  
0.5005260361  
-1.629959556  
-0.9469560441  
-0.783849632  
0.09632981319  
1.509478881  
2.096198661  
1.694068619  
0.9318270592  
-0.8579371831  
0.2500306007  
0.7314514285  
0.8453971149  
1.144538165  
0.07471198302  
0.7849970823  
1.540419131  
0.3885844934  
-0.9831216502  
0.246687284  
0.545206919  
0.7351248152  
0.06748417145  
-0.2058305619  
-1.199206903  
-0.7962993972  
1.009992985  
-0.2854419777  
-1.601240443  
0.228147146  
-1.951529104  
0.6345066063  
-0.07093672386  
-0.1250557075  
-0.4662449413  
-0.8839749223  
1.545292163  
1.209600793  
1.061364736  
0.599993349  
-2.442046528  
0.01611111054  
0.902784427  
0.2707638285  
0.4309386487  
-0.2678902844  
-1.529114948  
0.1456584827  
1.319545175  
0.09638511707  
-0.06493886929  
0.05994155513  
0.3192072818  
-0.005941087199  
-1.660764598  
-0.9514164327  
-2.465119976  
