-0.1516576362  
-1.076903794  
0.8692120358  
-2.01864429  
-2.454185601  
-0.7072985053  
-1.593223354  
-0.2785786034  
-0.05959107117  
-0.4996751333  
0.3339971227  
-0.04778074312  
0.8545133538  
1.639109109  
-1.35050376  
-0.1934455412  
-0.2508118233  
-0.1057256963  
0.1139960978  
0.8407129219  
2.382717248  
1.261682252  
-0.7798904967  
-0.3457010922  
-0.8458425248  
-0.5396721419  
0.3860498151  
-0.03337988431  
1.024553929  
0.1811510781  
-0.5029882445  
-0.3951472937  
0.1641254268  
-0.5324801185  
-0.2124125185  
-1.510887492  
-0.4642986358  
0.0493363543  
0.7246400214  
1.283881023  
1.88764848  
1.616812245  
-0.2912054993  
-0.647260992  
-1.329755649  
0.4143099594  
0.5399771371  
-0.9631676337  
0.6165172382  
1.294447947  
0.1868269272  
0.8688171755  
-0.2484541362  
0.14497099  
-0.9520254072  
-0.7160009704  
-0.660107105  
-0.4563243956  
-1.20835932  
-1.717116914  
-0.4792507517  
1.042129274  
0.302327281  
0.3066477937  
0.3855977054  
-1.374810869  
-1.212594493  
-0.8369325723  
1.34665155  
0.9772921583  
0.8950318249  
-0.8118270094  
-2.0891003  
-0.2147416128  
-0.3017416701  
2.296564982  
0.09880838845  
-1.419243043  
-0.9867167643  
-0.9820133145  
-1.094102628  
0.1066093051  
1.09215545  
0.2936962674  
-0.2779937657  
0.3127516273  
0.2238028137  
0.8248025097  
1.632408021  
0.08116687595  
0.1804911041  
-1.083816606  
-1.536240284  
-1.496874739  
-0.3387955619  
1.433359888  
-0.3686462902  
0.2044240883  
-0.5256770457  
0.6010491206  
-0.1101603315  
-0.4267575762  
0.04781427646  
1.03904325  
-0.103048852  
0.1600944603  
-1.450007908  
0.5924237788  
0.709915546  
1.381226292  
0.3329842622  
-0.6292991704  
-0.4269993154  
-0.877811519  
-0.8085095667  
-0.578163211  
-0.6785257576  
1.016116716  
-0.3321621014  
0.9733410186  
-0.8267125962  
0.30810955  
0.07052716043  
0.5360325985  
-0.05305034937  
-0.4396049767  
1.20577553  
-0.4369452265  
2.09428689  
1.53202539  
-0.7572685627  
0.829390094  
1.338097356  
1.310474608  
0.266848719  
-0.445987561  
-0.5016986493  
1.567664542  
-0.9808743119  
-0.1031323888  
-1.501016871  
-0.8469160653  
-0.1594818398  
-0.5709356691  
-0.2488919444  
0.6928216515  
1.691696182  
-0.08035828723  
-0.477927475  
-0.2236241597  
0.9380204176  
-0.8644535225  
-1.397194373  
0.2471041062  
-1.024240826  
0.5547241489  
0.05150633426  
-1.266191068  
-0.2213149467  
0.5269395369  
1.648248718  
1.662055621  
2.601147122  
0.803277725  
1.648703818  
-1.671133437  
-0.03071499014  
-0.2043082377  
-0.34006269  
-0.5149269105  
-0.0698779129  
1.174508995  
1.17866708  
1.877707546  
2.002373954  
-0.07210831321  
-1.288000438  
-1.866061371  
-2.029646093  
-1.643049366  
0.57360444  
-0.02045721061  
-0.8719699455  
-0.5782203807  
1.053491142  
0.8116784758  
1.232119516  
-0.136229839  
0.6729680185  
0.1194623219  
0.09614361296  
-0.08793922671  
0.03921823729  
1.66559298  
0.466771923  
1.089197122  
0.2474909259  
-1.15283373  
0.2753500238  
-0.2596149339  
1.933212833  
-0.2548912166  
0.6750293535  
0.214717237  
-1.247638411  
-0.09249225142  
1.246431457  
0.4196416472  
-0.9165410403  
-0.5893141398  
-1.205990706  
0.768489297  
-0.8394748665  
-0.2349215505  
0.5796084673  
-0.7684611461  
-0.2639691779  
-0.2568291615  
-1.323026054  
-0.5406488622  
-0.3467731706  
0.1331066154  
1.480357307  
1.818049559  
0.3994644318  
-0.02240836481  
-0.1421924503  
-0.9570833396  
0.5982295088  
-1.841506534  
-1.696767631  
-1.797504197  
-1.650058989  
-0.2316255899  
-1.688174805  
-2.028982058  
-0.8434742378  
-0.1997506546  
0.5925339231  
-1.130659864  
-0.2970871739  
0.8631041752  
-0.3093775571  
0.5994362397  
0.2709631613  
-0.1152333529  
2.033393492  
1.209707594  
2.148962821  
0.9764779095  
0.6368344132  
1.292222159  
-0.9548524036  
-0.391492674  
-0.01144714648  
-0.4040641194  
0.9695676517  
-1.238236329  
-0.1402072753  
-1.506520639  
0.5315532354  
1.689334843  
0.1384354875  
0.7106619838  
0.3940488887  
-1.065700207  
-0.0583335195  
0.5429971321  
1.532945304  
0.7949120906  
0.3534944409  
0.2567656509  
1.388898656  
-0.5514984671  
-1.168238822  
1.340483697  
1.275274757  
1.208645963  
1.423224715  
0.9857042831  
-0.2622928999  
-0.277724019  
-0.1502571018  
0.3360566772  
1.227661448  
0.8163836422  
-0.5706253593  
0.171286008  
-0.4240947611  
-0.02911632518  
-1.10645924  
-1.955378423  
-0.3972741259  
-1.379725712  
-0.338901217  
0.8974453172  
-0.2597557785  
-1.119922011  
1.415269726  
0.5553133051  
0.7133381618  
-1.001944403  
1.090596842  
-0.565604605  
-0.1419682839  
0.1094820685  
-1.00718017  
-0.7021700018  
1.790213155  
2.09462008  
1.795453886  
0.8762693484  
-0.6048084849  
-1.360782424  
-0.6889025157  
-1.593695797  
0.8296581281  
0.9853354212  
1.831373878  
-0.7960946883  
-0.8170204034  
0.5120945165  
-0.138117796  
0.18212732  
2.207532973  
1.994041658  
-0.6922361889  
-0.5717359944  
-1.065167343  
-1.081347129  
-1.138631455  
-1.49091273  
-0.01337196529  
-0.7768710798  
0.4890768798  
-0.1314376368  
-0.5913963681  
-1.317221019  
-1.319324455  
-1.468665484  
-0.6198091251  
0.1648877479  
0.7369545994  
0.7835378423  
-1.187698023  
-1.484703701  
-1.046094784  
0.9551216508  
-1.305410011  
-0.05050042193  
-0.1160716571  
0.3682875608  
1.184126502  
-0.1934408794  
0.8108741128  
1.786787004  
1.834395248  
1.701853751  
0.9251636005  
0.8775275821  
0.7933210007  
1.427222748  
0.2801314776  
0.08690642894  
0.6998124477  
0.5067975099  
1.221002352  
-0.2985791897  
0.8996539082  
1.014368384  
1.369029737  
-0.3443560366  
-0.4606217542  
-0.4136974232  
-0.88890325  
-0.2334263112  
-0.7768781514  
0.2826445234  
-0.03181485333  
0.03039651001  
-0.5605473038  
1.546441384  
-0.4537533404  
1.759971018  
-0.4369339819  
-0.7037969781  
-0.2227193991  
-0.6970973866  
-1.164217019  
-1.610674187  
-1.535481062  
-0.1982698903  
-2.719834502  
-0.5951206551  
-1.266548568  
-0.2691700291  
0.4016906558  
1.110494868  
1.372672052  
0.8311376491  
-0.736536234  
-0.9076062103  
-1.504904  
0.7509099947  
0.56825687  
0.984827573  
-0.6001693882  
-0.6747313699  
0.1349159783  
0.7321720596  
-0.1444607174  
-0.9170936606  
-3.108893478  
-0.5794164404  
-0.8069905003  
-0.07054547819  
-0.498604973  
-0.5503241985  
0.6969048815  
-0.335232267  
