1.033474756  
2.021205685  
0.7015154248  
-0.5535774473  
1.359152337  
0.864757949  
-0.5998916805  
0.08403514713  
0.5215714693  
-0.9612315913  
-0.2611277153  
0.8529245834  
-0.5689253286  
0.9411069335  
0.4341797301  
-0.5610585641  
-2.798894282  
1.596292299  
-0.4506996634  
-1.453212746  
1.445724013  
-0.005061612048  
-0.7625617529  
0.8143043665  
-1.380430263  
-0.452465383  
1.682992013  
-0.8258096912  
-0.03408532879  
0.4778003851  
-1.117817644  
-0.2068677215  
0.4846705451  
1.978028953  
-1.155220047  
-0.5662424727  
1.14602873  
0.709797972  
-0.2302099584  
-0.7488501712  
1.633423812  
-0.3052774287  
-0.6725443305  
1.194834802  
0.1918476332  
-0.516782907  
-1.231309393  
1.491037236  
0.2741110712  
-1.27128897  
1.166261613  
-1.442811585  
-0.4458240698  
0.6131952929  
-0.4158703535  
1.283430162  
1.041702607  
0.3437097984  
-1.541573991  
0.8994449814  
-0.8440211487  
-0.1575145802  
-1.374948461  
1.764682761  
-0.3684599387  
-0.587442124  
1.250284956  
-1.274973778  
-0.2373025922  
1.438176422  
-1.176224826  
0.1698562655  
-0.9567019257  
-0.3899353174  
0.1105648705  
-0.6940734071  
0.9842557153  
-0.1054308349  
-0.7670132798  
1.701700747  
-0.8282119609  
-0.9457725377  
-1.167569481  
-0.4913724399  
0.776027565  
1.646644371  
-0.1028289639  
-2.487147347  
1.526058122  
0.6262049857  
-0.8681376971  
1.036782347  
-2.108519064  
-0.5126400873  
0.751589295  
-0.4152471037  
-0.2859455468  
-2.007944576  
1.146424355  
-0.1202914706  
-0.7544409068  
1.498696234  
-2.252341041  
-0.2983103033  
1.439583641  
-1.024696497  
-0.07602581374  
0.5255395265  
0.002144558245  
-0.4696586972  
-0.4198227918  
1.811199794  
-1.16361583  
-1.191440388  
0.5732533013  
-0.5152010708  
0.1672561682  
0.52138764  
-0.2311507614  
0.06756049486  
0.5990747172  
0.7905415203  
-1.228910575  
-0.3725244538  
1.583593426  
-1.703358925  
0.2709829417  
0.3687834101  
0.4530012912  
-0.5380755732  
-1.196544742  
1.554898  
-2.549036857  
-0.1614142812  
1.616536564  
0.6355479806  
-0.5297848019  
-0.6213172087  
2.14361769  
-2.07834231  
-0.5856945214  
1.143578119  
-1.673815345  
-0.3352845941  
0.4582061614  
0.03741796881  
0.6144944003  
0.9852320043  
0.3159965568  
-1.254752085  
0.9978406108  
1.26329948  
-0.9911685246  
0.6716596278  
0.1536278751  
-0.9136866056  
0.353101314  
1.733510408  
-0.1907675592  
-1.198188876  
0.6399582321  
0.4751268116  
-1.314820762  
-0.8904236798  
0.3924658531  
-0.5461198256  
0.1755820243  
0.09117430634  
1.15123359  
-1.16346895  
-0.09122891648  
1.433203596  
-0.9872890615  
0.3751704331  
0.4637581586  
-0.942058893  
0.490537805  
1.152934472  
-0.5429310098  
-0.6334711469  
1.579781377  
-1.597695397  
-0.7478987838  
1.345802114  
-1.507330346  
-0.4633231251  
-0.2639178098  
-0.3687469211  
-0.04029777585  
0.2766685829  
-0.221585608  
-1.537574799  
-0.08251076912  
1.043960706  
-1.508190543  
-0.2790728939  
0.6860400474  
-0.595823147  
0.7431309436  
1.101752388  
0.3997092384  
-0.1847643194  
-0.8457717124  
0.7167723568  
-1.439769183  
-0.1664972685  
2.628025998  
-0.5140738934  
0.1682495102  
0.04779522583  
0.8558523548  
0.847363548  
-1.523625952  
0.5866888225  
-0.9884851039  
-0.5394623269  
1.239056316  
0.08927351579  
-0.1051487247  
0.3196617749  
-0.0629015695  
-0.4956865876  
-1.058624829  
1.046707897  
-0.2342300161  
-0.7005493444  
0.4925721197  
0.5786869516  
-0.07109383707  
0.3813928452  
1.007729182  
-0.3005229038  
-0.4335255582  
0.9152086495  
1.017103698  
-0.9228389238  
0.1020614936  
-1.630571994  
-0.9289735517  
0.5541204221  
1.030705173  
-0.1288502972  
-1.85090491  
1.02468496  
0.6916726487  
-0.9564553378  
1.077836403  
-0.3824140351  
-0.823917874  
0.5327028693  
0.4253697901  
-0.4627472767  
-0.5906387528  
1.424899351  
0.4353565683  
-1.27002379  
0.4344643633  
-0.9922982872  
-1.003867566  
1.775529747  
1.624312865  
-0.01942951593  
-0.9175750687  
1.427142884  
0.1637394442  
-0.1651685149  
2.38655653  
-0.693199108  
-0.220907235  
-0.2188275838  
-0.2804188858  
0.594757531  
-0.9027781551  
0.1859861072  
-1.504065446  
-0.6819957065  
2.275913395  
-1.376944685  
0.01097350037  
0.4581234849  
-0.3073761151  
0.6110441265  
0.9949869825  
1.021261997  
-1.185621153  
0.4942429016  
-0.3513561329  
-1.0341246  
0.5836540956  
0.3823950118  
-0.3771468976  
-0.7124523889  
1.517834676  
-0.1912042663  
-1.912241625  
0.2713009793  
-0.8567604571  
-1.794665084  
0.9693014741  
0.9102940073  
0.2144945778  
-0.9367829779  
1.215020693  
-0.5776867596  
-0.5388195839  
-0.146047872  
0.5705271073  
0.9590254469  
-0.5109821888  
0.460883513  
-2.092600108  
-0.1062206399  
0.854369592  
-0.920147633  
0.9323702394  
1.17745448  
-0.3538038488  
-1.020848312  
0.6148221546  
0.5453281076  
-0.8128077506  
0.5722400657  
0.9372746616  
-0.08400306338  
-1.077745689  
1.319587512  
-1.035838147  
-0.7653634216  
1.338319945  
1.407781636  
-0.3961675602  
-0.8209513632  
2.016763261  
1.517717053  
-1.164996819  
0.9457030109  
-1.086198478  
-0.7598613917  
0.3796240111  
-0.05691599233  
0.9263920355  
0.1323700625  
1.05950018  
-1.229502332  
-0.185868586  
2.354974198  
-1.205696133  
-0.1247860839  
0.8650595772  
-0.6613246145  
1.134948977  
1.272432138  
-0.5753704308  
-1.364372489  
0.5976378112  
1.176860369  
-1.15549962  
0.5821095279  
0.1092992458  
-0.6707269662  
0.5679777302  
-0.09701001297  
-0.1933933727  
-0.8238307525  
1.233836412  
-0.1127363264  
-0.672613261  
1.219562216  
-1.808765748  
-0.4062377519  
1.086316798  
-0.4011434443  
1.034065093  
-0.1411285168  
0.8784114342  
-1.717959054  
-0.4935093838  
0.6575306044  
-0.8866081863  
0.7736647076  
1.798930148  
-0.2193182285  
-0.8057795517  
2.139112716  
-1.632066343  
-0.6080058773  
1.686968672  
-1.344375376  
-0.2354699356  
-1.399416888  
-0.3999954658  
-0.09148708352  
-0.3444070053  
0.7882885751  
-0.6409328908  
-0.5201522554  
1.04838365  
-1.180734542  
0.3809311385  
0.4987562238  
-0.3440107461  
0.7897741417  
0.06884845699  
0.03669646634  
-2.111384553  
-0.04294400843  
0.7302863826  
-1.264195352  
-0.4209201794  
-0.5043755193  
0.5079943232  
-1.379812103  
-0.0386874879  
3.082942084  
-0.9804494451  
-0.0697012691  
0.7569126254  
-0.03681670395  
-1.046072169  
-0.04319284059  
