1.355928082  
-0.7872841089  
0.5947105107  
-0.9181825431  
-1.156549832  
-1.056300057  
1.736916093  
1.230539218  
0.05177547707  
-0.7630304158  
-0.445874562  
0.6597359897  
0.7198643072  
1.810980368  
0.1130641247  
-0.3932610423  
-0.704230972  
-0.788608592  
2.701745617  
-0.03474354913  
0.685640591  
0.8397658384  
-1.810535823  
-0.4113367439  
1.588644693  
0.5099930542  
1.015592309  
0.435201692  
-0.5627368374  
0.3033378782  
0.2996571901  
1.449727646  
-0.5946712899  
-2.470114569  
-0.4745425566  
0.09560204768  
-0.740305528  
1.440218164  
-0.6759050717  
1.643181006  
1.308572076  
0.8673333734  
0.5380658085  
2.742138497  
1.049036632  
-0.2634521156  
-0.3708096318  
0.5981900971  
1.21206444  
-1.154506178  
-0.5930029511  
-0.3137929277  
-1.04570114  
-1.353196981  
-0.4288936488  
-0.2716333266  
-0.7760653947  
1.81286734  
0.2399238233  
-1.019540877  
-1.625054854  
-0.7960159005  
0.43920036  
-0.2631045838  
0.3925635789  
0.7817188015  
2.06069811  
1.244433524  
-0.7420115281  
0.383326653  
0.06440601628  
-0.7794264207  
-0.9458515986  
0.08884477965  
-0.5243322242  
-0.1301203897  
-1.752229127  
0.8219278254  
-0.4172883172  
1.985612366  
-0.4192823848  
-0.01020578318  
-2.201820186  
-0.7885355641  
0.4938081399  
1.085410729  
1.421440903  
-0.5213539398  
-1.192499577  
0.604929548  
-0.695580381  
-0.2244275118  
0.0792993492  
-0.09608392286  
-0.3408324334  
-1.663953151  
-0.08721881854  
0.2852012177  
0.556103843  
-0.9332094888  
-0.7671547312  
0.3948798473  
0.5996802269  
0.6992799936  
0.7825275026  
-0.4659351034  
-1.525078085  
-1.447395238  
-0.9027072018  
-0.1016678454  
0.3004559523  
0.07928093605  
-0.2148504887  
-3.360315744  
-1.683936032  
-1.177530238  
0.7408543516  
1.67848079  
1.169650904  
-1.035601001  
-1.314390814  
-1.50044218  
0.9939474037  
0.1058267249  
0.4603795447  
-0.7063248782  
0.2105951669  
-0.3555424318  
-0.5248490848  
0.3670791989  
0.1234072401  
0.9659663671  
0.02854384668  
0.9769126608  
-0.427503189  
0.165180842  
0.7875149767  
0.3789243533  
1.262345461  
0.752953948  
-0.7851202016  
-0.231829234  
-0.1749722654  
1.092909685  
0.538374625  
0.399247909  
0.4750741372  
-0.150417574  
-0.86533004  
-0.2652432103  
0.154873945  
1.156163049  
0.09883787348  
-1.036348856  
-0.263175615  
0.469199027  
1.924075183  
0.3224798467  
-0.003451229288  
-0.4946954315  
-1.185518415  
2.01693635  
-0.9587833911  
-0.1070728929  
-1.547608013  
-0.5755568707  
1.030768073  
0.5828383709  
0.2442342828  
-0.3251364282  
-0.08268873643  
-0.8015803631  
0.4913310819  
-0.2061589502  
0.327717913  
-0.498713253  
0.09649018593  
1.759897917  
-0.4471092892  
1.290533557  
-0.8623440134  
-0.02018887732  
-0.6051695802  
-0.5125079033  
-0.1867358084  
-1.025927243  
-1.066994027  
-0.6025156977  
-0.0787465617  
-0.3142005534  
1.65299536  
0.04926904453  
-0.4741525523  
-1.206100383  
-0.3069934261  
0.7079631329  
0.2617884846  
1.141119325  
-0.4090791284  
-1.4111335  
-0.5647403772  
1.854316301  
0.6885634114  
-1.470007446  
0.5847330609  
0.6521989955  
0.5781925525  
-1.164439249  
-1.098230986  
-0.07245403642  
-1.16797409  
1.117019496  
-0.5262441955  
0.9456880665  
1.012755609  
0.9245348108  
-2.235082899  
-1.891725596  
-0.02554638019  
0.243718787  
0.8408754859  
0.7140184858  
1.612751455  
0.7672125695  
-1.122703426  
-0.8780805463  
1.424407542  
1.53247554  
-2.59869304  
-0.6441095343  
-0.2984353312  
-1.494285102  
1.820254299  
-1.891090093  
-1.65149684  
0.5966338083  
0.7197814814  
0.3757631068  
0.4299673356  
-0.3766166137  
-0.1045018844  
-0.7445526189  
1.084604517  
0.3868043982  
0.3055788792  
0.1212539914  
-0.3254002904  
-0.676183418  
0.6684590215  
-2.084339224  
-1.960448697  
-1.469942369  
-1.422140813  
2.077027279  
1.015015556  
0.1073749688  
-0.175258436  
-1.23871519  
-1.371358271  
-0.9435114933  
-0.3744549282  
1.383315531  
1.277225311  
0.6421938537  
0.441778681  
-0.7833575354  
-1.473149885  
-0.3771525135  
-0.2468017937  
0.0008211262643  
-0.037173453  
0.7289075236  
0.7285012202  
1.335345098  
2.381441658  
0.4387669711  
0.1187176291  
-0.6976827394  
0.4949653996  
0.8522212667  
0.00945481789  
0.7273080438  
0.2575327275  
-0.6380434819  
0.001585820045  
0.1056963873  
0.4958351637  
1.244648461  
0.0767291009  
1.1144655  
-0.5026105619  
-1.156826392  
-0.8471255873  
-0.389688386  
-0.4157346405  
-0.3265327513  
-0.4880167149  
-0.350383583  
-1.482698695  
0.1734725568  
1.723143145  
0.130018307  
-1.588372329  
-1.98846833  
-0.7307960645  
-1.324516572  
0.9910856986  
1.336501911  
-0.7819767225  
-0.3705563109  
0.02091463637  
0.001609393963  
-0.2498923186  
1.953106879  
-0.02888539804  
-0.9503865485  
0.1041739054  
-1.095731613  
1.174707385  
-2.235850575  
0.6166508162  
0.1734270241  
0.445042232  
0.4304636204  
-2.146795518  
0.4124991391  
-1.339288421  
-0.08443508917  
-1.351826007  
0.6290241976  
0.6082238288  
0.09841058742  
0.1792842707  
0.4505211249  
-0.9447687414  
-0.577726312  
2.08463581  
0.7876518988  
-0.4421062787  
-0.9097864425  
-2.071248597  
0.7680547264  
0.1999356727  
2.640333542  
1.477037363  
0.5842144247  
-0.09452138187  
-1.430155154  
0.2642429422  
1.02742353  
-1.543851474  
1.081015068  
0.8656334701  
-0.8048706642  
-0.704232948  
-0.1452059346  
-0.203492874  
-0.6293189597  
0.2088171704  
2.158840407  
-0.7379116822  
-0.9457095539  
-0.831744645  
-0.5591685745  
0.2187429077  
1.281513086  
1.026126836  
1.022036509  
1.601215677  
0.09279209447  
-0.1276175099  
0.1697489944  
0.8161242218  
0.6051740535  
-0.5942212001  
0.1532503304  
-1.2700557  
-1.025537743  
-0.216447849  
0.4524304683  
1.300286005  
0.952664587  
-0.4072149881  
-0.2875279739  
0.8581312315  
0.9728455556  
0.377240274  
-0.9219725246  
-0.2020286195  
-0.6021929416  
0.9227297002  
0.1300751351  
0.004362240891  
-0.1997658781  
0.4263729188  
1.371962011  
-0.4164552657  
-0.07533898762  
0.3231650302  
0.3663429117  
1.137498173  
-0.5451981864  
1.476520824  
0.7480197397  
2.13824129  
0.2485477344  
0.02078813488  
-1.003946437  
-2.173112901  
-0.1534578699  
-1.369574318  
1.191842032  
0.5987317301  
-2.305046148  
-1.245945185  
-0.1838167042  
1.262701776  
-0.3503899521  
-0.6433161238  
0.6927870078  
