0.4685118336  
0.2533224045  
-0.09781102497  
-0.228466848  
-0.08259252  
0.288423361  
0.2687764834  
-0.1429216271  
-0.4328980432  
-0.6490174966  
-1.102452246  
-0.8104025731  
-0.8021318295  
-1.466680124  
-1.735402514  
-1.802232702  
-2.074368819  
-1.404690853  
-0.8825575919  
-0.87205647  
-0.7747394096  
-0.7747790076  
-0.7125349235  
-0.229109666  
0.06430056572  
0.1839226192  
0.3221262659  
0.5047711588  
0.2563106257  
-0.389838495  
-0.8937598188  
-1.015845565  
-1.755297639  
-1.741919176  
-1.518386571  
-0.8273460301  
-0.3875553897  
0.06462964747  
0.3192591244  
0.6579072714  
0.6292733088  
0.1498382527  
-0.5046672512  
-0.4375828026  
0.4281560205  
1.176785126  
1.451106231  
1.808246801  
1.669387673  
1.697150107  
1.448931252  
2.070015562  
2.106922565  
1.972716141  
1.711518216  
0.9618835697  
0.3180870601  
0.4555347553  
0.4192239345  
0.01694492388  
-0.3048390259  
-0.4194683387  
-0.1105064667  
0.2843072266  
0.3308806868  
0.004391922542  
-0.3409784683  
-0.6295469518  
-0.9420106002  
-0.7586795237  
-0.8220095523  
-1.020790055  
-1.10457559  
-0.4643826622  
0.09862408354  
0.5015277907  
1.142170894  
1.492580894  
1.290006635  
0.9764087349  
0.6380946533  
0.3968174325  
-0.5278772638  
-0.9871663217  
-1.900485602  
-2.21126278  
-1.118277511  
-0.298529442  
-0.1982834546  
-0.03648066865  
-0.8461466289  
-1.480773622  
-1.089311139  
-0.3007436288  
0.3190252663  
1.258610491  
1.3558354  
1.165949992  
1.125653404  
1.486632999  
1.500284725  
1.808478322  
1.518301398  
1.189761174  
0.4469773491  
0.01060470075  
-0.3933262669  
-0.1623141886  
0.414963177  
0.6750368512  
0.870549066  
0.7798481004  
0.8709830628  
1.219728434  
1.305240131  
1.577729478  
0.9570822894  
0.1539330556  
-0.6344771131  
-1.102524854  
-1.161922509  
-1.030324716  
-1.532739898  
-1.975582705  
-1.651108236  
-0.9701923636  
-0.7989947279  
-0.9181791701  
-1.105653048  
-0.7642202081  
-0.9551781998  
-0.4250791831  
-0.387839625  
-0.6367786868  
-0.5102009342  
-0.2845296191  
0.3767032659  
0.7718314063  
0.9472174102  
1.048285639  
1.008016109  
0.9410529712  
1.352241818  
1.600520299  
1.218257806  
1.487384892  
1.290018335  
1.506353454  
1.748788061  
1.425994025  
0.4015461358  
-0.4849516982  
-0.7548866717  
-0.6226924239  
-0.1401716758  
0.1308799616  
-0.167132436  
0.349882854  
0.4895942951  
0.5749662161  
0.21792572  
0.09812039768  
-0.285944755  
-0.7865455095  
-1.386283937  
-1.004760774  
-0.3965671976  
0.1246164315  
0.3215599725  
-0.00257192467  
-0.795793293  
-0.7863740623  
-0.5225677541  
-0.3391264789  
-0.1326170464  
0.1550531149  
0.08254708158  
-0.2939400361  
-0.3178447372  
-0.8567191062  
-0.9566447004  
-0.8036706161  
-0.7394344922  
-0.4772114779  
-0.03192882882  
-0.003602584549  
-0.3533194037  
-0.7851998406  
-0.9677714247  
-1.154257002  
-0.5844774729  
-0.2230795141  
0.154005606  
0.4545085358  
0.7905942471  
0.7751568599  
0.6082727111  
0.2200209018  
-0.01276883116  
0.1943756449  
0.6479895206  
1.077266826  
1.235623192  
1.676737697  
1.918388989  
2.046310926  
1.877189915  
1.997613545  
1.784837047  
0.83718161  
0.5408387331  
-0.06620078837  
-0.4710994562  
-0.6696994834  
-0.4436964023  
-0.04477841553  
0.009916983097  
0.5726226758  
0.4691622442  
-0.14233699  
-0.9215582695  
-1.564919538  
-1.552377547  
-1.24842989  
-0.8499281977  
-0.7424321594  
-1.079194903  
-1.345424031  
-1.099398075  
-0.5659502397  
-0.1754251207  
0.2664447254  
-0.02248506711  
-1.041586625  
-0.7926391169  
-0.5668643833  
-0.343300168  
0.05765026628  
-0.2539869236  
-0.5841375344  
-0.3773609774  
0.2401851041  
0.9599246137  
1.483550978  
1.818199499  
1.55370209  
0.5146333753  
-0.05533202933  
0.06365355911  
0.5944540534  
1.150286976  
1.004941279  
0.6933302506  
-0.012388252  
-0.08873114865  
-0.02316881958  
-0.04994507171  
-0.2928945652  
-0.7150093136  
-1.124558493  
-0.9461590758  
-0.1231085205  
0.2202412565  
0.2291897913  
-0.1775277778  
-0.7996104623  
-0.8954750476  
-0.8629578665  
-0.1696941122  
-0.0400579287  
0.09315600869  
0.183625228  
0.08198090228  
-0.03903792411  
-0.05923760622  
-0.3471133786  
-0.4156405281  
-0.9127404994  
-1.142367205  
-0.9723236399  
-0.7000595238  
-0.6840881713  
-0.8214147807  
-0.7157024967  
-0.2604383769  
0.1372286482  
0.3998462652  
0.8848429131  
0.9100938202  
1.084181296  
1.3862976  
1.507657043  
1.806141645  
1.247624328  
0.3283042333  
-0.3083471573  
0.1156336411  
0.3639814222  
0.467179624  
0.5198208412  
0.515881744  
0.2382892497  
-0.392044261  
-0.3326860072  
-0.04760596801  
0.7540241439  
1.188934717  
1.0608641  
0.4630080246  
0.2069379851  
-0.02562238725  
-0.1539629448  
-0.5494349228  
-0.563216676  
-0.8452503507  
-1.006410324  
-1.548589382  
-2.063697101  
-1.815186002  
-0.9550925749  
-0.2210197819  
0.4452302352  
0.6231750177  
0.9941794956  
1.112224358  
1.110311381  
1.287025678  
1.500942393  
1.339605219  
1.435270054  
1.593468088  
1.290825559  
1.164705414  
1.229029738  
1.160425594  
0.4605248164  
0.07954466441  
-1.046935375  
-1.876669213  
-2.215439111  
-2.422476526  
-3.14611531  
-2.885142132  
-2.388249992  
-1.442838562  
-0.5237588043  
0.2225002231  
0.3925000983  
0.6076874154  
0.6445560628  
0.50087885  
0.6074329289  
1.173853362  
1.325111787  
1.213997415  
0.8099901184  
-0.04810129256  
-0.4088466602  
0.2849445276  
0.8643750573  
0.9862187564  
1.135316025  
0.9779373812  
0.5957550257  
0.3807819368  
0.5646228833  
0.3967644974  
0.149904874  
-0.1481721246  
-0.122777874  
0.4242442139  
0.6546423731  
0.5529771597  
0.1846343601  
-0.04851044087  
-0.3233355494  
-0.5960345619  
-1.214624621  
-1.176114215  
-1.348957646  
-1.283757523  
-1.651201224  
-1.938926544  
-1.959723701  
-1.393023532  
-0.777055732  
-0.7069172532  
-0.3245319907  
-0.4707420478  
-0.5497836362  
-0.8174882947  
-1.477282131  
-2.013567851  
-1.579660512  
-0.7919320316  
-0.2574953933  
-0.06689760392  
0.08178942614  
0.06461500015  
0.8312130324  
1.350695543  
1.686406356  
2.180123482  
2.442833333  
2.500777239  
2.392000773  
1.895909026  
0.7888798974  
-0.4833821309  
-1.00089688  
-1.019648147  
-0.5990369202  
-0.8378719683  
-0.8703285025  
-0.9649946682  
-0.4571707233  
-0.07112967868  
0.3041185956  
-0.01441266712  
-0.6250624096  
