0.4950452483  
1.399922736  
-1.025086849  
-0.1592211118  
1.565656026  
-0.3585577276  
-0.777488753  
0.3843684343  
0.2862456682  
-0.9612286007  
0.1948374722  
0.4804800793  
-1.00170348  
1.328453118  
-0.01248812422  
-0.9808123836  
0.1302076316  
-0.1473043232  
-1.840964577  
-1.502241317  
0.358560701  
-1.395841719  
-0.2948629759  
0.2306743054  
-1.929612578  
-0.5529768195  
1.095296284  
-0.0185095367  
-0.576736485  
-0.3651675138  
-0.5518338812  
-1.815767153  
-0.2416323884  
0.231867884  
-1.80106  
-0.4048936629  
2.304340998  
0.2255745802  
-1.674162221  
0.6480165371  
1.265641859  
-1.45100672  
0.4156030633  
0.8834885331  
-0.1049721672  
-1.197684712  
0.263409317  
0.2372562011  
-1.322958793  
0.4503248617  
0.2824119051  
0.3091230564  
0.06001019657  
-0.2170210207  
-0.319296763  
-0.8418900699  
0.2634331177  
-1.257638623  
0.520832409  
1.231333649  
-2.300077295  
-0.5888679074  
1.342449971  
-0.2553038798  
-1.506492463  
1.040043583  
0.09192723357  
-1.365181497  
0.3788179589  
0.5223095209  
0.810055359  
0.009570522598  
1.440885979  
-0.1538814904  
-1.684592111  
0.3134814475  
0.01952898354  
-1.522427946  
0.2952238432  
0.7547659076  
-1.259000404  
0.5635339473  
1.763254336  
0.7233064932  
0.2310735286  
1.550578301  
-0.6832340131  
-0.6580924224  
0.1897535969  
-0.4754885775  
1.136811674  
1.327902782  
-0.8524161556  
0.1463285473  
1.174339243  
1.120584208  
-0.2674158222  
1.793574949  
0.5567824008  
-1.343095947  
1.155163707  
0.6440936421  
-1.154456088  
-0.08826200921  
0.9553724255  
1.148142034  
0.27272088  
1.139386534  
-0.1744957491  
-2.18052328  
0.8947564027  
1.197450282  
-0.9357884992  
0.1258749193  
1.367353061  
0.5613925417  
0.1486903697  
0.9303287758  
0.2740546386  
-1.039781733  
0.9192970363  
-0.2178278326  
-0.9144272438  
0.3317560722  
0.342781436  
-1.76790008  
0.1381425537  
2.08581944  
0.3618589151  
-1.550552873  
-0.002158022589  
0.7077470027  
-0.6047539017  
-0.4035749465  
2.005494963  
1.273995168  
-0.343509582  
0.490309977  
0.1253876385  
-1.685868397  
0.5473785462  
-0.0185959681  
1.006611397  
0.06498042514  
0.467518085  
-0.1945160243  
-1.089476796  
0.4966306187  
-0.5412006072  
-1.176165676  
0.6905821617  
0.2053536496  
0.4341985576  
1.182750127  
-0.3032991712  
-0.01254905468  
0.5732126835  
0.5079767971  
-0.7737103486  
-0.6598960373  
0.1995414009  
-0.02246029557  
0.7699210903  
-0.2254200227  
0.9585453784  
0.4880115213  
-1.464299665  
0.486788534  
0.1864975294  
-1.76381876  
0.4982741989  
-1.683267338  
0.8732417656  
0.8389824478  
-0.6082576972  
-0.06494263166  
-0.8787333068  
0.3127100265  
-0.823954407  
0.7395726411  
0.7821130643  
-1.087729225  
0.3139291202  
0.0734467861  
0.6521648122  
0.3965969633  
1.185079486  
0.2921091294  
-0.7853631309  
1.445671879  
-0.9175961975  
-2.366974336  
0.7518883384  
-1.569663517  
-1.301411531  
0.1987859363  
0.8099292767  
0.1527912834  
-0.402447837  
1.231935252  
-0.03918346883  
-1.313788396  
0.2210883084  
-0.885475019  
-1.737309325  
1.221481518  
1.579187329  
0.5318639454  
-1.196278982  
-0.03224930578  
0.5883293974  
-0.8264810679  
1.169015532  
1.021626236  
-0.958865675  
0.7874502584  
1.583920986  
1.180460834  
-0.2608721225  
0.9191123768  
0.5319336679  
-1.852187342  
1.170504919  
1.357112745  
-1.337718088  
0.2903760418  
0.6767693333  
0.6717279638  
-0.4061314061  
-0.1040950382  
-0.1022900916  
-1.140466942  
-0.8008447863  
0.3889456852  
-0.7907538938  
1.31466164  
0.9550089998  
-0.1980103007  
0.5178672468  
0.8790534417  
1.511363403  
-0.6064724155  
-1.183128441  
0.3160676977  
-1.333662769  
0.5635514206  
1.813945439  
-1.301337943  
0.2003664183  
0.05834382051  
0.5255576173  
-0.7585297759  
-0.5431203814  
0.1134635225  
-1.985658138  
0.7387804213  
0.6008514853  
-1.79821274  
0.4758516351  
1.400038794  
1.581948418  
-0.9732725271  
-0.4158599835  
0.7914057806  
-0.7800596411  
0.8231961989  
0.5483625925  
1.484707843  
0.2241613555  
0.5709471852  
0.4582537256  
-2.035208802  
0.8132713904  
-1.071356395  
-2.513093834  
1.072287867  
-0.5476748855  
0.9300269024  
-0.1567383851  
-0.8821312575  
0.3322632221  
-0.4518810408  
0.7613069484  
-0.9499644292  
1.294859037  
1.435471611  
-1.171238499  
0.4722848843  
0.508657705  
0.9182851654  
-0.8072070017  
0.6743316426  
0.5512756188  
-1.890755776  
0.5554516471  
0.7480667839  
-2.153372306  
0.06009012576  
-1.874214967  
0.9445322482  
-1.58049769  
1.669196474  
1.456991735  
-1.749404898  
0.1346727878  
1.027764646  
0.3389672458  
-2.15131254  
1.449899484  
-0.973039249  
0.02833669018  
1.671918461  
-1.012136097  
0.7862838497  
-0.7537798401  
0.818257639  
-1.537265536  
-2.076860456  
1.115812104  
0.08103444098  
0.6610022367  
-0.570871859  
0.9843181085  
-0.8071978178  
-2.536213238  
1.204290571  
-1.556683474  
0.7282285208  
0.5408997015  
1.073502621  
-0.7258443804  
-1.026562725  
0.6053036921  
-1.565035663  
0.630539416  
-0.3499758594  
-0.5277898924  
-0.4540202079  
-0.2197699574  
-0.08813382655  
-1.663290768  
0.3572862213  
-0.9633587629  
-0.5908466734  
0.5743514887  
0.3299487031  
0.8789445615  
0.3301823554  
-0.4469864897  
0.2360775943  
0.1743340176  
1.250137656  
-1.435598933  
-2.05527751  
0.4417473257  
-1.422268505  
0.858082756  
1.462772152  
-1.436357036  
0.5685676178  
0.6289671505  
0.6264006767  
-1.735272504  
-0.2824393309  
0.5069354097  
-1.019348516  
0.4919989873  
-0.4252613707  
0.9286396125  
0.2713173755  
-0.3479548404  
0.3404123083  
-1.128504403  
0.7569637421  
-0.5309119892  
0.1143503568  
0.425213657  
-0.1271231675  
0.5972482601  
-0.3189341791  
1.390628781  
-1.532438543  
-0.7043322469  
0.4227407319  
-1.241865418  
0.7587632781  
0.1504328836  
0.6400417297  
0.1305015691  
0.8430816478  
0.6447951103  
-1.091320346  
0.7423938956  
0.3313606439  
-1.673858635  
1.026282329  
-0.3511530793  
-0.4696332146  
1.599218983  
0.4078724703  
1.171355542  
-2.230156144  
0.7954876879  
-1.561391913  
0.7368129993  
-0.1342771912  
0.07522280498  
0.03849698386  
-1.576570119  
1.650409685  
-0.7308316652  
-2.081722147  
1.308905928  
0.7243901126  
1.325103288  
-0.5404712008  
1.432351126  
0.1877971124  
-1.533108149  
1.254169354  
