0.7764655861  
-0.6126616743  
0.2733197983  
-0.4755384295  
-0.9812170421  
0.290907097  
-0.3982516981  
-1.644763776  
-0.1937443712  
-0.5092292585  
-1.575340254  
-2.571960088e-06  
-1.259346206  
0.3310742899  
0.337981488  
-1.189011526  
0.5796120071  
0.3485926655  
-1.292808304  
0.209566721  
0.806072595  
1.613890368  
0.1201590874  
0.7077862971  
0.1128854817  
-0.2992021586  
0.04725062085  
0.6737509508  
-1.200514383  
0.04335520284  
-0.2389259525  
-2.36782757  
0.5032737876  
0.8440093846  
0.6082544606  
-0.7000375712  
1.125284887  
0.4755604741  
-1.300215765  
0.5662999964  
0.5481540142  
0.6446314713  
-0.9067385087  
-0.6423500211  
0.4638759125  
-1.351827183  
0.5365915917  
1.027473948  
-1.146386732  
0.2434564924  
1.091264848  
0.05746651963  
-0.9625869776  
-0.2303712494  
-0.5797619853  
0.816518302  
0.6112273726  
0.2812479623  
0.2409315872  
0.0289295146  
0.4923903051  
-0.4865739425  
1.493573674  
0.7248844673  
-0.9544890048  
0.3099378841  
0.9883287803  
0.443017596  
-0.6140084966  
0.6543582151  
-0.04085893956  
-1.096350801  
0.6838980056  
0.05481932369  
-2.028514314  
-0.0609994963  
0.4043044472  
-1.817637848  
0.04664780687  
0.9666119901  
0.2326124528  
-1.062754444  
1.063535317  
-0.3409513833  
-2.145533156  
0.2584999849  
-0.1173417799  
0.8896373434  
0.4603121106  
-0.2318311632  
0.09209860363  
0.3966440689  
0.6934139234  
-0.4366264222  
0.04476053811  
-0.04131307832  
-1.127676711  
0.552358653  
0.3694314866  
-1.277499634  
0.236661906  
0.9374762798  
1.135214709  
-0.2982952563  
0.9512815842  
0.1766559561  
-0.9461367171  
-0.07085041005  
0.04253143011  
-1.452556138  
0.4255865288  
0.9528709677  
0.7348127507  
-0.6008691484  
0.2695622581  
0.6688545909  
-1.039668591  
0.2013206001  
0.2277650115  
-1.206567714  
0.2647373627  
0.2465837725  
1.683473684  
0.2372618485  
1.017782141  
0.6535749647  
-0.6766234417  
1.109110399  
0.07104709018  
-1.240573469  
0.178066489  
0.5590740635  
1.100918615  
-0.3185085101  
0.5534509116  
0.0750893118  
-0.9419933624  
0.335518045  
1.194645623  
2.361543461  
-0.657839419  
0.8633501058  
0.2494140496  
-1.408133455  
0.4131253443  
0.08988624528  
-1.913837772  
0.7331268991  
-0.2203779681  
0.9496629755  
0.8270142923  
-0.3337928469  
0.07000029456  
-0.138960234  
0.1362045294  
-0.6863913397  
-1.242622694  
0.9099002512  
-0.9063667124  
0.8148162639  
0.3791259159  
0.1218143143  
-0.05125484121  
-1.776051835  
0.3433408255  
0.07265503122  
-1.958791067  
0.8002342565  
0.3329978831  
0.9612842577  
-0.1638891906  
0.05668002636  
0.07266160025  
-1.301325647  
0.3030095353  
-0.4020340543  
-2.067628069  
0.9915591921  
-1.00772434  
0.1309189071  
0.9371241799  
2.281086335  
-0.147501444  
0.6175922079  
0.06834101875  
-1.885228562  
0.9244778245  
-0.3136544409  
-1.099980425  
0.2502117549  
-0.0226196332  
1.926862287  
0.01644002269  
-0.007499814381  
0.7818816386  
-1.401378586  
1.840799667  
-0.0418818025  
-1.550440777  
0.3155094506  
0.009884256403  
1.664924012  
0.8028340773  
0.2505380976  
0.8876665821  
-0.2531373271  
1.776249587  
0.2936069802  
-1.324652377  
0.5581915123  
0.1394885396  
-0.2967288685  
-0.07346176306  
0.05674498606  
0.3574353177  
-0.8183425638  
-0.5400518307  
0.5238071784  
-1.306410123  
0.2920894381  
-0.1013736336  
-1.724127291  
-0.09327836007  
-0.08111406753  
0.808564976  
-0.1862420192  
-1.276854345  
0.195127572  
-0.932054525  
1.353681911  
0.9470279787  
-0.8775735529  
1.035170318  
0.3341723179  
-0.04889683276  
0.4908313784  
-0.3364093029  
1.07907661  
-0.4108193904  
-1.639522641  
0.3100152476  
-0.7379707706  
1.399931166  
0.6336966555  
-0.6777266634  
0.2753938207  
0.05366893551  
0.8308943051  
-0.3401027346  
-1.543947324  
0.6835911842  
-1.251272434  
0.9160317431  
1.063677272  
-1.895977221  
-0.003007031545  
-0.2719226692  
1.053300214  
-0.9785978385  
-1.981630795  
0.6392116428  
-1.477343799  
0.950047215  
1.143612759  
2.135110524  
0.03963101423  
1.273835554  
0.6143244384  
-1.364722531  
0.3563452224  
0.106584995  
-2.557442938  
0.7877976068  
-0.5093371129  
0.7326263285  
-0.7025376623  
1.939931591  
0.1597764747  
-2.245454594  
1.124143397  
-0.0223016002  
1.718441975  
0.5558122476  
-0.0724175064  
0.3961943572  
-0.4601475627  
0.7144660458  
-0.976463958  
-1.708646175  
0.6180683061  
-1.859900563  
0.679747691  
0.763600732  
-1.610012635  
0.1686898465  
-0.7441411834  
1.016752466  
-0.7024276197  
-1.455537772  
0.8584759565  
-1.218394278  
0.4660096331  
0.2745426016  
1.394562812  
-1.004108478  
1.397657046  
0.06117770568  
-2.680682596  
0.6875624127  
0.107575066  
0.3246948029  
-1.072405292  
0.8320090728  
-0.7381390017  
-2.561716938  
1.299906375  
-1.11412569  
0.861863347  
-0.2565940161  
2.392073287  
-0.3952639275  
-1.621269827  
0.8566635202  
-0.9731682732  
1.111586299  
0.4289576694  
1.592091177  
-0.9700800046  
-1.983411383  
0.3891968895  
-1.84271556  
0.842407785  
0.9906812845  
1.431249133  
-0.1068227515  
0.0402419531  
0.636243553  
-1.572319207  
0.7444575367  
0.1164000364  
1.114339245  
0.0005417265987  
-0.02324364897  
0.7165197937  
-0.8971860243  
0.2834480335  
0.3369749771  
-1.578724854  
0.6478217943  
-0.1254240388  
-2.145345822  
0.9908879153  
-1.757693825  
0.9385424878  
0.1025024888  
-1.169882458  
-0.1858667908  
-0.9830836714  
0.6548318004  
-1.059081116  
-1.768233777  
0.6381955901  
-1.709291142  
0.6670254854  
0.4853240397  
1.504640382  
-0.1584574054  
0.7645247741  
0.4277853472  
-1.678217171  
0.5135299296  
-0.3315981268  
1.073416112  
0.6066475373  
0.6902107431  
0.4081116053  
-1.558049779  
0.8777969205  
-0.6727963432  
-2.285733028  
1.246005433  
-1.251838547  
0.9393246365  
0.8385657298  
2.070245431  
-0.8770648686  
0.7723430679  
0.3532912661  
-1.371403265  
1.656758869  
-0.1237345159  
-2.237250472  
0.5511831999  
-0.3476361816  
1.944978671  
-0.09611261181  
0.03791144336  
0.7778451119  
-1.057155578  
1.46674773  
-1.051928714  
-2.966997125  
0.8322538786  
-0.9641213661  
0.3441228097  
-2.27536518  
1.08477988  
-0.9199825034  
1.850282038  
0.8358493942  
-0.04834223988  
0.806924583  
-0.7349120177  
1.807344173  
0.1484448962  
-1.968401014  
0.6307002951  
-0.3926654752  
1.90585825  
0.1110363762  
