2.021933271  
1.04008367  
-0.2211866667  
1.29584352  
-0.4793687367  
-0.5505619351  
0.5280806152  
1.076882647  
-1.005736735  
0.05922364263  
1.690715436  
-1.3336485  
-0.1979452408  
0.3339724008  
-2.350388061  
0.3544384473  
1.010707611  
-1.11794597  
-1.008696009  
0.9094174952  
-0.5982048359  
-0.529066274  
1.94273914  
-0.07180421897  
-1.414681073  
1.193392084  
-0.7924599866  
-1.318602568  
0.9019072879  
-0.4552190678  
-1.165183129  
0.763267455  
-0.5257697011  
-1.298617931  
-0.1179172878  
0.6115846461  
-0.6454533891  
-2.606273238  
1.699080605  
2.555563311  
-0.0186961537  
-0.7358151579  
0.5031990446  
-0.3239411218  
-1.982388776  
0.3780303697  
0.7331652539  
-1.188912866  
-0.8519588046  
1.227170114  
0.300406534  
-1.230305333  
0.6878757533  
-0.7687170943  
-0.07352337562  
1.140338423  
-0.1101760487  
-2.053295812  
0.5257268901  
-0.4094755321  
-1.580410072  
1.162419236  
1.272618435  
-2.205938756  
0.598521027  
1.664470696  
-0.6856397812  
0.3772332188  
0.9844705283  
-0.3818014121  
-0.01067678639  
1.265587485  
-0.4390985236  
-1.366482063  
0.7442000419  
0.1269839651  
-1.421427248  
-0.06084522165  
1.547402686  
0.0067583133  
-0.2956563254  
0.6262445595  
0.9626906697  
-0.4362491863  
1.2693177  
0.4883008796  
-0.7221584553  
1.396269836  
0.3071250465  
-1.89044005  
0.7771249635  
0.5361536399  
-1.228497368  
0.9182252592  
0.5617282915  
-1.529239323  
0.6511862998  
0.7036185118  
-1.447697566  
0.3809460064  
1.199219674  
-0.8295588439  
0.02107748674  
0.6529606793  
-0.2455041261  
-0.5369150292  
1.030372563  
0.3889829251  
-0.6693391325  
-0.4552542121  
0.4329252703  
-1.247251334  
-0.678920839  
0.7240178025  
0.4174423537  
-1.495217017  
1.127201332  
-0.02741180499  
-1.897581562  
-0.03836676068  
0.3072528088  
-1.485392274  
0.5612006987  
0.7507248042  
-0.9343198717  
-0.08056987201  
1.323256207  
0.0219050835  
-0.8969088317  
-0.3304678577  
0.9814061796  
-0.9112244503  
-0.6525330312  
1.123506717  
-0.6549298201  
-1.545857055  
-0.3815119242  
0.1970585168  
-1.730726885  
-1.277378322  
1.629557683  
-0.1582522879  
0.8148691302  
0.8656384731  
0.6912801135  
-0.2039600362  
0.8538107923  
0.3613638537  
-1.601594083  
0.8695179661  
-0.3733855552  
-0.8087203814  
-0.2306790887  
-1.10772998  
-1.45680848  
-0.2140834295  
0.5081447905  
-0.7655705878  
-0.5719044386  
1.209051746  
-0.04917609965  
-1.292815173  
1.009458108  
1.511246245  
0.5717273352  
-2.011460264  
0.7976516598  
-0.3012142258  
-0.6945454742  
0.9591085328  
0.3451739285  
-3.021193761  
1.605967468  
0.6866570651  
-0.1811346177  
0.7028708336  
0.8449305067  
0.8552943526  
-0.5742368092  
1.405292123  
-0.5450129835  
-1.399203073  
1.21135842  
0.2434443541  
-0.5204155812  
1.407931502  
0.2814573836  
-0.9341706647  
0.7048188965  
-0.1072243608  
-3.806428237  
1.161942301  
0.5255795201  
-1.799799282  
1.929896629  
1.652581932  
-0.1557562144  
-0.7087670835  
0.2210971598  
0.3394690583  
-2.299109773  
1.536609649  
0.6616288129  
-1.859647784  
0.8863954118  
-0.07749053524  
0.1539722276  
-0.7648474251  
0.3020532357  
0.4169735339  
-1.368066404  
1.148775382  
0.7654245926  
0.6310521217  
-1.369409825  
0.4125422653  
0.9801777686  
-2.147235956  
0.531184862  
1.329930052  
-1.631993467  
1.724205597  
0.892198682  
-0.1999394172  
-1.458486004  
1.249063266  
0.2950023439  
-0.9497718318  
0.5291575966  
0.8069163969  
1.109513677  
-0.2645335638  
1.038642305  
0.3200762626  
-1.019318046  
0.7999915004  
0.6992231083  
-1.634561423  
0.8426006316  
0.33969456  
-0.7114865937  
-0.00751279821  
1.383200379  
0.3349484227  
-0.7987100369  
1.029547398  
-0.2865992812  
-1.224769796  
0.6668361729  
0.5971672289  
-0.3983227986  
0.2427230347  
0.9995963232  
-0.3093474504  
0.461865773  
1.949565969  
1.18403198  
-0.09328898562  
-1.888049579  
0.1123495967  
-0.4356429011  
0.2116780374  
1.202664365  
0.03235923767  
0.1368767608  
0.2743264634  
-0.3083024879  
-0.5170646295  
0.6779161686  
-0.3503715551  
-1.607783602  
0.3477560502  
1.166647127  
-2.980588197  
0.2009445145  
0.3920911764  
-1.409278142  
0.1743245374  
1.446039488  
1.13830597  
0.003988019863  
0.6012324597  
-0.5337482767  
-2.046576627  
0.7746065219  
-0.04986911932  
-1.133976603  
0.4196109707  
-0.5713328663  
-1.048920783  
-0.05672276985  
0.4415853372  
-0.06001499791  
0.1851935011  
1.326085031  
0.1080767111  
-1.515999171  
0.8881259025  
1.689279407  
1.287466134  
-0.1706327447  
1.459821041  
1.086566491  
-0.4563001866  
1.197362799  
-0.1637323671  
-1.528302317  
0.7952154943  
0.6995853113  
-1.289995106  
-0.1444462048  
0.4420465593  
-0.2741510964  
1.130861902  
1.60445956  
0.5690935525  
-1.30895711  
0.9600498833  
-0.7939251664  
-0.7271049693  
0.2364702673  
1.195086362  
0.533751501  
-0.447769731  
1.292928924  
0.9504088596  
-1.57008418  
0.1215429537  
0.2901936225  
0.6632942179  
-0.02232838395  
1.399895987  
0.3352104078  
-0.07864582317  
0.9772611493  
0.6083853336  
-2.125554904  
0.3350139593  
0.5921443871  
-1.019954364  
0.8914346553  
0.5246841089  
-0.3316025252  
1.384602734  
1.090304776  
-0.2752468826  
-0.2377265372  
0.4466471453  
-0.2805737758  
-0.724582077  
0.2224862927  
0.3197200629  
-1.413996851  
1.256785358  
-0.3647196125  
-0.9966558576  
0.6687432701  
-0.07166731392  
-0.8029333589  
0.9643907374  
-0.07277380116  
-2.020550259  
-0.8740731278  
-0.180399707  
-1.074459779  
-0.5190050535  
0.1836237609  
-0.857508585  
-0.3336694567  
0.2157993999  
-0.2081617126  
-0.5191651231  
0.8862793638  
-0.4343265403  
-0.7973440834  
0.1916160194  
0.7548838026  
-0.3893129831  
-0.04748094651  
0.3226404308  
-0.6659784472  
-1.426894731  
0.6754567435  
-0.7107943268  
-0.01594579679  
0.2553759418  
-0.1792030768  
-0.5545211687  
0.3598966773  
-0.2336438859  
-1.600266056  
0.5975494189  
-0.08398537943  
-1.559151985  
0.1387406991  
-0.1758953704  
-0.8526554977  
0.3237093455  
-0.2072987078  
-1.37920936  
-0.90227947  
0.8834014309  
-0.2378310701  
-0.6704148107  
1.133479686  
1.929353567  
0.4009059937  
-0.357201759  
1.566177648  
-1.163878893  
-1.153248375  
1.077255232  
0.03659721193  
-0.394864983  
-0.07670913649  
1.415503194  
0.376099874  
-1.282699705  
-0.2584195445  
-0.981775523  
