1.198182247  
0.6697483343  
0.03567140413  
1.190405342  
-1.141207122  
0.2421138265  
0.9714171391  
-1.879196532  
0.3378788312  
1.169664665  
-1.985940288  
0.3588938609  
1.361828474  
-1.478840796  
0.3665974707  
1.246401802  
-1.140841355  
0.3956558159  
0.1156080567  
-0.3646632636  
1.032070034  
-1.453072448  
0.2970618609  
1.399608933  
-0.8505095598  
0.9974799139  
-1.826640613  
0.4913686199  
1.290821624  
-0.8637431342  
0.8712136614  
-1.615502669  
0.3331224866  
1.318344297  
-0.9948556345  
0.8003163561  
-1.623532544  
0.4546499947  
-1.278113326  
0.5084311898  
1.388282747  
-0.8133380674  
0.8483060608  
-1.586751586  
0.4719417225  
1.442542114  
-0.8759653851  
0.7672340233  
-1.524538692  
0.613982749  
1.135013421  
-0.13614964  
1.1666138  
-1.09502094  
0.9168954065  
-1.355715506  
0.391433779  
-1.306332184  
0.3604885905  
1.449376284  
-0.9441561591  
0.9761210259  
-1.41376949  
0.4204567253  
-1.262298624  
0.4118562701  
1.203075531  
-0.9308778604  
0.5805021836  
-1.740018729  
0.1812539524  
1.111466553  
-1.213707927  
0.6590535403  
1.304065481  
-0.5233182728  
0.9161282326  
-1.64790822  
0.3968320306  
1.445345025  
-0.7268337742  
0.9655602381  
-1.232453513  
0.4442529528  
0.02543872311  
-0.2241016325  
1.014032867  
-1.140839189  
0.4841808475  
-1.440603914  
0.2171378441  
1.056467695  
-1.278357169  
0.5660577476  
-0.7425119217  
0.2573248982  
1.196353015  
-1.296011254  
0.517778652  
-1.18813095  
0.425145091  
1.158239328  
-1.151368067  
0.6807458849  
-1.585037702  
0.4519488681  
1.235636738  
-0.9984839924  
0.6945434215  
-1.805438528  
0.4606840189  
1.309736553  
-0.9816143635  
0.8631097437  
-1.789030069  
0.483466877  
1.227028241  
-1.095689315  
0.5305226099  
-0.3849289616  
0.06999590188  
1.159571409  
-1.342752105  
0.1703256519  
0.7141491777  
-0.8140490689  
0.9807604527  
-1.404100092  
0.4425118464  
1.48029106  
-0.609147713  
1.059603038  
-1.114063143  
0.7325511644  
-1.029672534  
0.1555129781  
1.109201976  
-1.122799108  
0.8130269371  
-1.17863677  
0.5877501699  
-1.189914617  
0.2538508293  
1.088719048  
-1.05090076  
0.8126600943  
-1.595113576  
0.3514663233  
1.399603522  
-0.8359284598  
0.772308755  
-1.775265761  
0.470797636  
1.277340771  
-0.9355022154  
0.7533367748  
-1.793251836  
0.2867427516  
1.389424691  
-1.02650695  
0.4249257429  
-1.843590803  
-0.0177310094  
1.197547226  
-1.0896261  
0.812001905  
-1.628718677  
0.341572046  
1.142768618  
-1.114971791  
0.7216637142  
-1.626116831  
0.5075790928  
1.364669058  
-0.9596532329  
0.7194600035  
-1.656921738  
0.2589480763  
1.260176394  
-0.3588986995  
1.002168353  
-1.39657613  
0.3030070303  
-0.09810005301  
0.01797932206  
1.27444154  
-1.280834323  
0.4636409152  
-1.335594244  
-0.1648417859  
1.00171703  
-0.8968408341  
0.4426867472  
0.04880140747  
-0.4726386749  
1.114744498  
-1.147012258  
0.5282635842  
0.354307673  
-0.3401566174  
1.047267362  
-1.078641708  
0.2608659398  
1.273559937  
-1.03722788  
0.5249009239  
-1.866683475  
0.08720832887  
0.9955102145  
-0.5143099344  
0.878873541  
-1.45487509  
0.3719683685  
1.332883621  
-0.8931399747  
0.8375253697  
-1.319562061  
0.07787346023  
1.174046114  
-1.091966926  
0.8415223905  
-1.512497681  
0.5690718325  
1.223591934  
-1.207203684  
0.7096113564  
-0.0364096762  
0.3448253336  
1.355681162  
-1.242881209  
0.3102248365  
1.34209498  
-0.58521805  
0.8291061833  
-1.910576755  
0.1914905831  
1.194938297  
-1.331864652  
0.6482569444  
-0.005193293234  
0.1542691329  
1.156310789  
-1.045857662  
0.5525648621  
-1.700659686  
0.1671511806  
1.230253116  
-1.06688103  
0.7397470395  
-1.747060568  
0.1862578129  
1.209483129  
-1.031935867  
0.3891758272  
-1.530165379  
0.3327218527  
1.523905167  
-0.8507638467  
0.8559449331  
-1.618598253  
0.1828654118  
1.712457774  
-0.6006942634  
0.837960092  
-1.267066477  
0.4150797858  
-0.1864581061  
0.4270483975  
1.265362659  
-0.9715831336  
0.7514073797  
-1.38588042  
0.4919040134  
1.46229381  
-0.3380644995  
1.066832763  
-1.278698668  
0.1843853084  
1.43061229  
-0.9295460195  
0.9482664471  
-0.9257992118  
0.3764763421  
-0.9634457618  
-0.05969958768  
1.053788963  
-1.077684267  
0.7956205122  
-1.37405041  
0.4837257472  
1.312004957  
-0.9576384255  
0.5712782085  
-1.653835245  
0.4728551668  
1.427943898  
-0.9186725921  
0.762252035  
-1.337259734  
0.36332044  
-0.217244188  
0.4119334308  
1.360128601  
-1.136589703  
0.9688135098  
-1.216073439  
0.8076194272  
-1.325873694  
0.2487976877  
0.7865725168  
-0.3595535339  
1.001611304  
-1.059173431  
0.7679057931  
-1.525989664  
0.05063394881  
0.8347528207  
-0.5204668637  
1.032008648  
-1.40444446  
0.313420306  
-0.8625384526  
0.2956126227  
1.612022017  
-0.5653918799  
1.142202857  
-1.337517072  
0.5450284013  
-1.404500066  
0.2397456555  
1.487257112  
-0.5998040703  
0.7619485294  
-1.242017275  
0.2431487533  
1.294725523  
-0.3628382057  
1.105819498  
-0.8863369461  
0.8228018354  
-1.090895085  
0.2676676652  
-0.9059882045  
-0.2571697601  
0.8382370761  
-1.571292514  
0.4113742801  
1.30620117  
-1.051609222  
0.7791205423  
-1.576292269  
0.3059803323  
1.421404673  
-0.5633700569  
0.9308993798  
-1.460999309  
0.4960209867  
1.253529054  
-0.9251839741  
0.8703082962  
-1.673724928  
0.2603127277  
0.8880017647  
-0.8695598833  
0.7713171608  
-1.306601179  
0.3511280675  
-0.5160269765  
0.3100813346  
1.23377466  
-1.175253265  
0.7409191146  
-1.343157019  
0.2571315748  
-0.3633219022  
0.09320874657  
1.161824633  
-1.314216193  
0.7289497909  
-1.624907882  
0.242367617  
1.47740668  
-0.934516455  
0.7862561566  
-1.187010455  
0.4550319084  
-0.560979307  
-0.03416862415  
1.028170831  
-1.235437523  
0.4502888871  
0.5070642646  
-0.4415237052  
1.014360292  
-0.8855240816  
0.3773942124  
0.5476966144  
-0.6462217281  
0.8526481295  
-1.427738567  
0.6738745993  
-1.282967734  
0.2497639252  
-0.9648173354  
0.274943271  
1.704692291  
-0.3144470114  
1.160906082  
-0.7389229517  
0.1579495498  
1.410973603  
-0.4898434219  
0.9933375272  
-1.429658121  
0.1800034985  
0.6396695303  
-0.2973964755  
0.9429667355  
-1.124076986  
0.1229280349  
