1.516430256  
1.426810713  
0.9251949394  
1.014059445  
1.09546743  
1.19234844  
0.7160458946  
0.9973496284  
0.8354663841  
-0.1401944379  
-0.2005697042  
-0.5198209376  
-1.168660628  
-1.092854477  
-1.385658485  
-1.661849064  
-1.206636089  
-1.243288309  
-1.740569054  
-1.524812715  
-1.186746743  
-1.59098045  
-0.4187860379  
-0.1475649768  
-0.7258708865  
-0.2292290771  
0.3498733685  
0.4156776891  
1.308951018  
0.9547765653  
0.7607675371  
0.3928484566  
1.397765577  
1.657148827  
1.264556239  
1.322459092  
1.498703279  
0.1873001084  
-0.4148758991  
-1.073513421  
-0.6375029533  
-1.184087659  
-0.9871456366  
-0.7416206173  
-1.011331692  
-1.239052508  
-1.052295608  
-0.8602858417  
-1.560719734  
-1.292427532  
-0.8012466997  
-1.263803062  
-0.8988906695  
-1.139323128  
-1.049477629  
-1.108960778  
-0.4419702708  
-0.9108239414  
-0.9262137704  
-0.7490975395  
-0.8797285284  
-0.5119736245  
-0.2799536374  
-0.2077135612  
-0.09117886656  
0.4279213104  
0.9677386516  
0.4724191806  
0.9486379416  
0.4482300165  
-0.3919264624  
0.3367301948  
0.5154507619  
0.09685863699  
-0.3102829321  
-0.1626197747  
0.1355951002  
0.2672429942  
1.188712307  
0.7826765268  
0.1202650417  
0.03430000809  
0.2194923582  
-0.009744456473  
0.09380562832  
1.078246053  
0.7620188227  
0.6753573952  
1.207601199  
1.115495683  
1.176245721  
1.73645372  
0.8729351511  
0.6309409929  
0.7300377658  
0.3283140149  
0.9289589685  
1.061917692  
0.9627297016  
0.05990713825  
0.04941500289  
-0.02936009083  
-0.5815466268  
0.0685594511  
-0.2171089214  
-0.8064001487  
-0.7112150242  
-0.9239638515  
-0.7189038376  
-1.342042653  
-0.749126427  
-0.705776314  
-1.555208408  
-1.272830607  
-0.8221707969  
-1.023597367  
-0.4269120736  
-0.7573115414  
-1.103916347  
-0.9162257446  
0.2032788732  
0.3466951597  
-0.1171238717  
0.9429620238  
1.449464899  
1.33789809  
2.412470864  
2.660008212  
1.819646992  
1.202956597  
0.8012550594  
0.2056001238  
-0.5612515213  
-0.2079428131  
-0.4753504052  
-1.086903196  
-1.331390964  
-0.530558784  
-0.5478772347  
-0.1243138138  
-0.4282073237  
-1.413979172  
-1.859418238  
-1.607585993  
-0.7751340278  
-0.1667326577  
-0.4423305017  
-0.2027551658  
-0.9383883405  
-1.469775319  
-0.4935766926  
0.2526567909  
0.03166581424  
0.2914972477  
-0.05090288223  
-0.3370686212  
0.2539301084  
0.7504889595  
0.7841335662  
0.3552365407  
0.618297408  
0.8650995771  
1.093363255  
1.832739377  
2.704686032  
1.875050902  
1.513655329  
1.288712834  
0.7055089557  
-0.08400378478  
0.6981335133  
0.6075417821  
0.4629171818  
-0.1793682476  
-0.5129527738  
-0.9448686002  
-1.189500039  
0.09387346183  
-0.4772973197  
-0.6969180007  
-1.481080145  
-2.273329361  
-1.662123957  
-0.3209720722  
-0.4682837862  
-0.4941830934  
0.151702251  
-0.6282921683  
-0.6522076051  
0.08775787733  
-0.0242201977  
-0.269675442  
-0.3573795985  
-0.4816904831  
-0.1275372453  
0.4703713279  
0.8957354363  
1.380037742  
0.6012654938  
1.088357146  
1.064505859  
1.484915871  
2.197330329  
1.886393469  
1.854372695  
2.096993084  
2.623645005  
2.021922975  
2.015390036  
1.946669921  
0.9060386707  
0.1202723823  
-0.1585082109  
-0.07891303269  
-0.7309195395  
-0.8769269785  
-1.21835948  
-1.920367341  
-1.401026433  
-0.4696294935  
-0.6244055029  
-0.8850571802  
-1.221952216  
-1.703989809  
-1.835926316  
-1.275135157  
-0.9258756703  
-0.7281628588  
-0.6201890395  
-0.6933265098  
-0.04451760913  
-0.3523397121  
-0.7079190961  
0.2441376164  
-0.503199858  
-0.2274244993  
0.3892431319  
0.08843365718  
0.1808329189  
-0.247061561  
0.08140126085  
0.2614693119  
-0.3265093665  
0.2970125309  
0.04649511025  
0.3300363025  
0.05756929334  
0.5860851653  
0.8752894534  
0.8584034753  
0.7882807834  
0.8533079589  
0.5009291863  
0.6581298779  
1.320526095  
1.569206871  
1.149028914  
0.4974875487  
0.504810082  
0.7163418389  
1.311681883  
1.565489274  
1.203703952  
0.295983678  
-0.5207781694  
-0.640931653  
0.001334387063  
0.4339555093  
0.3279119401  
-0.8473139941  
-1.042388327  
-1.261690139  
-0.5866544181  
-0.1547355574  
0.02126061251  
-0.8152130142  
-1.306593997  
-1.192532844  
-0.8291807108  
-0.882248426  
-0.3350174392  
-0.4539541522  
-0.5978233792  
-0.4242028707  
-0.3954654331  
0.09329057932  
0.2541278402  
0.7209308182  
1.097453733  
1.183469888  
0.9492230407  
0.08350609036  
-0.1945623914  
0.3527093641  
0.2177432643  
1.070342317  
0.7531945163  
-0.1402663784  
-0.8176784328  
-1.156536747  
-0.980856946  
-0.7588864836  
-1.258015763  
-1.154596523  
-0.9958880688  
-0.7506166887  
-0.08100512236  
-0.7005367197  
-0.9361295744  
-0.5698954262  
-0.1519413862  
0.3197272772  
0.7438763707  
0.9334078561  
1.269907146  
1.444305584  
1.712826767  
2.167001528  
2.223707196  
2.131362926  
1.360571221  
0.6642716105  
0.754535525  
1.522854914  
1.613387651  
1.604601454  
1.075547839  
0.0006032472234  
-0.8806474887  
-1.421630413  
-1.628405674  
-1.795040999  
-1.029653692  
-0.8727955007  
-0.7081241031  
-0.8779547345  
-0.8205889954  
-0.644261052  
-0.6852083108  
-0.3530830869  
0.09440973656  
-0.180034522  
0.2227684615  
-0.08914049712  
0.04096777704  
-0.2512720723  
0.04003664689  
-0.2290050701  
-0.2870840925  
-0.2040479102  
-0.403657712  
-0.4901777594  
0.187753198  
0.07276885189  
0.4772431424  
0.677595013  
0.02068917855  
-0.4221522248  
-0.8135807431  
-0.07134129834  
-0.06080885975  
0.9228664195  
0.978835501  
0.5923176481  
0.6117779652  
0.4550040294  
0.6640075593  
0.9940500907  
0.9324665383  
0.216923593  
-0.5031721397  
-0.8149418771  
-0.7694860201  
-0.5865101363  
-0.3967480334  
-0.5113255084  
-0.5011013787  
-1.12393887  
-0.9534221695  
-0.8517843133  
0.02299964832  
-0.5863314697  
-0.5426580126  
-0.5176931196  
0.152494084  
0.9347612063  
1.633313872  
1.8586467  
1.995110295  
1.922971499  
2.248080548  
2.115063854  
1.887254749  
1.774727942  
1.656257211  
1.298866812  
1.210687495  
0.5015832175  
0.05950490847  
-0.2805907069  
-0.4924758293  
-0.3087679585  
-0.7583584676  
-0.9956428942  
-1.450147344  
-1.832594711  
-1.97402323  
-1.223655897  
-1.171181478  
-1.502142841  
-1.801701156  
-1.451610049  
-1.124190413  
-1.050068171  
-1.027219381  
-1.169958285  
-1.308845444  
-0.7425743749  
-0.6474454915  
-0.4596553191  
