1.236895754  
1.678157014  
1.938395872  
1.516641392  
1.359886321  
0.8337128983  
0.5004844516  
0.6614211074  
0.4408858356  
-0.2763867956  
-0.4668726831  
-0.4117280411  
-0.08573547919  
0.6789298613  
0.6529056909  
0.2651090968  
-0.2741222526  
-0.6757226078  
-0.3485757069  
0.04923985149  
-0.3293947872  
-0.5309054858  
-0.7741863475  
-0.395800873  
0.1048704823  
-0.09789656319  
-0.0669558775  
-1.023235143  
-1.74729172  
-1.680611306  
-1.39846857  
-1.018864478  
-0.9594744555  
-1.430676491  
-1.432451599  
-1.372001543  
-0.5811938707  
0.03029853279  
-0.1629215485  
-0.6528311745  
-1.210700687  
-0.7866990714  
-0.9100575344  
-0.2554030276  
0.2206530091  
0.5059221147  
0.8336427985  
0.6480508218  
1.838044954  
2.092418978  
2.097509381  
1.666771228  
0.4558515886  
0.5274972175  
0.268773495  
0.5945533017  
0.4412719245  
0.4708791548  
0.1418140697  
-0.1661147797  
0.3283741002  
-0.04337986885  
0.1188313063  
0.2009473321  
0.3585592581  
0.6627324883  
0.8585522543  
0.8383406883  
-0.05335309237  
-0.1686495697  
0.2210827173  
0.6718604852  
1.533285525  
2.28541603  
2.544861361  
2.671947257  
2.04233624  
1.547016891  
0.4925904712  
-0.7386064673  
-0.8520576136  
-1.172668446  
-0.7118223378  
-0.4533672201  
-0.6295399375  
-0.9300181061  
-1.649699887  
-1.797501097  
-1.689482118  
-1.268003289  
-0.9835153148  
-0.673700896  
0.2571257813  
0.433614661  
0.2890656954  
-0.02262049169  
-0.2998347339  
0.2841566996  
0.4131140002  
0.9493637336  
0.6415287405  
0.0781347104  
0.143765466  
-0.3475630584  
-0.36896972  
-0.4475306607  
-1.009339525  
-1.208453123  
-1.445247207  
-1.411242908  
-1.599624428  
-1.532536281  
-1.089083965  
-1.372280547  
-0.870790278  
-0.7413283162  
-1.036527321  
-0.9758269359  
-1.139371403  
-0.5535567514  
-0.3243106405  
-0.4998933937  
-0.3082347823  
-0.2879898291  
-0.1179087812  
0.111260951  
-0.281348228  
-0.1333986506  
-0.1007695143  
0.4321945318  
1.558415987  
1.374327802  
1.693147896  
0.9889242057  
0.181019409  
-0.5259262586  
-0.3352870535  
0.4653777096  
0.7452852694  
0.9718041952  
0.5081583618  
0.1427644471  
-0.4843675502  
-1.275195329  
-1.017897551  
-1.366209369  
-1.005146691  
-1.001490683  
-0.3314841062  
0.5803156282  
0.5077011083  
0.7796328551  
0.5890541216  
0.6749650519  
1.031763347  
0.9790994824  
0.6824008346  
-0.2643960306  
-0.7500448732  
-0.7113090874  
-1.193986381  
-0.7979276071  
-0.7478889315  
-1.357272338  
-1.102768103  
-0.6006740418  
-0.2176416465  
-0.5827192094  
-0.6432615521  
-0.4587674175  
-0.07173542184  
0.6883951281  
0.8034669208  
0.9595388674  
0.677686966  
0.2498867408  
0.2680654092  
0.3990077651  
0.6073853998  
0.9476485519  
0.5176920841  
0.4535388484  
-0.1191039475  
-0.5744832001  
-0.5444949911  
-0.8539135528  
-0.4404503155  
-0.7373749516  
-0.8723914098  
-0.3773468876  
0.1855537098  
0.4728576879  
0.3449363616  
-0.09412965627  
-0.2887992044  
-0.3749751249  
0.4624849541  
0.7992406442  
0.49945588  
0.3775876438  
0.6013536564  
1.230001248  
1.068987387  
0.8394685383  
1.093583401  
0.9534844615  
1.150434619  
1.045241098  
0.5865575087  
0.4240091796  
0.186775142  
0.9760129542  
1.378180541  
1.698638257  
1.673810053  
1.161949142  
0.8288388387  
0.8158519844  
0.672749518  
0.7367544939  
0.5757200355  
0.5768641896  
0.7655697567  
-0.180023866  
-0.3506320716  
-0.8975527937  
-1.671762566  
-1.948473673  
-2.385737006  
-1.932444678  
-1.521747353  
-1.123146442  
-0.8382253784  
-0.9624323273  
-1.029085246  
-1.147572327  
-1.845373964  
-1.536288635  
-1.060852356  
-0.5406790139  
-0.3705560196  
-0.8295111895  
-0.7259234028  
-1.192928026  
-1.013528341  
-0.7564367303  
-0.4864860032  
-0.4472799189  
-0.74980026  
-0.2256105532  
0.04878888996  
0.2604931394  
0.2592054499  
-0.06116527799  
0.2083921723  
0.7102621106  
1.15966391  
1.397593753  
0.5852519531  
0.7194617843  
0.7647745102  
1.237526391  
1.765626118  
1.443564976  
0.7334951086  
0.5141693479  
0.9753175033  
1.875961557  
1.782414465  
2.113500278  
1.088944297  
0.2178301253  
-1.342991038  
-1.597386558  
-1.623413332  
-1.683623784  
-1.333551295  
-1.180382417  
-0.8527745925  
-0.05546505768  
0.4208992946  
0.9231396961  
0.4915652584  
0.04125499735  
-0.6536907769  
-0.8853937146  
0.1361439718  
0.07701086739  
0.4226671239  
-0.1916739008  
-1.066913795  
-1.187040893  
-0.87882233  
0.2521144125  
0.7606889102  
0.3656884372  
0.05674949305  
-0.6477914945  
0.2122759448  
0.3603088824  
0.702060852  
0.4513098346  
0.09686794278  
0.4647182563  
0.1922072273  
0.5139423425  
-0.05246457379  
-0.1672048543  
-0.6026784048  
-0.1673307297  
0.04140601062  
-0.2209682162  
0.4550302432  
0.2392305716  
-0.2316414653  
-0.2642542715  
0.01541732652  
0.7580162642  
0.7769014466  
0.8909068495  
0.5135611468  
-0.2583904218  
-0.0185677762  
0.4194424951  
1.361793655  
1.601238925  
2.327646215  
1.709271392  
1.866628726  
2.102117953  
2.559589724  
2.828259083  
2.472202319  
2.189885407  
0.7489296455  
-0.1620575721  
-0.7360769633  
-1.315054954  
-1.021749956  
-0.9421385024  
-0.591367537  
-1.0118988  
-1.257702881  
-1.631369954  
-2.204040451  
-1.993653067  
-2.294810702  
-2.274265532  
-1.619860696  
-1.404806306  
-0.9093875715  
-1.084203707  
-1.463203758  
-1.08068378  
-0.9639469206  
-0.2497241208  
-0.08250975169  
-0.1499039876  
0.3942971498  
0.5065509602  
1.287146637  
1.389005493  
1.361507333  
1.00680701  
0.08837509196  
-0.1124509368  
0.3714512618  
0.8360593897  
1.058315744  
0.1775542474  
-0.4334181969  
-1.300532424  
-0.9098218674  
-0.573345656  
-0.5034554555  
-0.9497715434  
-1.456030137  
-0.5190219097  
-0.5608562053  
0.2069993646  
0.2326369052  
-0.14608401  
0.3180189005  
0.08018125345  
0.3747913332  
0.2670807814  
-0.002638739111  
-0.2162432962  
-1.009761298  
-0.7056425646  
-0.1924795528  
-0.1340476018  
-0.08547589862  
-1.22062769  
-1.684972317  
-1.996805756  
-2.020826926  
-1.32893026  
-1.296282525  
-0.558219691  
-0.4636259927  
0.3720479337  
0.6573323051  
0.6864057127  
0.9906340534  
1.32149156  
2.120704784  
2.110132962  
1.935432621  
1.399955349  
0.3714966099  
0.2454050062  
0.6852792035  
0.8414454609  
0.4834449285  
-0.4535574509  
-0.4164514537  
-0.07634772939  
0.5519148861  
0.9707013074  
