0.1608334074  
0.01385341756  
1.921048981  
0.1766893039  
0.2491449663  
0.82368095  
-0.1188679892  
-1.073972356  
1.429449765  
0.4738578886  
-0.1301207331  
1.91909749  
-1.080359471  
-1.759203152  
1.175554806  
-0.4882429276  
-1.467741723  
0.2731159516  
-0.2593700556  
-1.228046057  
0.01095181415  
0.6073070987  
-1.256058998  
-0.7425594686  
0.3046381482  
-1.778829135  
-1.198782729  
0.1990347864  
-1.553671478  
-0.2243183354  
0.2920472823  
-2.02296298  
-0.6176109542  
0.01538958735  
0.3053791695  
-1.763656878  
-0.6716771759  
1.43150928  
1.30494789  
-0.4521352472  
-0.4887979603  
1.054377236  
-0.586328647  
-0.6481658113  
2.156000802  
0.0699546315  
-0.4549547607  
0.8192309764  
1.862951739  
-1.405355917  
-0.16422867  
0.7202525114  
-1.074037746  
1.087727367  
1.098787158  
-2.365291942  
-0.8082525995  
1.112646753  
-2.206497082  
-0.5759082151  
1.176760806  
0.9314533176  
-0.5371511994  
1.875463629  
1.052989639  
-0.866475723  
0.6589837258  
0.3733956905  
-0.7930346925  
0.5101564544  
0.8376313301  
-1.811821253  
-0.9480629336  
0.5992396786  
-1.851632221  
-1.216032234  
0.06332764725  
1.166603976  
-0.5467196557  
-0.2649635323  
0.5003387007  
-1.216502701  
0.9346286883  
1.437512748  
-1.44283338  
-0.3162435964  
0.852329435  
-1.453581118  
-0.1848086824  
1.409909549  
-1.287828714  
-0.6421585373  
1.306051224  
-1.65763079  
-0.4168932933  
0.7270432002  
-0.8131556677  
-0.1893118394  
1.193162884  
0.2787113281  
-0.2519279772  
1.318994909  
0.4162079622  
-0.7298588552  
-0.2503486701  
0.6492219001  
-1.37265411  
-0.9095547464  
0.2065198659  
0.3317076172  
-0.3523098164  
-0.2790241518  
1.342386344  
-1.824186433  
-0.627714852  
1.354105902  
-0.9123289739  
-0.931223355  
1.652233712  
-1.81862282  
-1.043561323  
1.100225019  
0.303482934  
-0.4287929717  
1.211529683  
1.099323923  
-0.3916006144  
-0.5942291086  
0.8327268034  
0.1703361908  
-0.5453107948  
0.1019881756  
-0.399834081  
-0.4905223293  
-0.6108479956  
0.9310904965  
0.5927223232  
-0.4942939177  
1.207568899  
2.284255425  
-0.8492132517  
1.410256206  
1.681531595  
-1.810975583  
-0.4554372673  
1.575287152  
-1.726664788  
-0.298522172  
0.8630674421  
-2.678300435  
-1.164420148  
0.6303487037  
-1.168210505  
-0.1764521386  
1.174671533  
-0.1156794432  
-0.9397654407  
0.8943365109  
1.106957327  
-1.641400522  
-1.176318376  
1.366308187  
1.273796533  
-0.5994649073  
-0.6640420169  
1.250792205  
-1.066793874  
-0.4201896417  
1.675654514  
0.02572366035  
-0.3766050541  
1.963742062  
-0.1554323619  
-0.08974765074  
1.288805567  
0.7028213987  
-1.981946844  
0.7212087684  
1.727303621  
-0.1134184214  
1.216071487  
1.766038552  
-0.6877117986  
0.3822997753  
2.577507441  
-0.946253962  
0.5048389538  
1.961582899  
-1.681903249  
-0.3874598646  
1.450847053  
-0.8319280928  
-0.6884325524  
1.148353917  
0.5822915164  
-0.2267019848  
-0.7361375314  
1.561868362  
-1.37596126  
-0.4764468315  
1.757175388  
-0.9338035221  
0.7508003041  
1.328407493  
0.714249227  
-0.8365744421  
-0.2726878928  
1.048921578  
-1.096249579  
-0.6595378038  
1.145019196  
1.848475925  
-1.574659216  
-0.3901911273  
1.183844737  
-1.139492565  
0.2491786922  
0.9871171449  
-0.7347872622  
-0.05810576432  
1.17528126  
1.411060074  
-0.9617271604  
-0.8547928194  
1.183942748  
-0.242991063  
-0.6459848346  
0.6566724336  
0.5606647353  
-0.4099485286  
0.8070741086  
1.511133019  
-0.8521252405  
-0.2037360821  
1.033449929  
-0.9028636697  
0.04609838165  
1.493292929  
1.508129509  
-0.4167580653  
0.666699677  
1.525990404  
-0.5484617761  
0.05172267383  
1.541919667  
-0.350504596  
-0.4902852787  
1.590121332  
-0.3405941025  
-0.5495636705  
0.7143106292  
0.6901547177  
-0.7929977343  
1.413430608  
-0.08466712526  
-0.9162921542  
-0.251294089  
0.2154087674  
-3.934065308  
-0.8704294142  
1.315451264  
0.2530791175  
0.2774649754  
0.00549454355  
0.8276206373  
-0.6411310205  
-1.22248562  
0.7999044089  
-1.520401125  
-1.38353367  
0.7651573213  
-0.226343998  
-0.6870531923  
-0.1166858769  
-1.261085844  
-0.5275647696  
0.2979172157  
-1.012345095  
-0.4228474847  
-0.1524453986  
0.7168657339  
-1.162036889  
-0.9539512475  
0.6952067167  
-1.103110339  
-0.7841635655  
1.485822063  
-0.6770069787  
-0.9639150013  
0.2173293323  
-1.0347482  
-0.2265290443  
0.8221814727  
0.1202560712  
-1.152721978  
-0.3500316723  
0.5980709044  
0.5541935776  
0.3926750741  
0.8338478097  
0.4675498401  
-0.2377435234  
-0.01916692508  
0.9636328493  
-1.028278359  
-0.2676784509  
0.635888588  
-0.9713042619  
0.440105369  
0.04264703095  
-1.77457091  
0.3757215939  
1.667826106  
0.7250768818  
1.171235987  
0.08220297912  
0.8378210234  
-1.701168861  
-0.3634216158  
0.8544604271  
-0.1521470158  
-0.572650634  
0.5954817322  
0.2021630104  
-0.8111429695  
-0.0825092963  
0.6539627266  
-0.9107106002  
0.6193049718  
1.611815181  
-0.4371726915  
0.2192886047  
0.3333694423  
0.01243543961  
-0.2389171689  
0.06207627128  
-0.2888396947  
-1.196263163  
0.5785337036  
1.679093473  
-0.7743521371  
0.489765143  
1.202225745  
0.9646700469  
-0.2645877623  
0.05414957554  
0.1652729971  
-0.2368179813  
-0.3783378744  
0.8280978035  
-0.1650600676  
0.09541257172  
-1.039201733  
-1.753353243  
-0.5916243523  
1.136734783  
-0.5268732995  
0.1032784845  
0.8334239034  
-0.9927100084  
-0.7343777968  
0.06950796499  
-1.192854262  
-0.8167814574  
0.2651014357  
1.025252079  
0.1252911854  
0.8820495607  
0.6341992572  
-0.02891336038  
-0.9542958683  
0.9557233994  
-2.069517945  
-1.459277711  
-0.1992203652  
0.670059247  
-0.5182527894  
0.9000433108  
-0.5116203448  
-1.361383693  
-0.329950861  
0.3220016904  
0.4557726209  
0.5086114383  
0.3870898584  
-0.8471948603  
-0.7849477335  
1.810149735  
-0.656345732  
0.1931676426  
0.6458878784  
-1.350393328  
-0.7150587409  
1.26155239  
-0.2180823347  
0.06708638019  
0.498231656  
-0.8606386566  
-0.8921553961  
1.147454138  
1.411228401  
-0.558035918  
0.6566611467  
-1.605430092  
-0.5618289038  
-0.04699256973  
0.2491076732  
0.7381782453  
-0.791304093  
0.1538730695  
0.6914089841  
-0.6009361285  
-0.2821068121  
0.9869244017  
0.1616425869  
-0.31579796  
-1.006317997  
0.8754487945  
-1.533827564  
-0.2195212259  
