0.5824143837  
2.311397316  
1.573023909  
-0.6739619197  
2.135194261  
0.6915783728  
-0.1210124103  
1.018294936  
1.905462196  
0.09119282588  
0.6703964392  
1.437218157  
-1.348766077  
0.0178357092  
0.9425797591  
-1.2966202  
-0.243883453  
2.019174698  
-0.4965265883  
-0.85581075  
1.560806343  
-1.357031304  
-2.021074412  
2.052649803  
-0.2505162413  
-1.183898928  
2.25083797  
-1.605956389  
-1.905471748  
1.397180504  
-0.1315385647  
-0.2673130137  
2.224267395  
0.9904099604  
-0.8484543554  
-0.813307002  
1.816161974  
1.39404765  
-1.254889021  
-0.6857172843  
1.235786111  
-1.117537174  
-1.158154528  
1.725199731  
0.3031370076  
-1.504516028  
-0.1004439168  
1.876412298  
-0.6376158797  
-0.3858179146  
1.117693679  
-1.465040605  
-1.833798895  
0.7228251045  
-1.485803609  
-1.236715691  
2.681177674  
-1.244364012  
-2.010304842  
1.538001077  
-0.3276038198  
-0.9761371073  
-0.742047962  
-0.6938891041  
-1.363417977  
-1.278155225  
1.224567435  
-1.431379719  
-0.8200338108  
0.97325506  
-1.354567566  
-1.521983797  
1.187817252  
-0.5792496754  
-1.538114158  
0.9955611061  
1.025853938  
-0.4411529835  
-0.681932111  
1.467516968  
-1.465525605  
-1.478374009  
0.7169133083  
-1.334841463  
-0.582101873  
1.784394075  
-0.7352696425  
-0.6666456958  
2.711596887  
0.7149746105  
-0.3537093631  
2.046437929  
0.08432819473  
-0.9864119046  
1.765539191  
-0.1972996414  
-1.370416402  
0.2449570436  
-0.311092864  
-0.9779135659  
-0.4909850166  
2.069226624  
-1.065890911  
-0.6394850529  
1.109762113  
-0.9824058924  
-0.9726800853  
1.825048023  
0.2392351088  
-0.538776789  
0.5600480099  
2.576946184  
0.1684925569  
-0.384672052  
2.31020218  
0.08494274422  
-1.200323181  
2.12675788  
0.1709866764  
-0.9000312754  
2.002028087  
-0.04467396276  
-1.21627052  
-0.4064996426  
1.087560105  
-0.8985198795  
-0.8002073066  
1.404286515  
-0.2445422016  
-0.8795791427  
-0.1451635152  
1.516957737  
-0.311615409  
-0.5067784272  
1.532425227  
0.2440668623  
-0.5844227747  
0.918727482  
-0.5611366939  
-1.132662168  
-1.123960281  
0.3756907274  
-1.191710443  
-0.7119173247  
0.525008449  
-1.179208497  
-1.062184947  
1.04449781  
-0.7852924178  
-1.179196078  
1.918797583  
0.5056129472  
-0.7429736412  
1.516680034  
0.987461292  
-0.669316954  
-0.1893904002  
0.5988603067  
-1.139897381  
-0.5374699964  
1.927964973  
1.04189481  
-0.6089033067  
-0.3990674904  
1.181325203  
-0.2678677523  
-0.3484343105  
1.134133055  
0.3565055123  
-0.7011805341  
-0.08729930242  
-0.4728044441  
-0.6992625585  
-0.04337068822  
0.9094128317  
-0.7848694463  
-0.2524215827  
1.481792672  
-0.1875063115  
0.2142389781  
1.707571553  
0.4213154136  
0.5163357512  
0.8537919951  
-0.7519799313  
-0.6055203815  
0.9135127914  
-0.5909485325  
-0.3550012886  
1.38995647  
-1.139617947  
1.056176266  
-0.4560540545  
-1.544831164  
0.1967814227  
-0.1694279331  
0.1442498999  
-1.169875897  
-0.295982598  
0.5462111102  
-0.9698130944  
-0.6758923586  
0.4945152799  
-0.5279084486  
-0.3356318091  
0.2481932961  
0.1858288188  
-1.138871672  
-0.730954677  
0.1503817434  
0.1713007763  
-0.6970714882  
0.1341807736  
0.8394305018  
-1.055538078  
-0.7947362286  
-0.003603936279  
-0.6679364616  
-0.3079084248  
-0.1843219954  
-1.024241184  
-0.879765668  
0.2720646112  
1.137215153  
-0.5441893045  
-0.1964151046  
-0.2230705071  
-0.8121674631  
-0.9809135664  
-0.5968669918  
0.1078077698  
-1.235878103  
-0.4852939454  
0.428099739  
-0.6559232964  
-0.5775889787  
-0.3276499101  
-0.6863113932  
-0.2965854635  
-0.1313111271  
0.5390220159  
-0.6610688384  
0.2446747414  
0.6135920941  
-0.6511260733  
-0.1140102565  
1.088193232  
-0.7826560272  
0.2786910914  
-0.196147881  
-1.09838112  
-0.8573124195  
-0.0199934721  
-0.3679697076  
0.03989109952  
0.9022532117  
-0.5053761181  
-0.9747573389  
0.9762471999  
-0.2442500962  
-1.197659347  
0.1275032095  
-0.2435670727  
-0.2470862472  
-0.9829162696  
-0.4418245592  
0.07226673208  
-1.622871729  
-0.0145296489  
-0.3393966117  
-1.690753852  
0.3112526593  
-0.5683013088  
-1.814288933  
0.8834661049  
-0.6853225706  
-2.168579105  
0.694178449  
0.6778473711  
-0.04727763099  
-0.5477994072  
-0.4240455509  
0.3365479103  
-1.650839562  
0.205968656  
-0.7969218672  
-1.358348333  
0.79329895  
-0.9400538804  
-1.285516315  
0.2299795901  
-0.07299101309  
-0.7659189341  
0.7484774135  
1.729152175  
0.01945583378  
-0.08265691944  
1.50931188  
1.776848825  
0.09435791386  
-0.08113493234  
1.834200735  
0.3854295961  
-0.8091676792  
1.129750846  
-0.02098463541  
-1.30767372  
1.970633248  
0.1992124536  
-0.7510806493  
1.114566602  
-0.3466493213  
-0.821725003  
1.036844162  
0.4533994477  
-0.5407210618  
-0.5278012057  
1.082788086  
-0.2009486594  
-1.030155179  
0.4277487954  
0.8377659559  
-0.8059018433  
0.1613559689  
2.241893822  
-0.329003658  
-0.8125519371  
1.705814643  
-0.1659535105  
-1.136338088  
1.031220218  
0.6712280305  
-0.1356057336  
0.7909484418  
1.826448015  
-0.4043335018  
-0.619532332  
1.744287635  
0.2358286064  
-0.5323212784  
1.491252995  
-0.1433609727  
-0.8312366995  
1.242440579  
0.8883031105  
-0.2025897137  
0.2356078939  
-0.442821715  
-0.4587179767  
-0.454767002  
0.1632729926  
-1.080052378  
0.9999204011  
1.805961346  
-0.05854322418  
-0.9375324204  
0.9475236936  
-0.4919207112  
-0.7692189682  
0.4984943853  
1.165283767  
-1.249863809  
0.1539697901  
0.0960174866  
-0.7150139598  
-0.4681340889  
-0.1328172108  
-0.6131083428  
-0.006836685337  
-0.1763480198  
-0.1482299691  
-1.159052793  
0.2905527299  
-0.1560721522  
-0.7596091966  
-0.2358545401  
-0.08075732968  
0.05800658124  
-0.270476505  
-0.2126412027  
-0.1611771797  
0.1675592527  
-0.2521284374  
-0.5645599255  
-0.2883914589  
-0.5484335994  
0.2367330888  
-0.473023873  
0.8970110802  
0.8190035636  
-0.8265687565  
1.150329222  
-0.1797477837  
-1.182869089  
1.129422967  
-0.2733187381  
-0.7310913562  
0.1623686378  
0.08722378286  
0.3610153376  
0.252758314  
1.962883129  
0.1633275975  
0.1388319049  
2.18364374  
1.495385465  
0.6281232977  
0.1119419506  
2.044623945  
0.1387669782  
-0.978692849  
1.001824393  
-0.3666280389  
-1.145981853  
0.17975362  
1.086559869  
-0.1783695374  
-1.025175255  
1.431567879  
-0.3282856529  
