-1.000402537  
-1.604045507  
-2.218922461  
0.5658342496  
-0.6910769385  
-2.81170216  
0.2853388693  
-0.5738458297  
-2.011689005  
1.120907771  
0.08471077491  
-0.9435917614  
-0.0344734623  
-0.5685058494  
2.320704933  
0.5964001525  
0.4303399354  
1.112762746  
-0.7776591812  
-2.116864018  
0.683752728  
0.4039561913  
2.714731167  
-0.08042859943  
-0.716452471  
0.527391121  
-0.05856312045  
2.585272514  
0.3091080515  
-0.5563048593  
0.6034360256  
0.8152105943  
2.079738242  
-0.220862184  
-1.210644137  
0.5028752844  
-0.6433007562  
0.8469931465  
-0.5183572646  
0.9508627954  
-0.5690455384  
-1.030643014  
-0.1917596482  
-0.09371958378  
2.442127011  
-0.1398919308  
-0.6039279333  
0.2474376423  
-0.3525508896  
1.027110224  
-0.3996849905  
-1.717278303  
-0.7867245819  
-0.7488762677  
0.7334011477  
0.217301578  
0.6673575803  
-0.616889924  
1.596317406  
-1.183323097  
-2.362105417  
-0.01608725284  
-0.3042607701  
0.6122914815  
-0.7246879984  
-0.4658514903  
-0.03356339702  
-0.3960732985  
0.1247704135  
-0.5214500421  
-0.5318422278  
-0.2571134357  
0.0622048736  
1.714900065  
-0.1185855046  
-1.069856286  
0.8196699405  
0.5584846876  
2.844173005  
-0.3798219887  
-2.149577541  
-0.10383266  
-0.1460384776  
1.19771352  
-0.4763132453  
-0.8919827342  
0.2395864907  
0.04724597312  
0.9771705393  
-0.5538981861  
-0.5968353886  
-0.4330995874  
0.03872934565  
0.9949420662  
-0.8955813388  
-1.140670975  
-0.7735418348  
-0.3942392581  
0.6149686154  
-0.5386539151  
-1.264610349  
-0.1758080706  
0.1261538072  
1.053082541  
-0.7520604358  
-0.1511145076  
-0.3076524449  
-0.4053099268  
0.9178348367  
0.3770715618  
0.6156062351  
-0.7046282604  
-0.6347152631  
0.0527815225  
-0.2359916597  
1.187569694  
0.3488506787  
0.7139104273  
1.597494343  
0.2668771607  
-2.073460518  
0.5411239323  
0.4433059588  
1.787588283  
-0.3560798184  
-1.659205143  
0.4472591354  
-0.8696821162  
1.060525427  
-0.8223630065  
-2.111832889  
0.164173442  
-0.3775408866  
1.373161208  
-0.9898490665  
0.4995749305  
-0.2955177462  
-0.4554397789  
-0.104974268  
0.3076851981  
0.2534915277  
-1.017918009  
-0.06437489717  
-0.2628296827  
0.1324677007  
0.6612482288  
0.3885730399  
1.819435247  
-0.2859615522  
-1.358092224  
0.2896290988  
0.1601926869  
2.242100241  
-0.6946306874  
-0.6219817226  
-0.3712026758  
0.5769387779  
2.86061597  
0.1144904667  
0.1365937558  
0.6948917021  
-0.1641022726  
-0.1046971183  
0.1199480715  
1.10553808  
0.6608052977  
0.7010452878  
1.654993815  
0.1855995285  
-0.4013896336  
-0.06512450079  
0.5551210227  
2.125513104  
-0.5100036823  
-1.459215204  
0.2795766611  
0.3617677412  
1.487987254  
-0.7810979549  
-2.014847245  
-0.5517260674  
0.373193685  
0.9640723971  
-0.6039266402  
-0.3347604838  
-0.5762112414  
-0.2695272119  
1.225697341  
-0.1582584724  
-1.077465759  
-0.221140021  
0.7429230651  
0.4632587707  
-0.6497807813  
-1.793727598  
-0.1482081627  
-0.622133731  
0.5449339484  
-0.9237778176  
-2.148801657  
-0.01754167101  
1.094601604  
1.440583112  
0.206106942  
-1.250423161  
0.06249389417  
-0.29626299  
1.337716055  
-0.252548433  
-2.006945522  
0.4429461363  
-0.4567986775  
1.493489635  
-0.1514300111  
0.1853881489  
-0.00876902537  
-0.5640293644  
1.839650783  
-0.04542787878  
0.106701163  
0.7915844106  
0.1256165934  
0.1308287096  
-0.1244457491  
0.2749286613  
0.8079892342  
-0.9970448836  
-1.546840291  
-0.2571284668  
0.5931824321  
1.488677454  
-0.3327521914  
-1.550938606  
-0.4980585955  
0.7867039416  
0.01561502012  
-0.6345528112  
0.3291150811  
0.9011189716  
-0.4368123226  
-0.9611041156  
-0.0977238752  
0.2798034267  
0.1480890852  
0.4909455859  
2.433596849  
-0.8080082308  
-1.073870582  
-0.2250137766  
0.5494678012  
1.851686499  
-0.6813731237  
-0.2160819614  
-0.04055219513  
0.6628535558  
2.651851537  
-0.8090879317  
-1.611711111  
-0.06325133418  
0.5568024315  
2.336293431  
-0.2370723031  
-1.116924779  
0.3328966974  
0.8851658098  
1.103674853  
-0.7097362805  
-0.3932601788  
-0.1515721321  
-0.1476507516  
0.5340243369  
0.6617340386  
0.6174799453  
-0.6696508915  
-2.370348747  
-0.7324005979  
-0.220697827  
1.332988283  
0.06268988577  
-0.8496513802  
0.06610019224  
-0.4343799148  
-0.2832574663  
-0.3261124186  
-0.7338712727  
-0.9410240374  
0.5850548406  
-0.2524997737  
-0.0668320829  
1.800356878  
-0.4700033014  
-1.106139787  
0.1249320595  
0.7901258458  
2.58872446  
-0.1168848844  
-0.1490774858  
0.4839352731  
1.10245742  
1.137465077  
-0.2070121663  
-0.1122441231  
-0.9836312389  
-1.539945604  
-0.1131405589  
0.6126743181  
-0.04853542035  
0.3692542552  
0.8709920958  
-0.7287194372  
-0.5166442856  
-0.8193129419  
-0.06797061462  
0.1665420502  
0.679675846  
1.058479708  
-0.6867761249  
-1.638121519  
-0.3509735122  
0.4862111353  
0.9883450015  
-0.2597506537  
1.308416842  
-0.763590774  
-2.17630072  
-0.885592436  
0.2531604582  
-0.3471473408  
-0.3874450147  
2.544165657  
-0.2076833982  
-1.631500321  
0.1292391282  
0.9023738902  
2.035516989  
0.3173442683  
-1.309766344  
-0.08885770099  
0.1626429316  
0.5857825519  
0.2824236988  
0.5328948768  
-0.2711777192  
-1.736623754  
0.5724269979  
0.5616463393  
2.68290586  
-0.2929376027  
-1.246342565  
0.1856261679  
0.5615954344  
1.874126515  
0.3797832818  
-0.7582010983  
-0.7250545029  
0.4425663078  
2.036434112  
-0.5715296312  
-0.5137697891  
0.4843326991  
0.4133413987  
1.8232352  
-0.05317738544  
-1.905903548  
1.050616107  
0.5341645362  
0.9596352178  
-0.4982874711  
0.5737616787  
0.2427251036  
-0.3489221736  
0.2247676191  
0.2082001527  
0.6555512125  
-0.7817680093  
-1.380308159  
-0.5528501187  
0.4499707309  
-0.5074358836  
0.27059244  
1.787679321  
-0.1885816399  
-1.474181194  
0.07731862364  
0.7845821985  
0.6411030781  
-0.4004096206  
-0.9548985563  
0.1905410627  
0.6845382909  
1.128934921  
-0.6612392661  
-2.637275378  
-0.6664113915  
0.1456377164  
0.6296482704  
-0.9498199896  
-2.008199215  
-0.6338960221  
-0.2524053246  
-0.9958587418  
0.2790285073  
0.5485716303  
0.1117188434  
2.258010696  
-0.4432545064  
-2.117493593  
-0.8840051894  
0.6224966422  
0.4351579058  
-0.5088720574  
-3.127270519  
-0.3841758123  
-0.5728915386  
1.170757279  
-0.3563142433  
-1.351007241  
-0.363378382  
0.4310043374  
0.4050822253  
