-1.768907538  
-2.040951738  
-2.285299422  
-2.181363495  
-2.614410048  
-1.705203106  
-0.5252978612  
0.4477464251  
0.2850419629  
-0.1528185771  
-0.8780398559  
-0.6727151174  
-0.7798125444  
-1.024997174  
-0.6126462219  
-0.5125312884  
-0.4003610911  
-0.2179258835  
0.4568525835  
0.5536507746  
1.010456702  
0.6053329006  
0.9716291489  
1.538919355  
1.027864896  
1.761153725  
1.553722364  
0.9413987054  
0.6745748496  
-0.1347978607  
-0.4441689992  
0.02659068015  
0.1887418463  
1.21677633  
1.025944741  
1.25608772  
0.635316494  
0.3538064261  
0.4292744837  
0.6571255403  
1.51493419  
1.846335513  
1.875638324  
2.237393795  
2.149606158  
2.169092867  
1.380266347  
1.355414473  
0.4848629936  
0.4614916897  
0.3460988495  
0.4720275846  
0.9603172701  
0.5538952124  
0.8665548585  
0.03737126074  
-0.680534317  
-0.4571792399  
-0.4733860512  
-0.5421643572  
-0.01349209366  
-0.567399374  
-0.8156588542  
-0.8983453558  
-0.6088168965  
-0.1768368021  
-0.3377648195  
-1.083368911  
-0.8915311189  
-1.107013357  
-1.576569525  
-0.9910013335  
-0.736505537  
-0.9248200776  
-0.9590415652  
-1.759118612  
-1.295289503  
-1.822242405  
-1.074944406  
-1.233833617  
-1.1452897  
-1.231012908  
-0.5370787272  
0.2403364114  
-0.4325560954  
-1.061699313  
-1.527606379  
-1.494773589  
-1.361326084  
-0.7448035128  
-0.3300189128  
0.3089192948  
0.4670371307  
0.7690693648  
0.6646112951  
0.6331711315  
0.7338554133  
0.4518092016  
0.8662226889  
0.1398486642  
-0.4108307294  
0.05205076892  
0.1393548578  
0.8236254657  
0.3196221393  
-0.01398565112  
0.7928689869  
0.2119498267  
0.914197404  
0.5162425545  
0.4967046245  
0.8374360219  
0.5211710413  
1.0375649  
0.9377677733  
0.7035609537  
0.4346180642  
-0.1594469692  
-0.6493663586  
-0.6295609837  
-1.115283421  
-0.8737276306  
-1.497930682  
-1.435001745  
-1.321837581  
-1.445748417  
-1.540093125  
-1.570798244  
-1.789756091  
-0.8308608359  
-0.3216457266  
0.1192578384  
0.533463312  
1.052834301  
0.07579686624  
0.2986609843  
0.4509762595  
0.5194348241  
0.5653682877  
1.258596349  
1.693796185  
0.6258465897  
0.5152162119  
0.2676403405  
1.245022055  
1.192328252  
1.087324236  
0.5245688265  
0.3234460206  
-0.2031045495  
-0.7909517957  
-0.6823518213  
-0.7938958034  
-0.2712787484  
-0.006809916092  
0.09483749873  
0.07840016344  
-0.2491805487  
0.09144135968  
0.06150670621  
0.1240921738  
0.6828713986  
1.140805625  
1.161063123  
1.558061829  
1.479442725  
1.725137532  
0.8840378807  
0.8434517981  
-0.1864726742  
0.3075221996  
0.8464288221  
1.107666271  
1.176062691  
0.8181400273  
-0.2741988008  
-1.307887704  
-1.233255172  
-0.5805165401  
0.5283048619  
0.8045301712  
0.227353421  
-0.5103885963  
0.2659626667  
0.8435690209  
1.042414817  
1.602243677  
1.271027374  
0.9814641207  
1.002683654  
0.9752478941  
0.51607619  
0.1064267837  
0.3809902295  
0.6744337922  
0.1203702363  
-0.2947020169  
-0.4817603241  
-1.831372271  
-2.389376953  
-2.205052486  
-1.864561741  
-1.6526315  
-0.6898903339  
-0.2751338378  
-0.5345637194  
0.002098150968  
-0.9441682306  
-0.4946026134  
-0.5451472291  
-0.9023550908  
-1.068092391  
-1.328393339  
-0.8976840601  
-0.8335273042  
-0.4504896739  
-0.4518224947  
-0.400371763  
0.06697943749  
0.3643889509  
0.9823718343  
1.370567488  
1.494068735  
0.6514782658  
0.9629320412  
0.8569710497  
-0.5231623176  
-0.2415313951  
0.2976204395  
0.3969960421  
0.7745157588  
1.382211973  
0.6964793654  
0.3869985695  
0.06747372853  
0.7657672587  
0.6416173337  
0.2469139015  
0.4847057203  
0.1873436367  
0.01275070155  
-0.2565549222  
-0.7188318162  
-2.026018376  
-1.802549958  
-1.628074041  
-1.353724305  
-0.9484011969  
-1.278114245  
-1.589024967  
-1.380061976  
-0.6841724519  
-0.8797455412  
-0.5701666129  
0.7185900629  
1.055818484  
1.067091897  
1.29420617  
1.434496927  
0.5636805398  
1.251304991  
1.130876896  
0.6961739413  
0.0976543614  
0.5541922719  
0.6821219202  
1.019090342  
1.476962909  
1.94558065  
1.528457575  
1.488075669  
0.7687963013  
-0.7277582058  
-0.2379677975  
-0.002655806695  
0.04158884853  
0.6718803123  
0.6791763797  
0.4240662545  
-0.2564801133  
0.3556820168  
0.8096141657  
-0.1162275699  
-0.2372362754  
-0.7146226709  
-1.415816  
-0.9611141671  
-0.9469003258  
-1.819193341  
-1.542905586  
-1.019097297  
-1.841111087  
-1.989357228  
-1.500263745  
-1.530594954  
-1.314406529  
-0.5707292395  
-0.5607981697  
-0.2102331668  
-0.2357243016  
0.2626300123  
0.05775408438  
-1.317694776  
-0.140397553  
-0.3377873737  
-0.2919255326  
0.2731224202  
1.53838495  
1.266193238  
1.945082033  
2.043065728  
1.698371143  
2.113020981  
2.372435676  
2.268530971  
1.872796114  
1.52603121  
1.621487311  
0.5859202978  
0.5731631305  
1.115883132  
1.226842294  
0.244275137  
-0.2320289952  
-0.5774617884  
-2.107588214  
-1.696251303  
-0.6281535134  
-1.261616967  
-1.387598668  
-0.8163865861  
-0.8765022002  
-0.4700140219  
-0.1828058159  
-0.2819272733  
-0.8531792235  
-0.7834880538  
-1.012305497  
-1.177533844  
-0.07296887207  
0.6188193532  
0.5180357498  
0.3895626831  
0.2463239924  
0.5128455916  
0.03821162596  
0.641217849  
0.2029793121  
0.2782227536  
0.3796635881  
0.1268417256  
0.07071646715  
0.4228593047  
0.6688290779  
-0.4561292426  
-0.260834126  
-1.192518297  
-2.271351183  
-1.945211361  
-0.9710751376  
-1.83081636  
-1.340380439  
-0.4118894455  
-1.291078174  
-1.164977059  
-1.294568018  
-1.123047499  
-0.3910426824  
0.4437774827  
0.05051989684  
0.1077720873  
0.3021989676  
0.846651448  
0.102151269  
0.6618553269  
0.5038475757  
0.7167872219  
0.7647782312  
1.121804909  
0.5966728549  
0.3948157448  
-0.05772364334  
0.2437438551  
-0.5389542694  
-0.1849370442  
-0.08862196787  
-0.7909851348  
-0.5099883647  
-0.3428604368  
-0.9017769549  
0.3261494412  
-0.1585127381  
-0.8174873042  
-0.5743398818  
-0.5084848943  
-0.6756087203  
-0.3285514543  
0.1931599309  
-0.02630064297  
0.7305217514  
0.4258562718  
0.7174648495  
-0.9268511997  
-1.025448813  
-0.4083074608  
0.09637601255  
0.4407298944  
1.793773603  
2.447071528  
1.620423658  
1.586022768  
1.209482127  
0.2650398249  
-0.6340572556  
-0.7459930407  
-0.4412307629  
-0.4240222092  
0.17402429  
0.1947275772  
0.4067222938  
