2.423130187  
1.79753875  
1.325828196  
1.073257852  
0.8850768764  
0.7049160538  
0.6590354148  
0.6027192956  
0.6078105597  
0.6775010375  
0.5864104905  
-0.1014193268  
-0.4032072277  
-0.8760075666  
-1.319727132  
-1.504752811  
-1.437712427  
-1.112647644  
-1.641230648  
-1.861967628  
-2.269154739  
-1.797981639  
-0.8664473708  
-1.020953414  
-1.101891315  
-1.305365234  
-1.242789237  
-1.162932669  
-1.557220608  
-1.29802431  
-0.3729792628  
-0.2058371776  
0.177745375  
-0.02805696388  
-0.5976481002  
-0.269943036  
-0.3353479778  
-0.5833823957  
-0.4922241836  
0.4348066262  
1.221367627  
1.989766084  
1.861775162  
1.440909939  
0.01620407524  
-0.6365322523  
-0.3880085579  
-0.2736445232  
-0.7579258165  
-1.546364354  
-2.140967847  
-2.098165501  
-1.447006507  
-0.3417383491  
0.009430047756  
-0.1625561881  
0.131629949  
-0.0828610515  
-0.04090978087  
-0.01541220674  
0.2179692427  
0.01811219807  
0.01492516355  
-0.05457041449  
0.4385364008  
0.5496015714  
1.143223279  
1.659391564  
2.405896046  
1.882543243  
1.321440105  
1.254723266  
1.23744749  
2.074213182  
1.766433363  
1.775462192  
0.9946344285  
0.9601246804  
1.50368466  
1.290230732  
0.991837705  
0.2951952952  
-0.2855094106  
-0.6299392202  
-1.253222256  
-1.058372325  
-1.27688092  
-0.7861026957  
-0.8661601075  
-1.1348394  
-1.1128993  
-1.477721828  
-1.106708154  
-0.577386158  
-0.8350202875  
-0.926831145  
-0.6526009632  
-0.1482906559  
-0.1518630411  
-0.6435661331  
-1.066001788  
-1.338204814  
-1.509368721  
-1.635267197  
-1.40598096  
-1.421922225  
-0.769679793  
0.1884810487  
0.8576407681  
1.302674529  
1.516845345  
1.357558424  
1.465048716  
1.709538827  
1.830360229  
0.9996110235  
0.1316851671  
-0.8169701432  
-0.7423856315  
-0.8984444747  
-1.316985868  
-0.9578672167  
-0.1977390495  
-0.09410334795  
-0.3139354143  
-0.684506107  
-0.8509256215  
-0.9852583797  
-0.6995062172  
-0.4516989423  
-0.07041350524  
-0.05748799429  
0.3067658108  
0.1397811881  
0.4937946488  
1.34372676  
1.47379679  
1.262836242  
0.8069351373  
0.6580845587  
-0.02756697538  
0.5037633933  
0.7304664206  
0.6984717252  
0.4263904639  
0.6338247747  
0.6233029307  
0.7534360747  
0.4950056253  
0.04829641206  
0.1901405876  
0.9329897701  
1.190641194  
1.197364472  
1.144077112  
0.783234812  
1.241969357  
1.078989449  
1.192316206  
1.295467448  
0.9874519705  
0.3513900627  
-0.555662114  
-0.9689204024  
-1.026448246  
-1.299610305  
-1.26823651  
-1.58219171  
-1.780597986  
-1.844074718  
-1.498023825  
-0.6610627514  
0.3034177024  
0.6119973913  
1.042584492  
0.2343032138  
-0.5088891526  
-0.8120856326  
0.09913846875  
1.435085597  
1.257045768  
0.8507536909  
0.4267892302  
0.3113992456  
0.8320026706  
1.076146958  
0.9454741334  
0.1517429564  
-0.1917353023  
0.1846701965  
0.4247850572  
-0.1615050971  
-0.6109075658  
-1.350276383  
-1.579723866  
-1.015426021  
-0.5861506798  
-0.1639274894  
0.8265168856  
1.535739064  
1.951840559  
2.116469703  
1.772720098  
1.550272145  
1.092646218  
0.5251586076  
-0.4338812076  
-0.2714151137  
0.1165465652  
0.4093942191  
-0.3150400472  
-1.006924064  
-1.513879203  
-1.655654074  
-1.456772687  
-1.286317367  
-1.240050532  
-1.590953183  
-0.7276501353  
-0.4859858568  
0.09989513617  
0.4347995706  
0.3226583276  
-0.2097005713  
-0.08868657847  
-0.06278813622  
-0.04724521458  
-0.1923363027  
-0.1806013585  
0.07833440049  
1.178063392  
1.53386351  
1.388293816  
0.842568082  
-0.04359797552  
-0.6427220786  
-0.2256764563  
0.1970984291  
0.1334704029  
-0.1998958125  
0.1002790937  
-0.2064681309  
-0.851884723  
-1.190492846  
-0.7626860897  
0.03969349736  
0.02642669398  
-0.1454422768  
-0.2340285893  
-0.2250539127  
-0.02589967458  
-0.3758584788  
-0.5162081415  
-0.123026714  
0.1007841497  
-0.1204890798  
-0.1490276396  
-0.03199589776  
0.4166358971  
0.5320459611  
0.5266535359  
-0.3548828997  
-0.7852213436  
-0.5079705798  
0.3129961498  
0.8402803566  
1.064531624  
1.638622551  
1.854737406  
1.960562407  
1.641882971  
1.420813966  
1.673655528  
1.488120967  
1.148812822  
0.003625792659  
-0.2776249218  
-0.194441728  
-0.1413580326  
-0.7039634739  
-1.40930946  
-1.006099599  
-0.6582634692  
-1.071836768  
-0.7173569731  
-0.3525397673  
-0.1726575498  
-0.4514500789  
-0.8433395568  
-0.6943353293  
0.03959730046  
0.2952939329  
0.5611384321  
0.136203996  
0.0925687701  
-0.3989410514  
-0.3826052744  
-0.3905660076  
0.1428265827  
0.450792774  
0.3880386403  
-0.2604939621  
-0.4000326121  
0.3130508018  
0.9701113312  
1.202633235  
1.252535155  
1.541633346  
1.234624258  
0.7825867735  
1.03928424  
0.5801423053  
0.5013523086  
-0.5094897522  
-0.9865353146  
-0.5221197113  
0.4082464605  
0.7442585536  
0.2791678838  
-0.6556174916  
-1.488173343  
-2.151325316  
-1.41859166  
-0.8641640048  
-0.6439352821  
-0.7119782024  
-0.3376320281  
0.01104660776  
0.3493637453  
0.4054869194  
0.2604754713  
0.4923093468  
0.8730880728  
0.7123425958  
0.6049841943  
-0.04232049811  
-0.3848832114  
-0.5470472504  
-0.2505650324  
0.1920506583  
0.3700897734  
0.5382732037  
0.4162292825  
0.3027920663  
-0.01184693497  
-0.3404839707  
-1.116617725  
-1.797329352  
-0.6773675894  
0.341147146  
0.387226129  
0.2175457968  
-0.2690282055  
-0.5737771533  
-0.6320228776  
-0.84641361  
-1.240795999  
-0.9667264506  
0.2930857414  
1.140633512  
1.342438408  
1.403771138  
1.370878383  
0.9598853122  
0.9829120133  
1.281854242  
1.595544269  
1.31680252  
1.173156304  
1.250033409  
1.412238357  
1.396149002  
1.268093684  
1.059819449  
1.113702809  
1.119972774  
0.8546131179  
0.7564187749  
0.5543927394  
-0.4587915678  
-1.025367862  
-1.79099142  
-2.182951967  
-2.086304128  
-1.733802392  
-0.8514764457  
-0.5800911255  
-0.4307755268  
-0.6830446396  
-0.3342998975  
-0.9013041734  
-1.632470754  
-1.69772912  
-0.9119615617  
-0.5106771599  
-0.6361541327  
-1.085750378  
-1.778382415  
-1.58233504  
-1.427768822  
-1.382309389  
-1.774123319  
-1.97082544  
-0.8290446689  
0.2912600093  
0.9230928346  
1.017128325  
1.355361312  
1.507546897  
1.356891492  
0.6951178133  
0.1794482163  
-0.6040719369  
-0.9538881768  
-0.5636376201  
0.02257797196  
0.1050113323  
-0.2993509008  
0.08262677633  
0.6887168844  
