-1.97227428  
-1.056574379  
-0.4272112772  
-0.6509170245  
-0.3152603503  
-0.758547476  
-1.309072652  
-0.9558344386  
-0.1285714862  
0.009449678339  
0.2779471198  
0.4320041265  
0.8108271258  
1.42150095  
1.38728046  
1.039124153  
1.149907863  
1.087205199  
0.3601143156  
0.9797514841  
0.6550581561  
-0.262177891  
-0.1359153724  
-1.123324124  
-1.140822519  
-0.9808039807  
-0.3292596533  
-0.1775838847  
-0.5502728758  
-1.07745299  
-1.028255469  
-0.8359657442  
-0.1251271059  
-1.059815554  
-1.473858955  
-0.9861263414  
-0.5426385318  
-0.7413711796  
-0.655543316  
-1.090253339  
-1.228099641  
-1.913170266  
-1.972101365  
-1.822140104  
-1.416843295  
-1.341349629  
-0.6208335205  
-0.4022829641  
0.007585551697  
-0.1299725584  
0.5492782395  
0.4808470969  
0.9233952717  
1.429160875  
1.731457395  
2.281657284  
2.984982008  
2.219413277  
1.509143033  
1.148635698  
0.8885140325  
1.274573411  
1.169037983  
1.56799038  
0.3273259521  
-0.1907886356  
-0.3027873242  
-0.7410135749  
-0.9239242942  
-1.213871796  
-1.525955613  
-1.868874217  
-2.13864249  
-1.742912411  
-1.72863878  
-0.2535140527  
-0.3080114639  
-0.01754619857  
-0.3305722128  
-0.5147848217  
-0.2592111108  
0.503632127  
0.6867313294  
0.4064481544  
0.607087297  
0.8200198702  
1.262486376  
1.274427294  
1.944231648  
1.573992767  
1.280072008  
1.740216526  
1.398170125  
1.175201621  
1.036171617  
0.1121912959  
0.4282503732  
0.954369013  
0.3907274923  
0.472181956  
0.3961489834  
0.7151975458  
0.5670060487  
0.8212252985  
1.139745621  
0.7665710959  
0.24984025  
0.1666539409  
0.07444081511  
0.09841639398  
0.07779133937  
-0.3248109672  
-0.9278289735  
-1.314984124  
-0.6755179352  
-0.6824762914  
-0.6961135955  
-1.138415794  
-1.091248952  
-0.4343323994  
0.4881392311  
0.4541749812  
-0.5800105198  
-0.719732159  
-0.9456846879  
-0.5611115155  
0.1028319366  
0.3507429295  
0.3185811942  
0.7156955369  
1.552065478  
1.559181183  
1.162187475  
0.4394618544  
0.850939402  
0.4740442986  
0.5580222041  
1.24251284  
0.7036740273  
0.5235601051  
0.1553103755  
0.02528515748  
0.1238447613  
0.3018377079  
0.1741691378  
-0.07905542017  
-0.550700433  
-0.1764875187  
-0.8753555081  
-0.9494144713  
-0.5992668987  
-0.8021757375  
-1.65223386  
-1.611880747  
-1.289684527  
-1.314790856  
-0.8596365679  
-0.4897976544  
-0.5605149434  
-0.939201528  
-0.8799826896  
-0.9991500706  
-0.9419030775  
-0.609356789  
0.4053074471  
0.4056456398  
0.3718297258  
0.2806083148  
-0.4857236141  
-0.143209648  
0.8906236864  
1.518154058  
2.071936863  
2.488610757  
1.879569063  
1.44570519  
0.431655515  
0.4392651373  
0.4390458095  
0.3833312266  
-0.2346703484  
-0.9938552415  
-1.056472684  
-0.9835852808  
-0.3988294741  
-0.2819660162  
-0.2928514832  
-0.72950092  
-0.5499523762  
-0.3230291288  
0.1192744672  
-0.5386379005  
0.1870029934  
0.3927715078  
0.03175888077  
0.06304238569  
0.07254582553  
-0.1432973984  
-0.3753382408  
0.2180904292  
0.6466649962  
0.4698557993  
0.3038565559  
-0.3419689957  
-0.5517757632  
-0.04727164371  
0.6921735428  
1.081388355  
0.3506470468  
-0.2293142642  
-1.146286574  
-0.8199787414  
-0.2265829071  
0.1653360656  
-1.235038309  
-1.351765815  
-0.8964960199  
0.1309301296  
0.8372855826  
1.380597688  
0.9560091476  
0.8949535484  
1.294724905  
1.757650695  
1.521448954  
0.7778335282  
0.7962725121  
-0.09854957072  
0.05397001843  
-0.1936539703  
0.6852553928  
0.3480394285  
0.7152499852  
1.084549429  
1.153295887  
0.3893519171  
0.6987414708  
1.201443424  
0.9780241648  
0.8417304029  
-0.07947530693  
-0.378696552  
-1.319090713  
-1.001128957  
-1.330544856  
-1.189573878  
-1.644385234  
-1.402348806  
-1.2750536  
-0.9048619939  
-0.5513386245  
-0.775159789  
-1.297709034  
-1.653531565  
-1.561550844  
-0.8444301629  
-0.1416283033  
-0.308188445  
-0.5064629491  
-0.6081135867  
-0.3376918147  
0.7072478121  
1.266055042  
0.6454876969  
-0.5263080661  
-0.5185988904  
0.2798333856  
0.8589863301  
1.107883106  
0.4941497233  
-0.1900101643  
0.05430415415  
0.5688830848  
1.554554998  
1.726893715  
1.318112961  
-0.06238348278  
-0.7339697608  
-0.07287978494  
1.199286557  
1.050055358  
0.4708959999  
0.3146360428  
-0.7006978719  
-1.179634172  
-0.9913367773  
-1.034415518  
-1.111655777  
-1.316732591  
-1.488052087  
-0.8721168809  
-0.4410796641  
0.1234045194  
0.1633701292  
-0.7371514363  
-0.5821802115  
-0.08393486594  
0.2849741383  
0.6031013377  
1.04232388  
0.8363365135  
0.7229420196  
0.9052903823  
0.7636561907  
1.500563886  
1.772238774  
2.087651531  
1.181253949  
0.8736363488  
0.7175345932  
0.5121282297  
0.5119678668  
0.6019399424  
0.6675176186  
0.608688924  
0.5325524476  
0.4206396751  
0.2619493685  
0.4068532174  
0.6235224592  
0.05135837751  
-0.5939249754  
-1.40025581  
-1.065823374  
-1.555163445  
-1.520988137  
-1.299496186  
-1.444107249  
-0.8534907857  
-0.7395708432  
-1.001015193  
-1.094333925  
-1.484826626  
-0.9258408652  
-0.74908933  
0.09435385496  
0.01416413947  
0.2445706938  
0.8162304266  
0.6196291362  
0.8042010347  
0.3673500653  
0.1749777243  
-0.3789197741  
-0.1376605507  
0.6204040067  
1.189858577  
1.00537214  
0.8985275261  
0.6758670038  
0.6974123863  
1.046277723  
1.296514101  
0.09743110044  
-0.05646722964  
-1.475333812  
-2.354198267  
-2.493405172  
-1.963215495  
-1.171173829  
-0.2937139053  
-0.4418793902  
-1.885271041  
-1.855780601  
-1.526413848  
-0.8585057848  
0.09249288713  
0.1827118561  
-0.1759992965  
-0.164473387  
0.5645160711  
1.289696042  
1.17020348  
2.017616712  
1.813818788  
1.360899869  
0.9258454905  
0.6761524447  
0.8093659208  
1.51104557  
1.971992573  
1.685460476  
0.6731421576  
0.8957610659  
0.7898483883  
0.7772552106  
0.9904561079  
0.2716387422  
-0.09420273032  
0.364841996  
-0.08118431989  
0.08441506588  
-0.6853606569  
-1.251062655  
-1.911788171  
-2.049859846  
-1.532693194  
-1.623130415  
-0.7932393016  
-0.8012831079  
-0.6865042512  
-1.205116919  
-0.9255074836  
-0.9526574191  
-0.3589965391  
-0.05630211071  
-0.02267486314  
-1.488260301  
-2.109388409  
-1.339871714  
-1.197739913  
-0.5435393421  
-0.09648456498  
0.109856024  
0.6120631879  
0.9533098835  
1.106999557  
1.754677661  
1.61719257  
1.869212066  
