1.316960589  
1.28806574  
0.7144341058  
0.4660399295  
0.4027879182  
0.8115108288  
0.2619117833  
0.2621023829  
-0.09644875422  
-0.9249533811  
-1.113833862  
-0.4138431649  
-0.5849159498  
-0.5207284604  
0.3647940882  
-0.4879161667  
-0.393817519  
0.2772536769  
-0.3711804205  
0.2788224661  
0.7753684435  
0.862339364  
1.174285656  
1.181639527  
0.4019405687  
0.4844961928  
-0.03811402277  
-0.5789718644  
-0.5329141439  
-0.4247465352  
-0.3529688953  
-0.1021442404  
-0.6565964556  
-0.7238905987  
-0.9333477307  
-0.6836725214  
-0.53914004  
-0.2070774782  
-0.6401340151  
-1.391149255  
-2.069116534  
-2.360242779  
-2.979260084  
-2.672770483  
-2.339295655  
-2.480670931  
-1.792642983  
-1.63745913  
-1.35884377  
-1.348888658  
-1.365519211  
-1.624781665  
-1.601481857  
-1.336750053  
-1.14652662  
-1.011556137  
-0.1642723578  
0.7143573739  
0.6086358616  
0.9098790854  
0.1762109268  
0.6654855187  
1.403294931  
1.749374915  
2.412661297  
2.751669476  
2.177398714  
1.212363861  
0.9575296496  
1.178711209  
1.12952069  
1.365076007  
1.22816247  
0.03352454761  
-0.3414938703  
-0.5797158378  
-1.005127085  
-1.022707456  
-1.129118999  
-1.157838331  
-0.8215499001  
0.06133786943  
1.048421039  
1.211948875  
0.6598409448  
0.5202080061  
0.444549327  
1.143219315  
1.025534357  
0.9643519288  
0.4143334562  
0.0009496431092  
-0.3241415066  
0.2852141175  
0.5468750457  
0.7671308168  
0.5513593206  
0.3537448454  
0.6367459947  
0.7254476284  
0.575746965  
0.9907298415  
0.1262187742  
0.5816042434  
0.6058691469  
-0.3705157153  
-0.06522090803  
-0.3306099014  
-0.2314682605  
-0.2377357755  
-1.126509692  
-0.9934699192  
-1.325817141  
-0.3646661733  
-0.3413412285  
-0.4129354129  
-0.8260344813  
-0.9034165099  
-1.535493224  
-0.7218958162  
-0.302184685  
0.4200995727  
0.1422759761  
0.5956936073  
0.4120368021  
0.2510299914  
0.5425010869  
0.6163037466  
0.596274301  
0.150282188  
-0.2037737034  
0.0768953518  
-0.3584460277  
0.1432198829  
-0.4015453339  
-0.4148898042  
-0.9207165948  
-0.5149284209  
-0.2378259065  
0.3120903218  
0.4754720479  
0.5825657382  
0.4962266111  
0.5091522713  
0.541248005  
0.3490801674  
0.6054444044  
0.1107278108  
-0.2357430524  
-0.5384926918  
-0.966840755  
-0.2972270718  
-0.2742029587  
-0.6857732257  
-1.104692946  
-2.378096124  
-2.414490988  
-1.820740445  
-1.522373695  
-0.6988930899  
-0.3468163354  
0.3185068955  
0.229852007  
0.579654529  
1.279472004  
1.465229489  
1.713246758  
0.9284102857  
0.2871174724  
-0.4215727365  
-0.4039050203  
0.3974754519  
0.2017089106  
0.2133190923  
0.3210486071  
0.5962446415  
0.9150545179  
1.312634952  
0.5563804707  
-0.140577598  
-0.2861028241  
-0.3547457634  
0.1278283767  
0.8964888745  
0.5959423472  
0.03779919569  
0.1823720157  
-0.1587554667  
0.1024561627  
0.5063045577  
1.10579794  
1.373455626  
1.236640159  
1.283522632  
1.599674442  
1.277474966  
0.8182031021  
0.3465427574  
-0.5311320632  
-0.5434991963  
-0.7639164294  
-0.1119360888  
0.5024993441  
-0.04424546533  
-0.3786961622  
-1.049888958  
-0.08237982822  
0.8257029798  
2.094783444  
1.909377753  
1.806919566  
1.410947161  
0.5832323512  
0.6735891461  
1.231970144  
1.334436816  
1.112606482  
0.5497602932  
-0.2609534391  
0.1280105709  
0.2512616083  
0.06096817706  
0.04407161615  
-0.7935810434  
-0.9744467849  
-0.7628950681  
-0.5424151043  
0.393670944  
-0.2005711496  
-0.7416783195  
-0.6826838472  
-0.4131002341  
0.1377679554  
0.617844528  
0.6528969521  
0.2024846123  
0.00702044587  
-0.3104867537  
0.01026007428  
-0.2306808327  
0.08896858278  
0.1367083914  
0.01991303904  
-0.6800781225  
-1.719059605  
-1.89313847  
-1.847558166  
-0.8718944798  
-1.006629386  
-1.217657601  
-1.399980585  
-1.411653604  
-0.6166048764  
0.01919915671  
0.5672301131  
0.1800656147  
-0.1246269175  
0.4949910727  
0.8484613109  
1.041045132  
1.060062162  
0.7303951919  
0.1427800237  
-0.002146107632  
0.6513354057  
0.6859607322  
0.6270624017  
0.5470712353  
0.5847671337  
0.4429622138  
0.3040444749  
0.4720183391  
-0.06054415477  
0.3013727605  
0.5231885679  
0.5925577254  
0.6463030832  
-0.4451708148  
-0.3803580029  
-0.443560435  
-0.1576376745  
-0.3715613839  
-0.5623583278  
-0.5079772651  
-0.5272044593  
-0.615407608  
-0.3878489612  
0.1638920068  
-0.5728846914  
-0.6425490857  
-1.308268234  
-1.476431686  
-0.8666165202  
-0.5511901566  
0.01710603159  
-0.1606581117  
0.554895168  
0.7715459282  
0.517627021  
0.3520006419  
0.2951912331  
-0.07882705283  
-0.0125530067  
1.227554617  
1.266043878  
1.8935952  
1.524626021  
1.376715211  
1.301026129  
1.725694582  
1.004525947  
0.3816760293  
-0.1637145788  
-1.176035841  
-1.628013078  
-1.032997137  
-0.3887749764  
-0.1424696742  
-1.093059728  
-1.453156614  
-1.518011577  
-0.5460921304  
-0.3846205218  
0.3156017914  
0.3644979761  
-0.59265463  
-0.680447599  
0.06032560022  
0.4279728837  
1.560323679  
2.946967812  
2.698985611  
1.871878921  
1.032890731  
0.5534959648  
-0.1365556255  
0.7477625857  
0.9232620678  
0.8691703748  
0.9051550478  
-0.07083330786  
-0.7811360893  
-0.8983598421  
-0.7950793116  
-0.2642928488  
0.1759362377  
0.359178277  
0.1095821721  
-0.4483132517  
-0.4515157509  
-0.157834271  
0.2959021121  
0.2422542313  
0.8608129316  
0.1275760709  
0.7202460111  
0.08992227072  
-1.034908943  
-0.7819744607  
-0.6533815469  
-0.9979816345  
-0.02887893813  
1.261448451  
0.5600481185  
0.6670193333  
0.6662751664  
0.3292177287  
0.7544591118  
0.5952600824  
0.6507736651  
0.6822432184  
0.04008698124  
0.3421147959  
0.2573140102  
0.5927351294  
0.3880634387  
0.0632169701  
-0.4327941549  
-1.313673747  
-1.61399838  
-1.458198239  
-0.1619369999  
0.04172939931  
-0.2850947593  
0.4857186477  
0.3943160606  
0.4714236399  
0.886081805  
1.178109091  
0.5651180207  
0.4084261598  
0.560270647  
0.1327363462  
1.142013822  
1.865312144  
2.066430144  
1.839401579  
1.275394315  
0.6082541707  
1.299584146  
1.024575113  
0.5067244997  
-0.01844708884  
-0.2543935752  
-0.8588993148  
-1.070174241  
-1.366924279  
-1.868652765  
-2.094278497  
-2.721255843  
-3.289081693  
-3.430394345  
-3.034744229  
-2.673277796  
-2.57060821  
-1.933395906  
-1.399061939  
-1.081262393  
-0.1186215776  
-0.1944832112  
