3.818902915  
2.845328117  
1.280817893  
1.230500479  
1.358838367  
-0.9177273316  
1.136008286  
-0.1448354448  
-1.400932324  
0.9093811903  
0.2077477512  
-0.7781890546  
-0.5468079484  
-0.08464978429  
-0.9784640927  
-0.3212442773  
0.2979794263  
0.03242123421  
-1.159517354  
-1.008856411  
-1.445032812  
-0.5034819481  
-0.2416780614  
-1.938505671  
-1.386672118  
-0.5318992939  
-0.9048095625  
0.8010934007  
1.046346736  
-0.8313016806  
0.2985194981  
-0.3565509948  
-0.07553349906  
-1.396382411  
-1.03570048  
0.2996318518  
0.2621603563  
-0.2215161019  
0.05720618433  
0.8269931781  
0.5248100492  
0.7899949054  
0.2742703798  
0.9059273131  
0.1536923731  
-0.1467210045  
0.2998012087  
0.2959601801  
0.5601755359  
1.053433262  
-0.5160790239  
-0.4802861787  
-0.6485596751  
-1.122913941  
0.518708754  
0.5695288956  
1.737340158  
0.1067941241  
0.4413020532  
-0.05888041771  
-0.8434662699  
-0.5105521199  
0.5481031297  
-0.2649405098  
-0.05716996386  
0.9919900593  
0.8065770724  
2.028692896  
1.831232092  
-0.5426261548  
-0.7208719117  
-0.2781420593  
-0.3933385573  
0.6854901133  
-0.7489198134  
-0.4292118628  
0.0182073262  
-0.4266071759  
-0.5027027541  
-2.020815542  
-1.61333979  
-2.065996  
-1.798192939  
-1.171014589  
0.1207045531  
0.32803937  
0.247088522  
0.8058134528  
0.612742424  
0.1156097133  
0.68381438  
0.659165192  
1.056934691  
0.8179598236  
0.2668178186  
-0.1923520223  
-0.4597010056  
1.27244266  
0.8215173951  
1.075057076  
0.5382822497  
-0.8338699837  
0.3393010432  
0.7109654842  
-0.3217762003  
0.112293366  
-0.0613812113  
-0.3355567022  
0.3664046804  
-0.811683172  
0.2325015348  
-0.9056314737  
-0.2909803087  
-0.4676420875  
0.1865123097  
0.5931787981  
0.5838624866  
-0.947208898  
-1.746188453  
-1.4368857  
-0.4150604577  
-0.0831633363  
0.6662260133  
0.9241291674  
-2.021699566  
-1.588672836  
0.4558674496  
0.284421353  
1.303883375  
-0.658073667  
-0.7461017021  
-1.683417298  
-0.2819794027  
0.1419137105  
0.1175913892  
-0.6486386894  
-1.232288736  
-1.367304199  
-2.607359958  
-1.486837185  
0.4437420902  
0.686291269  
1.1212202  
1.261746638  
-0.2800063781  
-0.3300486648  
-0.02707644581  
0.5213103607  
0.2954754709  
1.090836398  
1.95461102  
-0.001474281824  
-0.05825130349  
0.5217811889  
0.04043280963  
-0.3236881196  
-0.4356677983  
-1.093810837  
-1.016595121  
0.3441637289  
0.05364237206  
-0.7799241218  
-0.3615057962  
-0.7500952905  
-0.8575609384  
-0.01546377226  
1.387184085  
2.025007766  
-0.4027614106  
-0.9843952092  
-0.2785758754  
-1.103660335  
0.4368972788  
1.821543483  
0.5882255514  
1.031387578  
1.274929262  
-0.2921592597  
-1.459843449  
-0.5540511994  
-1.304002749  
0.8805025414  
2.216112386  
0.4189860969  
-0.2644729627  
0.3086365558  
0.2111739392  
0.4042102228  
-0.2058354847  
-0.05230298389  
-1.080708513  
-0.5305106655  
1.274023169  
-0.3914292088  
-0.2326420818  
1.54299964  
2.163429816  
1.864573498  
1.09723518  
-0.001907718864  
-0.897367809  
-0.4291863835  
-0.1937468361  
-1.531911365  
-1.381110147  
0.3559738226  
-2.392802075  
-1.388882217  
-1.304445345  
-0.1400894523  
1.612250686  
1.633616689  
1.477974587  
0.8454683759  
-0.1817038419  
-1.513607608  
-0.3627406231  
-0.858892968  
-0.7526100242  
-0.4081529189  
-0.4335533244  
-0.5005246756  
0.3130358962  
1.347611694  
1.317578977  
0.9257882659  
1.25558398  
-0.1524498829  
-0.1248284553  
0.5024376555  
-0.421981939  
-1.303734  
0.2922673005  
0.653614247  
-0.5845244957  
-0.7788876981  
-1.256102816  
-1.080384749  
-0.4011650162  
0.172468101  
-0.2584049689  
0.09509880302  
1.505782908  
0.4289094753  
-1.208678786  
-0.805898726  
-0.08904572833  
0.2375820457  
1.078844038  
1.44188181  
0.4726618225  
-0.1107937923  
0.2214653446  
-0.3910327833  
-0.5452697169  
0.02951972334  
0.2983175387  
-0.04161934974  
0.8902277618  
0.9107471337  
0.07871178718  
-0.05987189435  
0.5909907695  
-0.2808327169  
-0.9774618584  
-0.1411205046  
-1.629422424  
-0.4966152361  
0.2750114126  
0.9254690218  
0.828155562  
0.3855549998  
0.9351258874  
0.1580133292  
0.7740100704  
3.007330883  
0.7893918487  
-0.5747825507  
-1.749663265  
-2.052107753  
-0.6054083693  
0.704054352  
1.958445671  
-0.01904455465  
-0.5277543775  
-1.30849925  
-1.182242227  
-0.78683121  
0.7317849327  
0.3998655626  
0.7653768509  
1.309702398  
0.2639108518  
-0.9700368683  
-0.8247968382  
-0.6369187794  
-0.9643953386  
-0.5334529392  
-0.828308928  
-0.3169999119  
-0.4451775349  
1.102954486  
1.32114803  
-1.006636457  
-2.323708103  
-0.6649423629  
-0.6203378611  
0.3156289187  
1.547928512  
-0.1671400938  
-0.3281853148  
-0.9331787751  
-1.138357983  
-0.7315095655  
0.771113456  
0.8562686132  
-0.08037022482  
-0.8350537107  
0.4259870541  
-0.1956106854  
0.2520108547  
0.2419567152  
0.7747492277  
0.6194400813  
0.9281463468  
0.9957497426  
1.39480809  
0.3278228298  
1.123430137  
0.712976786  
-0.5701653868  
0.296154107  
0.7089177439  
-0.3174273534  
0.8538762291  
-0.3479302788  
-0.5876629253  
-0.8139251047  
0.1978214033  
0.2575185287  
0.1003126379  
2.022272851  
0.4876051636  
0.06981582878  
1.379767468  
-0.2175738095  
0.5339938557  
1.281309264  
0.6986470716  
1.147885895  
0.898633115  
0.061944569  
-0.407802123  
1.361522562  
2.134827339  
1.892036309  
1.106577346  
-0.09984501347  
-1.946534908  
-2.163072762  
-1.228277528  
-1.082865686  
-1.765076464  
-0.5494827673  
-0.357458386  
-1.022461219  
0.06946309053  
-1.963596545  
-0.9804775275  
0.08858938178  
-0.3548961132  
0.5677016739  
-0.4314003815  
0.4968572435  
-0.7753678252  
-0.2944631622  
0.07648308607  
0.4099139987  
-0.2284032603  
1.209378437  
0.4773954428  
0.0636657165  
0.1287402227  
-1.293423297  
-0.8011134205  
0.5272267097  
-0.5071633352  
-0.05589870025  
-0.1414400012  
0.6328066218  
0.6424504664  
0.07233490071  
0.2103093048  
-0.8521387463  
0.6416279756  
1.731533512  
-0.5308931398  
-1.126044707  
-1.0135856  
-1.388349829  
-0.7331499285  
1.022033475  
1.972049886  
0.7011130448  
-0.2562994032  
0.0282800185  
-0.7973050906  
-0.9233152296  
1.5411748  
2.862214332  
0.9013689904  
0.678455183  
2.871935236  
-0.2422442879  
-1.007941003  
-2.558177087  
-2.588556763  
-2.560204512  
-1.463622919  
0.5819210346  
