1.031640658  
1.686198277  
-0.006980161227  
0.0872599377  
1.032796748  
-0.5614663221  
-0.6288531114  
1.002891726  
-0.7253777722  
-0.5893562521  
0.942382639  
-0.6182635081  
-0.7031453023  
0.9309747771  
-1.063061823  
-0.9730905862  
1.058118318  
-0.4805365316  
-0.9254262632  
0.6725478229  
-0.5167894648  
-1.125954411  
0.9891301356  
-0.114336895  
-1.067068737  
0.9045624333  
-0.6695448425  
-1.181596147  
1.080076462  
-0.3737413575  
-0.8747190205  
0.2034519924  
0.3216426931  
-0.4582444327  
-0.7852249022  
0.5824925732  
0.8708759169  
-0.998154495  
-1.636854083  
0.6916973716  
0.1220306465  
-0.9272799673  
-0.1276901568  
1.210815747  
-0.9524956918  
-0.7956992947  
1.480687975  
-0.06291888689  
-0.7820485274  
1.176969501  
-0.194943718  
-1.131710844  
0.9785803276  
-0.9800650034  
-1.052466711  
0.6203815048  
0.02196643479  
-1.539944787  
0.0205341501  
0.1478370717  
-0.9653485186  
-0.908152955  
1.247773919  
-1.123504752  
-1.193949647  
1.115462965  
-0.4505335993  
-0.9011622488  
1.226515717  
-0.6951180781  
-1.079135852  
1.074796022  
0.03429075418  
-0.6937541935  
0.02228924886  
0.8106552523  
-0.4047710749  
-0.8815493652  
1.267447014  
0.0259889905  
-0.846747132  
0.6165325864  
-0.03217878411  
-0.7442023208  
1.50807853  
0.3856312551  
-0.6032882329  
0.7676664462  
0.5497590545  
-0.3195367853  
1.149379901  
0.7081356593  
-0.5878984898  
0.5094225179  
0.2290858044  
-0.6427826184  
-0.1665053667  
1.040458222  
-0.5888258737  
-0.9434201416  
1.372133149  
-0.3667309784  
-0.5926657125  
1.479347501  
-0.2380933978  
-0.788229137  
1.242207219  
0.08010436748  
0.03920132484  
-0.5261108754  
1.522502753  
0.3428128486  
-0.5450926469  
0.8639944929  
0.3952766161  
-0.5328248807  
1.548360993  
0.352272516  
-0.5227028739  
0.9540852551  
0.7485372134  
-0.3062075205  
-0.4093135236  
1.538846227  
0.07642929894  
-0.2765595236  
1.90331752  
0.4799318448  
-0.1326359303  
-0.5177758659  
1.541790999  
0.02469122139  
0.06118884941  
1.640756648  
0.8364343114  
0.01447491058  
-0.1242507146  
1.935516367  
-0.4173562863  
-1.107767616  
1.253688962  
-0.5300820514  
-1.143615499  
1.186185893  
-0.0319519636  
-0.860194177  
0.893936768  
0.3406490462  
-0.6569077943  
0.7774524403  
0.9496188454  
-0.3002686601  
0.4955904357  
1.281578551  
-0.3637885057  
-0.6486831821  
1.315436172  
-0.2232651446  
-0.8479390918  
1.106313378  
0.8201633698  
-0.2907326197  
-1.116556444  
1.022876588  
0.3456278872  
-0.6018959399  
0.4076383714  
1.064596914  
-0.4536578571  
-0.5690485776  
1.25922058  
-1.671053639  
-0.3624447462  
1.501510176  
-0.1391381367  
-0.7861493418  
1.477417585  
0.2512981242  
-0.2431397174  
2.265361895  
0.6480892299  
-0.2422823513  
1.615426771  
0.3921888803  
-0.6743505281  
1.804975003  
0.6299495397  
-0.09800328911  
1.322758499  
1.120419425  
-1.543957827  
-0.9561814644  
1.062764538  
-1.472561607  
-1.462011305  
1.343171982  
-0.04144927046  
-1.16331606  
0.9335267801  
0.4379180597  
-0.8547280675  
0.1552889821  
0.184979415  
-0.7784788042  
-0.7515192806  
1.81192428  
0.2595644022  
-0.6044013396  
0.8636453698  
0.8337617304  
-0.4714626888  
-1.316162969  
0.7183076711  
0.7332470696  
-0.8785290131  
0.05227872709  
0.7983604538  
-0.8179446642  
0.5368819903  
0.7578657101  
-0.6207499199  
-1.317927483  
0.2639144759  
0.4961278601  
-0.8255942575  
-0.4922336409  
1.125746664  
-0.6438179937  
-1.196399803  
1.24378128  
-0.3547707408  
-1.161291947  
0.6402114453  
0.5546727856  
-0.9072445536  
-0.1644341956  
1.155200089  
-0.6733880487  
-0.6204559827  
1.895728615  
0.1125439335  
-0.7461752289  
1.4864095  
0.6195800436  
-0.8049850053  
0.7485345305  
1.029122031  
-0.8304802318  
-1.099696887  
1.353365323  
-0.7762966511  
-1.229876815  
1.5532655  
-1.073295658  
-2.12120342  
-0.07913276196  
-0.35880084  
-1.412381472  
-1.499458061  
0.5412826347  
-1.373170925  
-1.879326835  
0.9825464226  
-0.4227823409  
-0.7366544014  
1.234602603  
-0.3101460719  
-1.332411184  
0.6001427678  
0.1967169066  
-1.007368711  
-0.4890431962  
0.8288153286  
-1.78338468  
-1.699925886  
0.6577640994  
-1.689230952  
-2.370312073  
0.4803143651  
0.1467508263  
-0.7923404884  
0.4207141266  
0.3122574506  
-1.527226898  
-0.5662878059  
0.8095986357  
-1.224236771  
-1.106540347  
1.066961856  
-1.248575801  
-1.396956467  
1.156763263  
-0.7515545135  
-1.866104179  
-0.605142197  
0.215794774  
-1.421878739  
-1.712508001  
0.7338726944  
-0.2473493951  
-1.591515529  
0.4116996805  
0.2859125356  
-1.202312928  
-0.05754855303  
0.3786079951  
-1.701208751  
-1.504055431  
0.4555790489  
-2.010340941  
-1.438979793  
1.125685249  
-1.126507771  
-1.275703401  
1.360340945  
0.1502271162  
-1.193859481  
0.319948463  
1.174890498  
-0.8264189226  
-1.701424629  
0.7835058709  
-0.4739265268  
-1.744078542  
0.002825118075  
0.3869529164  
-1.143747751  
-1.352069169  
1.192240601  
-1.290710355  
-1.946597089  
0.9650295059  
-0.6694878233  
-1.505764071  
0.1664941842  
0.3031716102  
-1.793453134  
-0.09529610497  
0.5193789988  
-1.1766014  
-0.399494259  
0.8825173487  
-0.87866074  
-1.155167298  
1.420170524  
-0.4062497631  
-1.702952841  
1.604775834  
0.3984175542  
-0.7543261743  
0.991057943  
-0.8968541346  
-2.00705552  
0.180634778  
0.5447088853  
-1.01497679  
-0.276371717  
1.119394436  
-0.7669532508  
0.9428954061  
1.153753162  
-0.3409582556  
-0.03454675805  
1.823502456  
0.5635943372  
-0.6666286661  
1.775078947  
-0.2442807678  
-0.7326314836  
2.015238203  
1.068629567  
-0.5097856534  
0.6511860665  
1.461931612  
-0.1347203452  
-0.8331787171  
1.9991934  
-0.1527159992  
-0.4851135134  
1.846995853  
0.3548963534  
-0.6189188645  
2.312061642  
0.4840854367  
0.002617760444  
1.843210681  
0.5619266089  
-0.2681207083  
1.595408522  
1.299060422  
-0.6798269598  
0.3004490618  
1.305736634  
-0.6486465791  
-0.1701264972  
1.81772045  
0.1672386926  
-0.226600834  
2.763905545  
0.3092297046  
-0.8508055987  
1.50851354  
0.1125976267  
-0.7950829437  
-1.42224957  
2.119359518  
0.6638921873  
-0.7599155685  
0.9116790375  
1.096908161  
-0.9867151602  
-1.119176941  
1.386244233  
-0.5460225864  
-1.339999366  
1.143660469  
0.8084202496  
-0.3128097616  
0.218377689  
1.938331938  
