-0.988015644  
-0.4239072283  
-0.2611448042  
-1.052128656  
-0.9244287173  
-1.214067771  
-1.791874906  
-1.341871674  
-0.8624495234  
-1.568685273  
-1.27424651  
-1.63314442  
-1.425961218  
-0.7565811171  
-0.8298133189  
-1.186854599  
-1.213394176  
-1.480086627  
-1.290266984  
-0.9353251061  
-0.8601771667  
-1.090679029  
-0.986186246  
-0.7658202357  
-0.5186460628  
-0.4361916879  
0.374839792  
0.4406245792  
0.6339602547  
0.6224898202  
0.2594567186  
0.05595100951  
0.8913804048  
1.285753088  
1.31207531  
1.209255565  
1.283094521  
0.5042615029  
1.147237456  
1.293656147  
1.510863595  
1.659996535  
1.311966081  
1.523869476  
1.315737111  
0.470286795  
1.021194255  
1.189077527  
1.473428336  
0.4568641046  
1.140172543  
-0.1567582402  
-0.5837478643  
0.2677592128  
0.1161169476  
0.04304058579  
-0.3840995317  
-0.4504845807  
-1.207099343  
-1.034346972  
-1.138160834  
-1.031450208  
-1.098566066  
-1.046746582  
-0.5549038681  
-0.7096201009  
-0.1794675604  
-0.1334238772  
-0.683589351  
-0.2937089958  
-0.0832996097  
-0.2490548313  
-0.1999395386  
-0.5822279243  
-0.6479739502  
-0.1823977175  
-0.6861142325  
-0.3273520843  
-0.40589985  
-0.145640379  
-0.0207838649  
0.4098305349  
1.306927699  
1.57849986  
1.874268897  
2.394380667  
1.704221283  
1.748211483  
2.295681752  
2.647714702  
2.227766845  
1.483983654  
1.380094675  
1.579510209  
2.542656355  
2.70617312  
2.160854187  
1.26496873  
0.1726549003  
-0.1065879495  
-0.3972424682  
-0.5317059325  
-0.9137287738  
-1.528219101  
-0.8990759712  
-1.224401121  
-0.7333133056  
-0.224097722  
-0.9877906812  
-1.0180795  
-0.6576483726  
0.005013205246  
0.3064199953  
0.221725616  
0.08033381303  
-0.7522977723  
-1.188767166  
-0.6682100714  
-0.4905343758  
0.1145761593  
0.2662645255  
-0.3777542595  
-0.7923260835  
-0.6297500085  
-0.07269534051  
-0.2661509551  
-0.5538148288  
-0.8165016975  
-1.154170654  
-0.7098349503  
-0.363248716  
0.2206450312  
0.1100645676  
-0.277666654  
0.2112710256  
0.3512959535  
0.2929237799  
0.7311813109  
1.230255142  
0.9559939306  
0.4323021432  
0.7810588135  
0.7852791285  
0.6950710741  
0.5482955947  
0.3943955006  
0.7112336778  
1.003090646  
0.5510712288  
-0.2728675112  
-0.3291937665  
0.04116976305  
0.2679882105  
0.4062810191  
0.1860397959  
-0.1584350386  
0.02376260384  
0.2384577423  
0.2470502476  
-0.5178681438  
-0.3999913605  
-0.7046750892  
-0.7156850864  
-0.2040521084  
0.2699667885  
0.406576366  
-0.3791458642  
-0.9495900319  
-1.192292225  
-0.7823426271  
-0.2951894603  
0.2648734786  
0.2069108209  
-0.09759501111  
-0.7301227839  
-0.6726489764  
0.02437200703  
0.2875669139  
0.5226856101  
0.5099223536  
0.8167951048  
0.7218639272  
0.9791627536  
1.655848924  
1.431114282  
1.481144666  
1.681938267  
1.644859102  
2.051061605  
2.058792764  
1.524245418  
1.450417157  
1.234864186  
1.705072041  
0.9671100938  
0.06366730881  
-0.508930061  
-1.354410175  
-1.483218404  
-0.5952587825  
-0.9727213784  
-1.054517016  
-1.214983836  
-1.899212811  
-2.741495347  
-2.846447255  
-1.453280753  
-0.5589417606  
-0.7059565153  
-0.9637248885  
-1.675494737  
-1.352170619  
-0.8781376863  
-0.1301574305  
-0.4938329516  
-0.9942115429  
-0.4649225966  
0.03275433885  
0.4126024153  
1.398501483  
1.223519611  
1.853689068  
0.7974625039  
0.3113863696  
0.01526568876  
-1.040344822  
-1.20573396  
-1.01391255  
-1.337945634  
-1.195716221  
-0.7751391437  
-0.8033084714  
-1.408347516  
-1.225516445  
-1.374844056  
-1.950468141  
-0.9439580968  
0.08327472928  
-0.2548453478  
-0.4455174652  
-0.4070739047  
-0.6676477764  
-1.335935533  
-0.5444408654  
0.07438423351  
-0.1011881316  
-0.1177013699  
0.176112198  
0.1190055591  
0.7837173696  
0.8876873303  
0.4591165796  
0.6904998785  
1.077838998  
1.32649575  
1.487733026  
1.512986646  
1.299103828  
0.06708841158  
0.6645579114  
0.8367139066  
0.7651065815  
0.1500732895  
-0.1897258688  
-0.5142090204  
-0.3724070125  
0.6831969841  
0.8159830054  
0.2290141901  
-0.1781255511  
-0.6711657574  
-0.04850468346  
0.9887973375  
1.610813226  
1.308740856  
0.6441909293  
0.2946023774  
0.4084759076  
1.356209495  
2.5475467  
1.803562113  
1.574291272  
0.856987442  
0.6793384945  
0.1202076562  
-0.4972649104  
-0.760147926  
-1.149844293  
-0.6866576623  
-0.6468985991  
-1.077626028  
-0.9760647681  
-0.7530586685  
-0.5868554705  
-0.05600590115  
0.03078847417  
-0.7248682284  
-1.027793628  
-1.59775906  
-1.517536516  
-0.8127029501  
-1.260368906  
-1.072835803  
-1.552038531  
-1.535061213  
-0.6055928042  
-0.2157003626  
-0.7941110169  
-1.297219881  
-1.256190518  
-1.108946838  
-0.7047995429  
0.2388672614  
0.2145505808  
0.3984176681  
0.4491622305  
0.9975655586  
0.3999639728  
0.3584982861  
0.2920211352  
-0.3053633509  
-0.2775199069  
0.1745926009  
0.5343428247  
0.6548601474  
0.6787837461  
0.5387082761  
-0.03529168509  
-0.4075065929  
0.1783739964  
0.5575405422  
0.3735055955  
0.5161073341  
1.028477959  
1.247145957  
1.745058183  
1.7769424  
1.741719243  
1.90740851  
2.221363632  
2.223908213  
2.094865027  
2.016609831  
0.631007184  
-0.3188407853  
-0.0474043975  
0.006033455068  
0.6209542682  
0.5855184822  
-0.1923604147  
-0.692451824  
-0.9104779425  
-0.250413798  
-0.6523542022  
-1.093217075  
-1.772306114  
-2.597048185  
-2.514204067  
-1.627087161  
-1.199464522  
0.3228636328  
0.07981901085  
-0.4864812389  
-0.7728426194  
-0.5309527779  
0.5447489263  
0.4649032669  
0.7204037568  
0.3736232109  
0.8027221631  
1.003288533  
0.9327912038  
0.2873293254  
0.2370581367  
0.1996306172  
-0.3338674855  
-0.8421309352  
-0.7132500771  
-0.6746444077  
-0.6809743001  
-0.8424220789  
-0.6925398196  
-1.751090989  
-1.676410109  
-1.261171666  
-1.248473021  
-0.421327528  
-0.4074259844  
-0.6189097797  
0.2789381371  
0.06718577498  
0.5342605654  
0.7843126562  
0.7395086145  
0.1291650674  
-0.1483067773  
0.2121971587  
-0.3667762971  
-0.09815880405  
-0.09105262592  
0.5317979587  
0.664361922  
0.8643944244  
0.5922407119  
0.03442554359  
0.4324291122  
1.005019424  
0.9780463861  
0.4641139151  
0.06007258248  
0.2246433414  
0.3344320937  
0.2290321015  
0.2814703224  
-0.6711892726  
-0.8611785897  
-0.4103129794  
-0.5056276665  
-0.2600338485  
-0.8710000762  
