0.3299167686  
2.996477357  
1.716133832  
-0.2992930571  
1.90362731  
0.5456340496  
-0.3440007455  
2.631588428  
0.6557331259  
-0.3635893624  
2.308537286  
0.5475483464  
-0.8161032783  
2.023590978  
-1.375798997  
-1.900714782  
1.79613713  
0.2420510052  
-1.216758391  
1.701437575  
-0.4967068655  
-1.583324238  
0.4373718145  
0.5212409368  
-0.8507767561  
0.7287851655  
-0.2266860078  
-1.709034777  
0.2432620451  
0.01099050978  
-0.6915450475  
0.6049973478  
0.6732368034  
-0.4285267953  
-1.43702351  
0.5969282305  
1.053866359  
0.3033504801  
-0.5338673259  
1.413405525  
0.3512286048  
-0.6651569757  
-0.7855291963  
1.347485293  
-1.196463855  
-1.340515045  
2.175103568  
0.7570386015  
-1.625676698  
2.480198857  
-0.3687120281  
-0.9148639449  
0.9604793933  
-1.281305621  
-1.313778477  
-0.09631472201  
1.380423159  
-1.264424166  
-0.2616244896  
0.1881699124  
-1.193599796  
-0.8437613137  
0.4911147247  
-1.804894763  
-1.580896101  
0.8866332245  
-0.8269729846  
-1.034121613  
1.005462075  
-0.8493400285  
-1.076749603  
0.7779238235  
0.3737230783  
-0.8936380817  
-1.036229049  
0.9832375676  
-0.4607108139  
-1.044236162  
1.342791303  
-0.3436542415  
-0.9147145224  
0.07021083643  
-0.7110631309  
-0.3362801154  
1.784494464  
0.36478577  
-0.9744429133  
0.6214803495  
1.073923986  
-0.4709315125  
1.152462853  
0.547136923  
-0.7113129127  
0.05320087226  
-0.1864240994  
-0.7491207319  
-1.18565719  
0.4896002418  
-1.761978317  
-2.179782246  
2.054618266  
-0.5687784075  
-0.8855851739  
0.5536875473  
-1.277172684  
-0.6840750774  
1.03586038  
0.8826053621  
-0.4864172163  
-0.7376044032  
1.641051651  
0.3359339269  
-0.2682576872  
1.146769236  
0.1481143655  
-0.892177333  
0.6262734028  
0.7848282203  
0.2245475842  
0.2697040252  
1.305056533  
-1.154777997  
-1.104204322  
1.489344135  
-0.5359810325  
-0.9669117499  
2.124808054  
-0.1559367883  
-0.4610087274  
-1.608444737  
1.838038971  
-0.3038298776  
-0.8361694388  
1.417974719  
-0.1926241045  
-1.065235598  
-0.9336134339  
2.421731817  
1.197202887  
1.192740929  
0.6939131879  
-0.2278940703  
-0.3972142792  
-0.1172861802  
-1.278369204  
-0.2902317166  
-0.1661918032  
-0.5845147935  
-0.9173273577  
-0.5341641657  
1.052366696  
-0.9845597464  
0.6733829612  
1.407144571  
-0.8365230932  
-1.268419485  
0.2379492943  
-0.8920884268  
-0.9854004808  
0.7685500802  
0.5136490436  
-1.637895404  
0.1150499738  
0.7245110895  
0.1602286899  
-0.3891267742  
-0.0483114833  
1.311587831  
-0.4066514097  
-0.3679940485  
1.111349166  
0.998371597  
-1.170642894  
1.762330404  
-0.277025201  
-0.741413256  
0.228688991  
-0.3525886565  
-0.3605324928  
2.496226649  
0.3544904893  
0.000963871203  
2.312744572  
-0.01416157189  
0.2136645647  
1.725944  
-0.1496966556  
-0.2492776696  
-0.04314514033  
0.3515948015  
1.09748401  
-0.6980886337  
-0.05215394369  
0.1907778443  
0.4834290035  
0.5013583081  
0.07160410071  
-0.1901593908  
-1.207168694  
-1.186049645  
0.138448938  
-0.9384947586  
-1.158442839  
-0.6984569376  
-0.6095777965  
1.840796317  
-1.24060684  
-0.5081116065  
-0.8438976707  
-0.448830701  
-0.4196759239  
0.4261537844  
-0.7709383554  
-0.8902031078  
-0.3148048913  
-1.323340259  
-1.042283417  
0.1284164196  
-1.102321261  
-1.390676123  
-0.8846104354  
-0.1462504189  
-0.7634972216  
-0.05495204448  
0.3583274619  
-0.9481591017  
0.04598403561  
-0.6245310255  
-0.6951117915  
-0.3262815085  
-1.921571766  
0.6564798851  
-0.4930540364  
-0.7515452386  
-0.2362844251  
-0.5467096723  
-0.6032116191  
-0.1842064479  
0.7532714759  
1.691449935  
1.270371384  
0.1066834302  
-0.8233610354  
-1.445520561  
0.8812846377  
-0.2623642706  
0.2893815906  
0.3487762029  
0.4549933602  
-0.2156014001  
-0.6310649371  
0.5381599419  
-0.07853511411  
-0.1372712589  
0.9511086582  
-1.392368512  
-0.7610905085  
0.5221151457  
-0.4101224996  
-1.137271709  
-0.03654412129  
0.6158330111  
-0.2187555938  
-0.3906387669  
-0.689014633  
0.369030629  
-0.8065722328  
0.4310429655  
-1.624588168  
-1.416403794  
-0.2922961994  
-0.4284800432  
-0.7502266472  
1.394390637  
0.9626865115  
-2.31204182  
0.549173613  
1.591810987  
-0.4542307819  
-0.6725309675  
-0.4967684483  
-1.826125737  
-1.033018389  
-0.03113790672  
-0.195753994  
-0.6559828993  
0.8272166106  
-0.2958458645  
-1.247265573  
-0.6856994124  
0.379586231  
-0.1759343588  
0.1931907513  
1.406396696  
-0.7194147075  
-1.165409644  
1.661745263  
2.259104188  
-0.4718609926  
0.1301489404  
1.113024147  
-0.1918146303  
-0.7157814897  
1.34076686  
-1.226621152  
-0.8908939402  
1.126760164  
1.467239734  
-0.4989120607  
1.226617697  
0.8206799574  
-1.144068384  
1.533975582  
1.496911078  
-0.286797984  
-0.051503071  
1.392580367  
-0.6089453136  
-0.4973334191  
0.2324160718  
1.924248335  
-0.9815170724  
-0.2072523519  
1.802295046  
0.08176844735  
-0.912569583  
1.917509124  
1.617628185  
-0.5676790165  
1.045249189  
1.490995533  
-0.3914743301  
0.7254746283  
1.381191191  
-0.4587881912  
-1.260378686  
1.444892969  
-0.314253373  
-0.3855287773  
1.828184218  
0.5284269384  
-0.7560341357  
0.01679871973  
0.9328744916  
-0.6729951433  
0.08292756508  
1.970607121  
-0.4565781464  
-0.370294817  
0.3805757531  
-1.004019167  
0.08781810128  
1.673628505  
-0.465055765  
-1.38552512  
0.6767251809  
0.3866860067  
-0.7034293232  
1.314160446  
-1.28545688  
-0.9158725913  
0.2349862446  
-0.04415686277  
0.299186413  
-0.4813710991  
0.7355563695  
-0.1664649934  
-0.0122298896  
1.448402635  
-0.2020836091  
-0.7297449598  
0.2220510775  
-1.243029267  
-0.4510665575  
-0.8418988108  
1.17765028  
-0.8772254417  
0.78204256  
0.122595176  
-1.067410295  
-0.1526273781  
1.224565492  
-0.731577872  
0.08131086255  
0.3055092461  
-0.2002037945  
-0.5768898706  
0.4828635701  
-0.9261323001  
-1.082215919  
0.6311106676  
-1.214086666  
-1.147839932  
0.3529822004  
0.2753974978  
-0.6680843546  
-0.611380518  
-0.09299919646  
1.256348607  
0.1180034715  
1.94914659  
-1.00699051  
0.1782289821  
0.8240824861  
2.505939358  
-1.040048155  
0.1221757485  
1.028042541  
-0.2850035709  
-1.28805346  
1.111626592  
1.477956335  
-0.7627316395  
0.1862323607  
1.611601304  
-1.129175258  
-0.7205924164  
-0.08598714216  
0.156185528  
-0.6172535338  
