-1.608519116  
-2.31592434  
-1.746631352  
-1.314421926  
-0.4851190904  
-0.1641636165  
-1.33797185  
-1.233075706  
-0.5660605187  
-1.489698251  
-0.7416763925  
-0.5027341177  
-1.592401343  
-0.5462643969  
-0.02668386373  
-0.7519897003  
0.6387705915  
0.7909415945  
-0.2649866615  
-0.05074153058  
-0.9126968442  
-0.6299580558  
0.2924354021  
-0.5494066521  
-0.08482399925  
-0.726258413  
-0.8754143909  
-0.3530350335  
-0.09677429497  
0.3260053982  
0.2794125284  
-0.1329267718  
0.6333986811  
0.1673838017  
0.05803732216  
0.04804336982  
1.933282753  
1.715929557  
2.660117079  
1.003323203  
1.550932603  
2.244520903  
1.396930789  
2.558187931  
1.989175753  
0.05936604876  
0.692120394  
0.9640418154  
1.573997073  
1.162392039  
1.6088877  
-0.3459797663  
-1.242979831  
-0.512444734  
-0.006394003191  
0.1763775316  
0.08993754561  
-0.9421027537  
-2.329098505  
-1.424786498  
-0.706655837  
-0.6206925906  
0.1672645582  
-0.4439356255  
-0.8398481877  
-0.633159516  
0.1564278503  
0.0444895762  
-0.610222686  
-0.4131174205  
-0.6883631869  
0.3902514421  
1.182643344  
0.5581147601  
-0.3024522043  
-0.01131412841  
-0.003006224071  
0.6635502506  
1.461752889  
1.484860574  
1.657301358  
0.1851843781  
1.421914536  
0.2787120508  
-0.2830061374  
-0.4035382992  
-1.170096564  
-0.7702945946  
-0.8830273226  
-1.042443251  
-1.25151385  
-1.639137108  
-1.398259386  
-2.37617304  
-1.353939531  
-1.744583869  
-2.183864295  
-1.065214155  
-0.4287576376  
-0.7690461679  
-0.7662522416  
-0.9780268443  
-1.065820957  
-0.8441415627  
-0.3131992281  
-0.9020740973  
-0.5013076887  
-0.4220679726  
0.3414343204  
0.2422063754  
1.029666081  
0.6743061358  
0.4854248576  
0.2738369776  
1.459333951  
1.014163267  
0.5656398595  
0.1097125851  
0.2258106844  
0.4189721612  
2.059645656  
1.411140491  
0.3382441772  
0.1402259429  
0.068189085  
0.3158300672  
0.6188172299  
1.941395793  
1.322834866  
-0.2882909603  
-0.6067104271  
-1.198863532  
-0.29800767  
-0.1927219853  
0.1522180961  
-0.420143855  
-1.699940915  
-1.197319839  
-0.7926637674  
0.2582305372  
-0.2994956453  
-0.1700672861  
-0.08877827209  
-0.914979055  
0.4450080632  
0.5149629096  
0.1144983395  
0.2952393013  
-0.5985103232  
-0.3429993175  
0.1257674451  
1.550146745  
0.5901968753  
0.1822237866  
0.3722022766  
-1.456040031  
-0.4561073299  
0.1271711389  
0.1432037444  
0.6267479397  
0.3225861668  
1.030280648  
1.100899369  
0.9788602938  
1.924387154  
1.585062022  
-0.1068995502  
-0.8194220539  
-0.3434319368  
0.550416302  
0.9595340966  
1.957374546  
1.513578713  
0.01864115639  
-0.06565075254  
0.3156859452  
1.114883568  
1.977623406  
0.1224926822  
0.1494292555  
-0.6774803624  
0.2358112082  
0.9713826327  
2.103821921  
0.3099123486  
-1.537652391  
-0.9587973445  
-0.9523191856  
-1.068186154  
0.2248567382  
-0.3153318379  
0.08652810018  
-0.1295778448  
0.8113045322  
0.3776769121  
-0.05877666342  
-0.09214987831  
0.1559501703  
0.3015217144  
0.6731951626  
0.5570936517  
0.1684450472  
0.4119919629  
-1.091539365  
-0.6898926514  
-0.9620456045  
0.776677328  
0.5528409008  
-0.4503909972  
-0.4311360015  
0.4755378051  
1.603699132  
2.600627455  
2.289476831  
1.747256363  
0.2241613291  
0.8546958272  
0.8386920207  
1.226249654  
1.492299209  
0.8734832988  
0.8832398575  
0.4936607938  
0.1642988648  
1.854789459  
1.364033648  
0.3135292441  
0.1895614694  
-0.7222208115  
-0.9985157778  
0.5738124265  
-0.1361195139  
-0.5902431721  
-0.2621807118  
-0.7587612945  
-0.4455412256  
-0.6143949085  
-0.4748456311  
-0.9721146404  
-2.100078527  
-1.754015581  
-1.591143795  
-1.641754348  
-0.05461217332  
-0.2463637687  
0.4101510956  
-0.01823497141  
1.310470749  
-0.2977643995  
-1.078611087  
-1.093118147  
-1.315441604  
-0.5163599197  
-0.006252135056  
0.8203255563  
-0.1028481503  
-0.534062274  
0.3746250386  
0.5240314664  
-0.04401968805  
1.148529932  
0.7175227007  
-0.7343330396  
-0.9823757762  
-0.2999124906  
0.07979381608  
1.643579707  
1.893310611  
0.6833303906  
-0.4687074179  
-0.4560093078  
-0.199958472  
0.161048091  
2.022291523  
2.295337817  
0.6966124058  
-0.1467528697  
-0.743514794  
-0.5097751705  
0.09236094106  
0.8710841693  
0.4725388582  
-0.4224456956  
-0.8112864878  
-1.000945139  
-1.261598368  
-0.5450821586  
-0.4438095387  
-1.410977466  
-0.9109608616  
-0.8249116767  
-0.7261406391  
-0.02935521499  
-0.1364486788  
0.1938262384  
-0.7124908398  
1.132876962  
1.530807161  
1.528817524  
1.235112493  
1.630114706  
0.8215071971  
-0.9796316167  
-0.3202867773  
-0.2679469303  
0.1470687494  
1.378462723  
0.1959262829  
-0.9781929033  
-0.03564289526  
0.7253450668  
0.7026684431  
1.920762666  
1.010434542  
0.483001366  
0.4026888949  
0.7280370068  
1.029385318  
-0.2501170406  
0.6213409409  
0.7071318993  
-0.05609737311  
-0.9459044474  
0.01413136666  
1.489591056  
1.381041745  
2.167008005  
1.530999895  
0.2826740759  
-0.3134562854  
-0.7414468211  
-1.080683809  
-1.845220775  
-1.271483056  
-1.636543801  
-2.076799868  
-1.338858525  
-2.419262779  
-2.288900803  
-1.021999578  
-0.9810156906  
-2.293169512  
-1.313179825  
-1.017982414  
-1.095652854  
-0.4865476746  
0.3818156958  
-1.181189797  
-0.8927380709  
-0.6768568294  
-0.3099433137  
-0.008008603364  
-0.06680320427  
-0.787553345  
-2.471912358  
-2.112773589  
-1.475479522  
-0.9591001353  
0.7966412829  
-0.3775990069  
-1.605428114  
-1.046001742  
-1.065073751  
-0.4730764438  
0.5070333202  
1.167422351  
-0.3255758943  
-0.7401709318  
-0.8199220349  
-0.4246580795  
0.7960279023  
1.517143934  
0.9890468489  
-0.02241430791  
0.06315751962  
0.7037458828  
0.5969463652  
0.907352369  
0.8401171302  
0.2332391078  
-0.06630535843  
-0.1575890996  
-0.7139681359  
-0.5668259907  
0.5966090755  
-0.5359997961  
0.3116331347  
0.7493663042  
-0.6914578844  
-0.7520072652  
0.07494916406  
-0.3322689328  
-0.6255818744  
0.1138303585  
0.6057771215  
0.2130696098  
1.126247157  
0.9214195573  
0.06707664325  
0.6858167178  
1.552203106  
1.177251718  
0.9895504206  
1.150219422  
0.1735161478  
0.434786221  
0.6498306621  
1.363168191  
0.9560316395  
0.2488077719  
0.2524706508  
-0.1946384419  
-1.136812577  
-1.437307398  
-1.39901659  
-1.648677331  
-0.5996686117  
0.2622548352  
0.7002543669  
0.1004053084  
