0.6940470576  
1.91148362  
0.887024353  
-0.5123882705  
0.2850293367  
0.3423004463  
-0.7553124079  
0.6707620483  
1.066906224  
0.2768128614  
-0.03491931387  
0.8690509001  
0.2318152349  
0.5846131579  
1.260317311  
-0.4329406169  
-0.3157867106  
-0.689682881  
0.3156699434  
-0.1669306833  
0.3472448006  
1.469613221  
0.5918414933  
0.3022406082  
0.2511173701  
-0.9935998745  
0.7448987169  
-0.4146453994  
0.7476560854  
0.8070353065  
-1.151898163  
2.424830716  
-0.3031017939  
-0.2772691822  
0.3719076154  
-0.9788373728  
0.8069686128  
0.01440845633  
0.8888064799  
0.1427172599  
0.5811936827  
0.0784745918  
-2.049978113  
1.804852996  
0.7375541245  
-0.5222545645  
0.08455267571  
-2.166747699  
0.4603594973  
3.386064394  
-0.4434114973  
0.2019271582  
-0.1824474492  
0.2021988729  
-1.489392148  
0.3750725336  
0.1489546586  
-0.1397934869  
0.2109301247  
0.3975861799  
0.9722296438  
0.4579904372  
0.7808189437  
-1.510188236  
-0.2842612589  
-0.0115790856  
0.1804767907  
-0.6641741772  
-2.731585136  
0.04710878588  
-0.8337817763  
-0.07565664975  
-0.7311872797  
0.7002576555  
0.2168967044  
0.5709214894  
-2.019420404  
0.8644506412  
0.3117665304  
-0.05727782261  
0.4650680009  
0.2879466896  
0.01848964389  
-1.033218118  
-0.2059469716  
-0.5079956793  
0.05331554032  
0.3177819298  
-1.749200783  
0.2498421794  
0.6657543499  
0.4928025846  
-0.1747295025  
-1.217731366  
0.7641313864  
0.7662145066  
0.07442125749  
-0.5962961551  
-1.989961882  
0.004674355844  
1.441423203  
0.8466759684  
0.06940837701  
-1.09184701  
0.3571323065  
0.8341111174  
1.033418276  
0.1051440399  
-2.163516666  
-0.2145378286  
-0.01544689365  
-0.4937511619  
0.01746776635  
-1.761452842  
0.5071247188  
0.05897046417  
-0.09459511746  
-1.056888249  
-2.238618848  
-0.3112239103  
0.2356393416  
0.208844175  
0.3628182515  
1.202736937  
-0.9513481419  
-0.7801784494  
-0.09318083439  
0.2486966637  
2.811889092  
0.4222238247  
0.0285740757  
-0.3912185548  
-0.3976924139  
-0.5879187682  
0.5428434679  
-0.2014397629  
-0.7891589228  
-0.06762559495  
-0.2621356296  
0.4207363337  
-0.2117312408  
0.8781281532  
-0.1234300884  
0.1630081715  
-0.2993454075  
-2.095857278  
1.288251587  
0.9082237756  
0.01211265897  
0.1656896253  
-2.144559359  
0.6463884555  
0.5700433222  
0.186970632  
0.1261186066  
-1.928636518  
1.028647009  
-0.4248090977  
-0.6867309761  
-0.02526875452  
-3.251635712  
0.4792445319  
-0.1599519073  
0.1735109032  
-1.242013499  
-2.660948308  
-0.5107284741  
-0.2518567044  
-0.5560722299  
-0.4964953621  
-1.529424353  
-0.72631056  
-1.482502564  
0.3515911904  
0.5045663443  
-1.133413206  
2.063943558  
2.098806491  
0.1716033831  
0.3370460431  
-0.4643614661  
1.072716569  
0.8804811461  
0.6139622393  
0.3117590304  
0.5543701483  
-0.9176509721  
-1.142970309  
0.1219718311  
0.1820065528  
-0.7384150641  
0.3419550732  
0.1934221502  
0.1283222668  
-0.2172153872  
1.021711824  
0.1599828442  
1.501893409  
0.2682311028  
-0.3826784789  
-0.6091329039  
0.3744601336  
2.102758288  
0.5083388574  
-0.3633755939  
-1.98965615  
-0.03689419576  
2.05824763  
0.6608293521  
0.5236989935  
-0.5569683307  
-0.8765485095  
-0.03539275475  
0.760736052  
-0.1735693256  
-1.84186874  
0.3006269691  
-0.1603012119  
-0.6566833039  
-0.7993614011  
-2.429027312  
-0.4627537989  
0.3099053477  
0.00823975312  
-0.5437255355  
-1.273946019  
1.039951839  
0.4661788242  
0.1120819131  
0.2248285252  
2.533126569  
-0.4695292644  
-1.767910776  
-1.127261625  
-0.3410383697  
0.0673618186  
1.25842044  
-0.03564466165  
-0.7636447062  
0.6889512652  
-0.1402852402  
-0.3042379969  
-0.02705412988  
-2.280815168  
1.243757362  
-0.7891197343  
0.2715519593  
-0.6979644606  
-1.674672472  
1.27879987  
-0.2049216354  
-0.2932119848  
1.007413156  
-1.72788356  
1.047144232  
-0.08116225014  
0.2251966405  
-0.158256633  
-0.3705009119  
1.35835782  
1.302557394  
-1.136184122  
-0.6682880095  
-0.688354176  
0.2821567015  
1.253143414  
0.3642706147  
0.400658374  
-0.12979858  
-0.3948212234  
-1.58602316  
1.54747676  
2.84052472  
-0.1701405015  
0.08258920253  
-0.3674735883  
1.123976408  
3.584940672  
-0.1760112856  
-0.2459786184  
-1.051747029  
0.2228392963  
0.0845287569  
-0.7305073585  
-0.2398498542  
0.6960435491  
-0.4958503455  
-2.832490998  
0.7283867483  
0.6907464423  
-0.8044069125  
-1.143034407  
-2.318500485  
-0.04960194804  
-0.3454734482  
0.0442501633  
-0.5925342169  
-2.639470265  
-0.08362261899  
1.779008213  
-0.6327281842  
-0.08968307663  
-0.3290303553  
-0.902525102  
-0.3768954796  
0.1162165688  
-1.878541395  
1.504054774  
2.218620558  
-0.02451624533  
0.4051061923  
0.6875263007  
0.3171683548  
-1.721708353  
2.583571005  
2.411734819  
0.2388288945  
-0.4102535569  
0.7957177809  
0.3442729252  
0.9924910927  
1.111994998  
0.4576171689  
-0.4013940206  
-0.2737185767  
0.9277389318  
-0.5907029013  
-1.854791983  
-0.04778275002  
-1.480741128  
-0.8126605796  
-0.5506034463  
-0.4658660636  
-0.2559531845  
1.016180248  
-0.06675223864  
0.6154858007  
1.340820422  
0.6913422914  
-0.5020685062  
0.6218671088  
0.09059074774  
-0.3136076755  
-0.08000885882  
-0.5749297842  
0.3150021637  
-0.3344835411  
0.1604777997  
-0.5484257907  
-2.006346907  
1.12220708  
0.930350751  
-0.01824729508  
-0.787479884  
-0.916206189  
-0.2974691439  
-0.4142837678  
-0.170194847  
-0.2981266106  
-1.713951426  
1.957191659  
1.975822064  
-0.7745707167  
-0.2975060506  
-1.393445713  
0.6374799095  
1.515337526  
0.1948410078  
-0.3454743347  
-0.7334495584  
-0.656159775  
-1.307274053  
0.2934048776  
1.119058363  
0.02033062859  
1.231768437  
1.005587504  
0.2814327122  
-1.959096079  
0.7531898337  
0.5642771304  
-0.9705284272  
-0.3729236517  
0.4209587877  
0.4626343671  
-0.157765931  
0.2756286293  
-0.0205636272  
-0.320450865  
0.4200164122  
-0.8257229994  
-0.2816902942  
-0.007189533743  
0.197035714  
0.3956562608  
2.736017171  
0.3317064177  
-0.4785968361  
0.1047091366  
-0.7257461872  
-1.824969116  
0.3117595961  
1.718459543  
-0.4310871862  
-0.1259378475  
0.3636155994  
0.5456452212  
0.2386280922  
0.04444170878  
1.591779605  
-0.2941661829  
-0.8569440457  
-0.2043008892  
-0.1938754125  
1.752246779  
1.012873493  
-0.2097344275  
-0.7054609063  
0.2375104907  
1.066261796  
