1.956538684  
1.370872689  
-2.321895041  
-0.06027893021  
-0.3996940292  
-0.4582704764  
-0.3306517985  
0.7383130046  
0.4607174328  
0.4635364953  
0.5186488636  
-1.682905699  
0.3599160386  
0.7490878689  
-0.05793700451  
0.3672450451  
0.6943613762  
-0.7813785421  
0.2099680831  
-0.02246501603  
0.5833697038  
0.3038766532  
-1.138001931  
-0.1051140386  
-0.8684351799  
-0.3409355002  
0.7987864082  
-1.427664664  
0.1088164605  
-0.8807335814  
-0.2996827769  
0.3563238206  
0.06596701459  
0.1881080165  
-2.041883954  
-0.3225068215  
0.3798079921  
-0.8239669805  
0.3262868554  
-0.8149333597  
-0.186642435  
1.962750204  
0.2429761576  
-0.07212778879  
-0.6824356906  
0.3462455528  
-0.06155685817  
0.3646055856  
0.7404116381  
-0.4100789912  
-1.107591743  
-1.220976199  
-0.6563557369  
-0.3673875801  
-0.1925466103  
0.3071869538  
0.1738104601  
0.6579728519  
-0.2330871446  
-0.3881309425  
-1.96460576  
1.371838995  
0.00210398194  
0.4002477073  
0.7868704157  
-0.2958362766  
0.1055502183  
2.627427701  
0.3086459233  
0.2638758752  
-0.996274925  
1.08238774  
-0.07472965034  
-0.1703283886  
0.7649887213  
-1.409260526  
-0.7042480735  
0.2870236294  
-0.6294397127  
0.008983156015  
0.09277905286  
0.546125595  
-0.3415944243  
-0.7258730805  
-0.2155827758  
-0.8391062854  
-0.1772121744  
1.832737198  
0.165635383  
0.148866468  
-1.288563292  
-0.694207478  
2.574737918  
-0.8323345293  
0.772592894  
-1.038926259  
0.08961217898  
1.04050798  
-0.9932304575  
-0.05470214054  
-0.3093521603  
0.9984052886  
2.967554358  
-0.06890789337  
-0.2444941403  
-0.8505335015  
-0.03150941189  
-0.3985859174  
-1.338463595  
0.1936045933  
-0.9067481267  
0.06719918944  
0.8449715539  
0.3230093434  
0.01390085034  
-0.6172770792  
-0.06601392135  
2.754247997  
-0.3267046037  
0.3214509562  
-0.08286249563  
0.3118057018  
0.145503455  
-0.3686709977  
0.2654227577  
-1.352794429  
0.3778736131  
-1.02600397  
-0.4893609991  
1.165078147  
0.1920652157  
1.318883421  
1.946260538  
-0.5698190158  
0.2906297211  
-0.9105420494  
0.4126066658  
-2.131933786  
0.5117528852  
0.9327341165  
-0.3621451787  
1.133263299  
-0.1113387753  
0.5738776478  
-0.689303462  
-0.9323387493  
0.3043325949  
-0.6159788502  
0.5339866087  
-1.282200459  
-0.3637957522  
-0.04884454776  
-1.073829178  
0.3088919312  
0.4164175612  
0.4344705891  
-0.6311345165  
-1.287346685  
0.3273804683  
2.892952726  
-0.4214289968  
-0.3547232301  
-1.277010475  
-0.6631739103  
0.5007917306  
-1.332001441  
0.2821977255  
-0.5625060585  
0.08403767942  
0.2366435291  
0.7647312441  
1.596108918  
-0.3821730294  
-0.3756819003  
-2.857963416  
0.5890372888  
0.535213735  
-0.7140616093  
0.07136108019  
-0.2011458658  
-0.1574777259  
0.08942320111  
-0.7853190606  
0.4545616273  
-0.6817711072  
-0.4247263337  
2.512999895  
-0.9015879639  
-0.00279076483  
-0.6725558142  
0.1598353296  
1.05077761  
-0.454495957  
1.184893916  
0.2970348456  
1.333975657  
-0.3719573069  
-0.791462143  
0.7118187337  
-0.5436521408  
-0.005413186781  
0.03235412779  
0.03501720678  
1.305323363  
-2.088358985  
0.2910218799  
-0.3869371158  
-0.9562937645  
0.7368268426  
-1.935064505  
0.6992283282  
1.285684917  
-0.8545256691  
-0.6017497027  
2.630894019  
0.8696729861  
1.047213351  
-0.5764039059  
0.4168038668  
-0.5260082155  
-0.5280796013  
0.5838809971  
-0.4690011723  
-0.6529741026  
1.682221113  
0.1799378245  
0.1819798237  
0.313684255  
0.1870125281  
-0.2087208097  
-1.120358401  
0.4423406493  
-0.3764793528  
0.2441785817  
0.7556929091  
-0.7566626591  
0.6127788445  
2.566363546  
0.2146099883  
-0.01730193157  
-0.2670682353  
1.03993371  
2.904530283  
-0.95137158  
0.589163596  
-1.411777248  
-0.6293440138  
-1.575777857  
0.1630094252  
-0.02654331368  
-1.208580147  
-0.1294696599  
1.372231819  
0.08999531457  
1.109655866  
-0.6239183639  
-0.2647235422  
-1.57586503  
-0.1674267089  
0.2762513842  
-0.6469580306  
0.2592555647  
-1.173789199  
0.2278149781  
0.6172035076  
-0.6544106424  
0.9815552259  
0.010622412  
0.8743882383  
-0.7760813723  
-0.922623336  
0.4472707104  
0.5034710271  
0.1251499156  
-1.523333944  
0.1190491897  
0.8694583802  
-0.8544603293  
0.5119234818  
-1.466133821  
0.6447628656  
1.553343637  
-0.1414900538  
0.7006047822  
-1.041911258  
1.316453646  
2.510432128  
1.478001722  
1.29749871  
-0.9643616164  
-0.03522468546  
0.04874742223  
0.7311199823  
1.349230171  
-0.131214869  
0.1970234254  
-2.105962926  
-0.833408887  
0.8352212359  
-0.4387699853  
0.9253563194  
-0.834540134  
-1.573366137  
-2.135767141  
0.6071492119  
2.905860179  
-0.1416155821  
0.9916339291  
-0.7275350404  
0.3735676481  
-0.9911816066  
-0.09982819162  
-0.434386057  
-0.5333864018  
0.9823092668  
-1.185805694  
0.4739668768  
-0.7358554579  
0.2005855184  
0.2039917906  
-0.07092431912  
1.112396585  
-0.5381667445  
0.562889185  
-1.424978473  
0.6923987477  
2.897341096  
0.3443678496  
0.7145433786  
-1.199408423  
-0.3333911421  
-2.028750396  
-0.4182156441  
1.260349375  
-1.031630248  
-0.8001880364  
-1.175936333  
-0.8442897051  
-0.5136726899  
0.2462804514  
2.181870427  
-0.05563260917  
0.4500827702  
-0.6567094731  
-0.8128792891  
0.6338908883  
-1.897146406  
-0.01829062066  
-2.865376179  
-0.2471111792  
0.2119438575  
-1.292670773  
0.3366985476  
1.103780417  
0.9483537692  
0.9251584131  
-1.404223108  
-1.176722444  
-1.330126716  
0.01740995149  
0.4116081072  
-1.068584712  
0.4295820503  
-1.806064352  
-0.2993519252  
1.046004893  
0.1294134833  
1.559149587  
-0.6842928714  
0.1243470874  
-2.797870545  
0.338247461  
1.74456044  
-0.6214366739  
0.9000488987  
-0.7690178108  
0.1747735207  
1.650844862  
0.9921788676  
1.240399798  
-0.3227482947  
-0.07787213819  
-1.802814273  
0.2058456661  
0.5748435372  
-0.5759779978  
0.4622611003  
-0.4032213676  
0.1056092863  
1.297025622  
-0.4230256429  
0.4695315315  
-0.9541638865  
-1.204607437  
-0.2702295882  
-0.762696248  
-0.1436874547  
-0.8307817852  
-0.130448203  
2.679176215  
1.134234035  
2.316935495  
0.6631658921  
0.1484126227  
-1.548106074  
-1.415230411  
-0.3896784443  
0.1851511047  
0.9924927177  
-0.7643419134  
-0.3520370849  
-1.783049605  
1.18721659  
2.069411524  
-1.103985233  
0.8472885949  
-1.000614251  
0.6289768196  
1.511157196  
-1.338402831  
