-4.121699175  
-1.360671197  
-0.5318214631  
-0.8991649452  
-0.9986430734  
-1.356502068  
-3.859994199  
-3.198692076  
-2.595464064  
-2.961587556  
-2.412657982  
-1.610428914  
-2.398975076  
-2.773604193  
-1.28467438  
-1.486993444  
-1.941709563  
-1.593220926  
-1.577252541  
-0.9766369052  
-0.3110652732  
-0.7326954473  
-0.4405867799  
-0.05584325378  
-0.5365503093  
-1.060194646  
-0.4252687161  
-1.041491511  
0.02190143149  
2.236124339  
1.486235368  
1.780176901  
0.5118093107  
1.043527679  
0.3495280325  
0.3874254371  
-0.04127559736  
1.064543929  
0.494528377  
0.6345487639  
0.6383198656  
0.9641623596  
2.483144403  
1.335863834  
0.9347990305  
0.5210974103  
-0.0189337178  
0.3580930461  
0.4242795688  
0.5073762449  
0.6765469126  
0.2129848921  
0.3630782249  
0.3830417957  
-0.1974249904  
0.1862418493  
0.03060097046  
0.5725040065  
1.310826587  
0.8040817639  
0.3904760782  
0.04686803554  
-1.552017388  
-0.446069342  
-0.1262919961  
-0.1146609315  
0.383033491  
0.620935178  
0.2287294559  
0.8036608147  
0.6717596642  
-0.7613132557  
-0.0956633903  
-0.0505286334  
0.3516815285  
0.07764881271  
-0.6366921486  
-0.8309221202  
-0.5374125419  
-0.6110239592  
-1.051657169  
0.8291595872  
-0.2444623442  
0.4115229758  
0.2524785778  
0.3526871366  
0.2116465154  
0.2809628575  
0.1575737798  
0.6077960606  
0.624380065  
-0.3864904188  
-0.01421532047  
0.2406679826  
0.1337287636  
0.1421893173  
-0.00337758047  
-0.4756951285  
-0.4123716891  
0.07854355276  
0.4166085477  
1.060614886  
0.3405809452  
-0.3680059144  
0.2480502596  
-0.07676693518  
-0.465873162  
-0.06091288897  
-0.7148486952  
-0.4811649448  
-1.226590355  
-0.05183309628  
-0.8806028656  
-0.1455427431  
-0.11917643  
0.09444515428  
0.9204415028  
1.235550139  
1.241085587  
0.7245455624  
-0.5081900771  
-0.4727193595  
0.0581366338  
0.1572682439  
1.068495235  
0.09797907306  
-1.187311301  
-1.276735218  
-1.880412974  
-0.8177660057  
-0.4386094842  
0.4114650629  
-0.6147473657  
0.1468579678  
0.185519832  
0.3504381764  
0.45835459  
0.2228737861  
1.33070872  
-0.2840269744  
0.5949551883  
0.993772491  
1.13093303  
1.514759248  
0.9619906859  
1.121408924  
0.7566043709  
0.4333694573  
0.6229346226  
0.8521219828  
0.06786616807  
0.984208437  
0.8443501163  
0.1401712207  
-0.3903129413  
0.1203617199  
-0.7037409672  
0.1587621263  
-0.2071295987  
0.278796996  
0.3948619764  
0.6784175147  
0.04727877134  
0.7685900724  
0.09512037464  
0.3177409862  
1.564767382  
1.854649167  
2.80219755  
2.609018663  
0.925161291  
0.8227268984  
0.9597125532  
0.5232613187  
1.846110143  
1.744120849  
1.063999635  
1.112503926  
1.93042552  
1.00858773  
0.9892727289  
0.3696108902  
0.4019143153  
0.6581920241  
0.9228894475  
1.405920191  
0.6025036  
0.8748500154  
0.8572500494  
0.3833117425  
0.5394975013  
1.391183563  
0.54515372  
0.6662861453  
1.387512946  
1.284936412  
0.6551952841  
1.741502568  
1.714216339  
1.168270886  
0.5998374969  
0.4976161345  
-0.7226752767  
-0.4837628722  
-0.6579256159  
-1.234162819  
-1.173458395  
-0.2047361274  
0.4717616182  
0.2198887085  
-0.737816343  
-0.6915393304  
0.3741724076  
-0.06741974789  
0.1653081888  
0.4207922676  
-1.487565627  
-1.199260467  
-1.1354694  
-1.64076587  
-0.6677926505  
-0.3727725855  
0.3782926301  
-0.4700851196  
-0.2306866182  
0.4595545184  
0.3738795548  
1.290202946  
0.6404053935  
0.4106724838  
0.4862191997  
0.2412358282  
0.2589000492  
-0.865155612  
-0.1725603404  
-0.5175825539  
-1.305278923  
-0.468704638  
-0.8432518362  
-0.6200781338  
0.06528407208  
-0.3761932532  
0.1595589073  
-0.4101422069  
-0.1702273834  
0.09748009661  
-1.052063202  
-1.158938946  
-0.9192433366  
-0.9301714846  
-0.1852976842  
-0.7660797861  
-0.2912368773  
-0.9594358394  
-1.066521672  
-0.1317366498  
-0.5883077807  
0.6666510607  
0.2919524251  
0.6247968919  
0.5392319311  
0.1851038469  
1.886658934  
2.374713944  
1.472151621  
1.07847359  
-0.1819982496  
-0.07653944349  
0.1431146647  
0.8313519487  
1.074155455  
1.713711065  
0.6675576006  
-0.04777735372  
0.6189889849  
-0.3350222106  
0.8086248693  
0.7627835248  
0.6173242301  
-0.1891188905  
-1.239383578  
-1.683747496  
-0.5178926014  
0.5734367163  
0.9168547101  
0.4492890503  
0.09542501061  
-0.7112902126  
-0.8177641289  
-0.02687609041  
-1.076535075  
-0.3196524153  
0.4578254944  
0.1579148914  
0.7793492882  
0.06861971218  
-0.1212713821  
0.14170937  
0.06890893531  
0.4722484116  
0.1457013429  
0.7381975775  
0.6192611284  
1.14992906  
1.839938366  
0.5005776283  
0.008149133546  
-0.01644190527  
-0.09108196837  
0.4827693349  
0.1678979992  
0.1949372589  
-0.5769995668  
0.008858835363  
-0.1456761871  
0.2002008792  
1.092946815  
1.86926853  
1.99281796  
1.57749136  
0.8956608128  
1.027312934  
1.507222888  
0.8767579309  
0.885370446  
0.1768862788  
0.5321216559  
-0.1000868407  
-0.7732428204  
-0.7454195844  
-0.9316004277  
-1.251974563  
-2.014106987  
-1.383891709  
-1.257610837  
-1.909106594  
-1.789253588  
-1.36344327  
-2.582085378  
-2.002879383  
-2.475175498  
-2.093404944  
-0.979077801  
-1.204301734  
-1.62504396  
-1.293000495  
-2.254512061  
-2.273758467  
-0.7834360407  
-0.3781043508  
0.2925555331  
0.3505003541  
-0.7679278059  
-0.2924557741  
-0.2481844533  
1.012062522  
0.920864316  
-0.10342319  
-0.3114904584  
-0.7743172882  
-1.636959943  
-1.06068541  
-0.9364036663  
-1.637225982  
-1.281848639  
-1.050585686  
-0.7101295615  
-0.4791591711  
-0.6473587148  
-0.4647053223  
0.3529614678  
0.4573903879  
0.2209278417  
0.6497682829  
0.8430181866  
0.3370075834  
0.1827945259  
0.960011476  
0.8241237403  
0.136968199  
0.05781511578  
0.9013055818  
1.949086137  
1.981709561  
0.6743034222  
0.2525923777  
0.1619114246  
0.2393024613  
0.5679293817  
0.3384886008  
0.1500794933  
0.2065861141  
0.3371588387  
0.6009625067  
-0.5103441752  
-0.4118671154  
-0.09173511801  
-0.7223010328  
-0.5631727153  
-0.6152035994  
-1.03344913  
-0.9642499851  
0.1795898782  
0.7245501747  
0.4110924398  
0.2538023035  
0.2535003885  
0.1549601395  
-0.8584799939  
-0.8808294228  
-0.7926202108  
-0.2101512844  
-0.4739658997  
1.132977403  
0.3239955387  
-0.1952656741  
-1.071997201  
-1.68056461  
-1.053498339  
-0.9526971789  
