-0.6362212123  
-0.5180539582  
-0.7722532336  
-0.5885391546  
-0.5611561034  
0.1112070493  
-0.8699765838  
-0.149681498  
-0.05257146504  
-0.3651890102  
-0.8074524611  
0.233181805  
-0.01814000229  
0.003184460459  
0.8280429305  
-0.09431436148  
-0.1513960942  
0.08021508573  
-0.842252003  
-0.7750290945  
0.59266441  
0.668449987  
1.298734101  
1.198907042  
0.5525350059  
-0.1729149463  
0.05718550448  
-0.3770549959  
-0.3352041216  
-0.2545454938  
-1.063489407  
-1.157780175  
-0.4114581223  
0.003435509854  
0.2416639631  
-0.9372491272  
0.1460679464  
-0.3284705059  
-0.5946161049  
-0.2762104366  
1.081707783  
0.9578275747  
1.206469893  
1.92063683  
1.246856854  
0.002569124682  
0.1346771059  
-0.2151946093  
-0.5388502323  
-1.137137967  
-0.6273859976  
-1.291340178  
-1.979262875  
-1.005419282  
-1.225284287  
-1.291733196  
-0.246268033  
0.009458270043  
0.04473647715  
0.2216818314  
0.7890657998  
0.9974269717  
1.808456596  
1.777079174  
1.150485795  
-0.4395618276  
-0.1872895787  
0.02168923491  
0.134042805  
0.5869087854  
-0.4941156195  
-0.8987452842  
-0.4342782407  
-0.08176024589  
0.06928571171  
0.843466646  
0.4601950112  
-0.8974039383  
-0.4899827748  
-0.3237659161  
0.7200966478  
0.6223676691  
1.629280881  
0.6618361859  
0.04330969972  
0.4774370671  
0.6742545967  
0.8875587469  
1.132351399  
-0.6185803402  
-0.4036873392  
-0.5170447409  
0.1897265541  
0.5952605868  
0.4558651654  
-0.4962125271  
-0.9239556148  
-0.80933478  
0.5758731461  
0.6251044306  
-0.004761087822  
-0.07063637916  
-0.344044041  
0.4552575369  
1.462749808  
0.8775207542  
1.23545599  
0.7038698156  
0.1506032127  
-0.2266005666  
0.02602593838  
1.136957019  
1.086112581  
1.011222556  
1.092833945  
-0.4399728422  
-1.883149398  
-1.639311915  
-1.856247326  
-1.302711318  
-0.7714057599  
-0.7479979334  
-0.7647399416  
-0.9867783691  
-0.494342901  
-0.6804104556  
-0.5487369063  
-0.09769968245  
-0.7812369551  
-1.115150899  
-0.1035430372  
0.9928205541  
1.336172925  
1.154629465  
0.4924175229  
0.729110369  
0.9616481731  
1.932815393  
3.007272423  
2.617802741  
2.148138981  
0.8888601197  
0.2419055209  
-0.6856060088  
0.004635307054  
-0.2180716966  
-0.2445905744  
-0.3333256267  
-0.7866037119  
-1.111840499  
-0.9152632977  
-0.7166463317  
-0.9384111002  
-1.179185644  
-1.385384573  
-1.581113238  
-0.5044876632  
-0.2918149733  
-0.8193612523  
-0.09827128819  
-0.3719197941  
-0.05577158692  
0.2773827177  
-0.156735363  
0.08935665647  
-0.4392382745  
-0.9160751801  
-0.8458630831  
-0.02456395501  
0.5144568401  
1.071445758  
1.407595389  
1.818442174  
1.821422619  
3.180327463  
2.452876549  
2.491066185  
2.217297724  
0.9706665663  
1.257100749  
0.9392280903  
0.9583790551  
-0.02765109149  
-0.08227142349  
-0.5529711137  
-1.138563075  
-1.953186418  
-2.135090956  
-2.332105922  
-0.873733517  
-0.2469900401  
-0.01652415078  
-0.7296152052  
-1.118516037  
-1.716144312  
-1.923012632  
-1.923906419  
-2.137505223  
-1.965944464  
-2.171911813  
-1.946395145  
-1.424696365  
0.00696698714  
-0.2317492801  
0.3847162095  
-0.3569384275  
0.6237716795  
0.666611132  
1.507629455  
1.495810136  
0.6578526561  
-0.3502663642  
0.09506447356  
0.164242137  
0.3645103169  
0.4222895175  
-0.02845312276  
-0.7647666282  
-0.4490428117  
0.5464156981  
1.459210542  
1.206532702  
1.067513879  
-0.3875913014  
-0.0246958269  
0.4475267496  
1.070227311  
1.708294347  
0.155100268  
-1.454793314  
-1.127309094  
-0.659777035  
-0.4131830834  
-0.08758148314  
-1.002539982  
-0.9006938812  
-0.9624876084  
-0.4327418734  
0.09260928132  
0.4857046362  
2.176017793  
1.947326701  
1.105390854  
1.073052649  
-0.02398152613  
0.6566649424  
1.543165587  
2.425741049  
2.541061357  
2.253706257  
2.425146072  
1.137026885  
0.8875538278  
0.6720271249  
0.6387346051  
1.096686289  
0.3442555906  
0.3791123257  
-0.7097083554  
-1.272320872  
-0.7139408476  
-1.156730956  
-1.890805157  
-1.157895195  
-2.669909433  
-2.159310235  
-1.792694121  
-1.709092376  
-1.99592695  
-1.452683854  
-1.24844556  
-0.8752025911  
-0.5591645935  
-0.6852531184  
-0.6742437416  
-0.5501249356  
-0.5768990359  
-0.5518760182  
-0.8889780575  
-1.186902938  
-0.6961644317  
-0.3846764665  
-0.4271598683  
-0.6022364132  
-0.1263471448  
0.5526324975  
1.259054052  
1.638969809  
1.718711893  
2.513505261  
1.535628606  
0.7290718671  
0.9032470215  
0.2663536624  
0.8091023498  
0.2254009356  
-0.2166236216  
-0.3245733667  
0.08501871671  
0.3566795582  
-0.3693793248  
-0.566056338  
-1.105997356  
-0.8534773057  
-0.4170010876  
-0.5010708826  
-0.2163847829  
-0.6099620453  
-0.8846816905  
0.4491449856  
1.091478753  
0.9831649735  
1.189883404  
0.02277051078  
-0.7216302141  
-0.2298505822  
0.4242129365  
1.432957299  
0.2828129758  
-0.1303039418  
-0.5697194923  
-0.8272712262  
0.4449317745  
0.1642024119  
0.4833242394  
0.1551000878  
-0.9272763429  
-0.2412921786  
-0.1094359774  
0.8812745569  
1.179978401  
0.39452493  
0.2382437893  
-0.8384519374  
-1.43439744  
-0.9894217128  
-0.3632455376  
0.4480893542  
-0.24818539  
0.7872998185  
-0.1582799705  
-0.2611003258  
0.2260679462  
0.3438627567  
1.005361525  
1.360975178  
0.7926871225  
0.08043428799  
0.2713461339  
-0.01402229031  
0.410629086  
0.6109008496  
0.5387980908  
0.3121477497  
-0.2872954787  
-0.3415134393  
-0.9142476259  
-1.943222637  
-1.631023139  
-1.406940494  
-1.317810226  
-0.1893430769  
0.2033343068  
-0.899649899  
-0.2205726021  
-0.9985716101  
-1.307554209  
-0.8736939284  
-0.2934307111  
-0.4288851364  
-0.300895113  
-0.6942483575  
-0.4137245387  
-0.6564649399  
-0.3510007768  
-0.2889181208  
-0.1392293265  
0.9793502529  
1.291664762  
0.9395162047  
0.9582662221  
1.014926245  
1.145112195  
1.569607738  
1.611227163  
1.090344675  
0.383304721  
0.04427482713  
-0.9922671907  
-0.8439908609  
-0.9205246472  
-1.029046001  
-1.30045898  
-0.770611684  
-0.7244168353  
-0.5376021095  
-0.4013398534  
-1.161614601  
-1.268131511  
-0.7029012374  
0.3935789086  
0.006795652572  
0.8467286571  
0.5607656046  
0.8661460728  
0.7193187224  
0.6800752135  
0.974095106  
-0.1915181608  
-0.3981452141  
0.3520617906  
0.546684867  
1.27871935  
0.9250433682  
-0.05968888924  
-0.468156544  
-0.1211742174  
0.2263868354  
0.9182406993  
0.832147658  
