1.063201501  
0.6676454448  
0.6717011415  
1.700643485  
0.605451365  
-0.01798278193  
-1.01944498  
-1.178103385  
-0.9802231031  
-0.8015125513  
-0.5850905413  
-1.176312978  
-1.142391548  
-1.121994683  
-0.6860099828  
-1.360074704  
-0.8258735107  
-0.6721594144  
-1.384691749  
-1.432061425  
-0.4802033741  
-0.3174037597  
0.2650790758  
0.1207914663  
0.08761600713  
-0.5988509959  
-0.4888321958  
-0.1409856282  
-0.9680523555  
-1.026931772  
-1.929756951  
-1.576629564  
-1.082936665  
-1.455688668  
0.01378306056  
0.427317854  
0.6812303476  
0.6913308605  
1.428327462  
1.681365613  
0.589050898  
-0.07564247086  
0.8014360096  
1.093839296  
1.081079815  
1.711326525  
1.193154236  
0.7820033704  
0.2513385507  
1.697362196  
1.975174822  
1.304723103  
1.803253091  
0.9876181683  
-0.4463568368  
-0.4217724391  
0.09688283069  
0.7091366496  
0.553153611  
-0.1331880671  
-0.9690681132  
0.3981756484  
0.8654452896  
0.0798625288  
-0.8843535032  
-0.797875029  
-2.228899992  
-2.136515492  
-1.316059263  
-1.119540401  
-0.973199625  
-0.7603023611  
0.7430653222  
0.7984736051  
1.508622812  
1.504332079  
1.070443148  
0.826909493  
0.6496959017  
0.0523579287  
-0.6134411751  
-1.275004529  
-1.922664386  
-2.633260652  
-1.549441123  
-0.4506276962  
0.3099726501  
0.3072062775  
-0.2858897926  
-2.060959722  
-0.8506008222  
0.3159272084  
1.149925644  
1.777390036  
1.750470007  
0.1745184519  
-0.4396611875  
-0.4237772286  
0.4120648313  
0.8141072596  
0.9611905215  
0.2474663602  
-0.2225640143  
-0.2513777859  
-0.5158632845  
-0.6791377542  
-0.1826121839  
0.1577141676  
0.3903730043  
1.03676634  
-0.3573723646  
0.226045012  
0.822847878  
1.711199885  
0.3413883124  
-0.5219392552  
-1.254331195  
-1.570670871  
-1.527854435  
-1.385406753  
-1.913419251  
-2.538342323  
-1.789929195  
-0.4784977364  
-0.1139712768  
-0.5867965245  
-1.212233462  
-0.791433137  
-0.2837166946  
0.6281478588  
0.5844643955  
0.7152583749  
0.3987889093  
0.808592111  
1.366786498  
0.9331054934  
0.7219682239  
0.07740054622  
-0.08619719595  
0.503102451  
0.7009438305  
1.113975433  
0.2583556479  
0.1714785215  
1.188061596  
0.4781036518  
1.391533461  
1.308137449  
-0.6032374453  
-0.910653037  
-0.5067532142  
-0.09808691343  
1.092693184  
0.8920397733  
0.9622867875  
0.2753051433  
0.9444445133  
0.8427911474  
0.3747172914  
-0.480615573  
-1.007419042  
-2.063003903  
-1.702777688  
-1.357467742  
-0.4477621864  
-0.1900353857  
0.8608919618  
0.9432482723  
-0.2604507211  
-0.9484693305  
-0.525800498  
-0.3084814051  
-0.4282969685  
-0.5067066587  
0.07739302124  
-0.4056979867  
0.679516492  
0.6999995551  
-0.03315167021  
0.179400342  
0.3787531632  
0.8425744081  
0.5855671846  
0.3908737354  
0.6223899774  
0.09825339708  
0.142112869  
0.07176330644  
0.1125428695  
0.1255830815  
0.537079421  
0.3567254736  
0.6800121799  
0.4898409252  
-0.03516586786  
-0.7425392593  
-0.566500903  
0.8185142637  
1.833474868  
1.506705041  
1.273618283  
0.6471157772  
1.817145842  
1.634488315  
2.055237812  
2.060590991  
1.777659354  
-0.3720762722  
-1.476468563  
-1.917340527  
-1.308865992  
-0.1725199813  
0.4574536106  
0.1222305997  
-0.8119436991  
-0.3517989932  
0.5193396126  
0.1473457932  
-0.3188759184  
-0.954880101  
-1.398908785  
-0.1597077099  
0.2776081075  
1.220075475  
-0.261810609  
-1.394503585  
-1.444085508  
-0.621933616  
0.4704154491  
0.8968036542  
0.5708494557  
-1.229449723  
-1.302217514  
0.1845573451  
1.158662314  
1.766175483  
0.6549722696  
-0.7889487834  
-0.4457772831  
1.156575161  
1.64831755  
1.92050091  
2.036048146  
1.427243966  
-0.2211215482  
-1.371086574  
-0.9853038196  
-0.0743526916  
0.9073111156  
0.8375290862  
-0.09606821627  
-0.8334854345  
-1.021892694  
0.1768589164  
-0.1406007767  
0.03905392076  
-0.7188947641  
-0.653430293  
-0.433518734  
-0.314414087  
0.1374811538  
-0.1774006244  
-0.4078877194  
-0.6403779534  
-1.107436937  
-0.254989672  
0.4916038177  
0.4843954948  
0.5011184891  
0.7614340318  
-0.2600854502  
-0.0583226901  
0.2095571999  
0.0647723594  
-0.12112608  
-0.08624116286  
-0.493650946  
-0.1681956146  
-0.477057163  
-0.06865232418  
-0.1727426274  
-0.3148606022  
0.2554752567  
1.406900053  
1.406489898  
1.365980133  
1.030755107  
0.9438113031  
1.066023615  
1.338191742  
2.084985985  
1.903999325  
0.1610746655  
-1.106748441  
-0.5766025832  
0.3434092713  
0.1485054812  
1.043671946  
0.3995037707  
-0.5795928859  
-1.610334258  
-1.047685177  
0.06023603509  
0.7012019528  
1.535708127  
0.8033719159  
0.3769710703  
-0.2765803142  
-0.05278252759  
-0.07869573883  
0.2100507879  
-0.3225988396  
-0.6840134221  
-1.376822417  
-0.9370654925  
-1.144033819  
-1.530945885  
0.02358546027  
0.5236755717  
0.4646214552  
0.483123692  
0.2565596032  
-0.5836525125  
-0.9422068406  
0.09206264158  
1.100110222  
0.6055804461  
0.6138524484  
1.279544762  
0.8060506667  
-0.03896050546  
0.7260773921  
-0.02123418484  
-1.204202345  
-1.621866405  
-2.077721746  
-2.989625146  
-2.225580218  
-0.4348844745  
-0.527214124  
-0.136154144  
0.363652559  
0.5377319289  
0.7922718216  
0.3220930998  
0.1848099058  
0.1820305571  
0.1261714584  
-0.1571626258  
-0.2551705493  
-0.4518488819  
1.094750448  
0.5702815203  
0.5192747329  
-0.2322278584  
-1.307719165  
0.107463869  
0.8933727237  
0.6959600318  
0.4826312305  
0.5302463244  
-0.8928411509  
-0.2382832741  
0.2350445735  
0.5976235219  
0.1301397013  
0.09893876429  
0.1723925476  
0.6671852904  
1.372112231  
1.248711919  
0.4117997546  
0.4446801271  
0.4340457744  
-0.1249520185  
-0.01823465859  
-0.114338991  
-0.4225159004  
-0.9776257962  
-1.533826395  
-1.990583641  
-1.210823814  
-0.4369171052  
0.1773960926  
0.5075878966  
-0.6290015431  
-1.182596742  
-1.652232029  
-1.762832105  
-1.81827237  
-1.914256166  
-0.9820792844  
0.05835613021  
0.5685620892  
0.4427001139  
0.1866647052  
0.2967657578  
0.7620179358  
2.328378872  
1.794585855  
2.00220945  
2.531893548  
2.022193446  
1.436774142  
1.378895347  
-0.6684687331  
-1.495025679  
-2.477746504  
-2.078736773  
-0.4525500805  
0.03558072088  
-0.9070022699  
-0.3480378967  
-1.879516842  
-1.042033153  
0.1726217931  
0.1747871662  
-0.167513944  
-0.8541562648  
-1.251083426  
