0.1923191747  
-0.1707386069  
-0.5377236903  
-1.523306947  
-0.08361507182  
-1.435074449  
-0.3036553719  
0.07910212987  
-1.704749745  
-1.048688806  
-0.5019598252  
1.464304902  
-0.3397356895  
0.1207679748  
1.350423258  
-0.05094317765  
-0.9801162103  
0.08975456981  
-0.05705366256  
-0.6100045783  
-1.096813095  
0.0584738764  
1.297861109  
-0.9631687894  
-0.390345393  
-0.03974362845  
-0.4732253854  
0.4862504455  
-1.031236709  
-1.405995791  
-0.4867603461  
-0.528793766  
2.847405929  
-0.3018224002  
-0.3968496629  
0.295514524  
-0.1522355367  
-0.9150378216  
0.1058947506  
2.310840264  
-0.5185852545  
-0.2798586824  
-0.530927414  
-0.1514559875  
0.7119478354  
0.1586774728  
-0.5482826285  
-1.017486145  
0.3253847505  
1.386718122  
-1.160777276  
-1.369139757  
0.5079599974  
-1.077711375  
-0.7470629197  
-0.6795709615  
1.573939543  
0.09558453474  
1.05886058  
0.1547739855  
-0.1449380671  
0.08714956244  
-0.7857776575  
-1.442072996  
0.4467202111  
2.511112776  
-1.162463333  
-0.07594043025  
0.8532829685  
-0.333532946  
0.1668983607  
-0.4192871064  
-1.226029771  
-0.5778331641  
-0.4792794508  
-0.6378770097  
-0.8301701106  
0.411090414  
1.974842904  
-0.8646088966  
-0.3430716741  
1.318559703  
0.3379546296  
0.08344639733  
0.04674564868  
0.1459533058  
-0.07675675483  
-0.7752138665  
0.5419943126  
0.3352476031  
-0.3374202407  
0.1658241893  
0.3390627475  
0.1293432323  
-0.3697395467  
0.5704754879  
0.9504052377  
-0.2303395044  
-0.6934139025  
-0.83808271  
1.961665993  
-1.33379986  
0.194199279  
-0.1915756671  
-0.3748035418  
1.995594481  
-0.2351825176  
-0.5399784606  
-0.02369461102  
0.7421635138  
3.414631701  
-0.6305739883  
0.1371685694  
0.9705496297  
0.1038079653  
0.9127994305  
-0.9605073694  
-0.6030852053  
-0.7525490536  
-0.4270036503  
-1.344477523  
-1.440631087  
-0.1020504881  
2.149412495  
-0.938173394  
-1.068772384  
-0.2461584191  
0.1702956693  
1.391498771  
0.9801828906  
0.2582910507  
-0.983036927  
0.537452563  
-0.8470933512  
-0.1671522977  
1.683810305  
0.6316682732  
-0.2613714218  
-0.6111309459  
-0.4980617283  
0.121204618  
-0.8596252595  
0.8518433002  
0.39541534  
-0.8400713706  
-0.6024568718  
-0.6482760827  
2.655157971  
-0.2556575993  
0.347854647  
1.223731078  
0.1624729848  
1.419505721  
-0.06179016486  
-0.4205293827  
0.8685294108  
-0.9316881601  
1.777545182  
-0.005220375186  
-0.4890450463  
1.264345895  
-0.5926471051  
0.5288780528  
0.03804486848  
-1.861726723  
-0.6294038171  
-0.7579536946  
3.162327619  
-1.001606232  
1.06683364  
1.308041816  
-0.136334726  
1.218739268  
0.0869286871  
-1.010661471  
0.4252447576  
-0.6736669434  
1.470078489  
-0.530373448  
-2.17422003  
-0.5393303176  
-0.3397319481  
1.301626847  
-0.8085178954  
-2.132987978  
0.9629396666  
-0.334123157  
0.03436293739  
0.793238883  
2.59846332  
1.150121211  
-0.05723117122  
2.345369475  
-0.762338763  
-2.041036727  
1.152969153  
-0.8188954561  
-0.7210698156  
-0.7742807706  
-1.195990856  
-0.5870312599  
-1.142628275  
2.295822202  
-1.123030831  
0.6002769573  
1.345088424  
0.7992822896  
0.9558530682  
0.1552034152  
-0.3088323589  
-0.4262005886  
0.8822561924  
1.118195416  
-0.8757942684  
-0.7435915943  
0.3678845781  
-0.01786670745  
1.53415451  
1.441733916  
-0.6006091167  
0.2332342968  
0.6004094102  
-0.00499355225  
-0.5179668348  
-0.8995463298  
-0.2400314141  
-0.5318777524  
-2.896625865  
0.116278584  
-1.128248163  
0.4568004809  
0.264441175  
0.637706847  
1.810767137  
-0.1465975566  
0.2796307478  
0.2252000336  
-0.4672049282  
0.006132051667  
-0.6162941827  
0.7708511327  
0.2990415449  
-0.6232782897  
0.870866175  
-0.0108237989  
1.078704344  
1.031829616  
-0.2144389031  
-0.1174842549  
-0.8061391384  
0.5755775955  
0.9093166151  
-0.9607743292  
-0.1088066039  
0.1280232647  
0.2904970058  
0.02373101244  
1.17818112  
1.171425688  
0.6385691732  
0.5373672586  
0.2989124818  
-0.8519840749  
-0.1752083781  
0.2406541314  
1.783452957  
-1.009779898  
-0.2830049576  
0.7604385756  
-1.410262378  
-0.1920428949  
0.3638456389  
1.940813415  
-0.7891499053  
0.4256546352  
1.516152953  
-0.03292864558  
0.3158948823  
0.1981879407  
-1.280572257  
0.3287052102  
-0.7045296381  
1.584887658  
-0.7249756222  
-0.6773907848  
0.4941238851  
0.1433081448  
0.2917860092  
-0.5722638916  
0.4703148731  
0.172101988  
-1.224409114  
-0.3183150161  
-0.01195104611  
0.2405404362  
-0.1381678482  
-1.02142228  
0.4480565293  
-0.2778073747  
0.7692528532  
-0.6492669515  
1.372985782  
0.2583836367  
0.6383008793  
0.9220141695  
-0.603649382  
-0.5790471924  
0.09925508665  
1.79301496  
-0.2767707852  
-2.92672771  
1.632568752  
0.03516894773  
1.292518899  
-0.6738243495  
1.206065495  
-0.06679791036  
-0.7198660548  
1.269357631  
-0.6434290671  
-0.1719302025  
-1.119428013  
1.511077226  
-0.07225315069  
-0.02204971068  
0.3365944543  
-0.002865957993  
0.0845460734  
-0.3131803894  
0.5175441757  
0.6408745312  
-0.04453833639  
0.03004742955  
0.4632421635  
0.1272350123  
-1.259826633  
-3.820621361  
0.7416751778  
-2.249253806  
-0.7307390598  
0.01086897861  
1.092415587  
-0.6493317009  
-2.382726048  
0.3211740155  
-0.5403100749  
-0.8648918256  
0.1507248138  
-1.046353467  
-0.520627415  
-1.167172849  
0.1260270786  
-0.202839759  
-0.7242836753  
0.5963855004  
-1.153101813  
0.3240901774  
0.2805430604  
-0.4330387025  
0.553321667  
0.2767866397  
-0.1932973485  
0.2420999445  
-0.3357518588  
-0.4836646593  
0.09444827018  
1.359238038  
-0.785180766  
-0.3462431539  
-0.1240996894  
-1.514232882  
0.2624062967  
1.157967937  
2.646827735  
-0.6820396772  
-3.465369614  
0.02369747853  
-1.03573755  
0.9040976959  
-0.09332118239  
1.361009721  
0.3106687672  
0.2050985311  
0.07687558335  
0.1535429701  
1.389130697  
-0.6011319865  
-1.845169943  
1.249058997  
-1.011345845  
0.08489191824  
-0.3210717921  
-1.587993195  
0.4147538979  
-0.6121204658  
2.001516004  
-0.247159694  
-1.54107085  
1.796592336  
-0.3196580534  
0.4323170625  
-0.3500999353  
0.8759443494  
-0.2940157943  
-0.4660201949  
-0.1784775133  
-3.388337108  
0.6103830433  
-1.429659261  
1.060904705  
-0.4184928689  
1.654700074  
0.830887868  
-0.02601949137  
0.5820373375  
-0.008252114399  
-1.414660849  
0.3602853105  
-0.3233398657  
1.410630518  
