-0.5924345315  
-0.7924974628  
0.04171987301  
-0.2419888178  
0.02362715472  
-0.6515246414  
-1.266203162  
-1.429053853  
-1.10661557  
0.269681469  
-0.01618596631  
-0.8334901444  
-0.1989375361  
-0.5281991522  
-0.04586555943  
0.4040007787  
0.4324724323  
0.1449846715  
1.036381237  
0.6916453865  
0.8223672637  
0.7573546765  
0.6297047864  
0.6483386538  
1.02184795  
1.568005622  
1.108236306  
0.8350714187  
-0.1356551637  
-0.4076767428  
0.5918644494  
1.093809955  
1.379496034  
1.468920827  
0.5412317626  
0.1634295126  
-0.9327789147  
-0.06364779888  
0.2671193665  
1.569921661  
0.5580686457  
0.9074284135  
0.08470065853  
-1.153327409  
-2.273966415  
-1.787223504  
-2.489439798  
-2.223808668  
-1.790239262  
-1.419897344  
-1.987839644  
-1.357208188  
-1.494482011  
-1.386546552  
-0.7668068096  
0.2467076788  
-0.4865507478  
-0.4534292003  
-0.2732677525  
-0.2232712955  
0.9498505197  
1.238597082  
0.9223646699  
1.114236328  
1.291734854  
1.125458055  
0.4251268954  
-0.08657108363  
0.1398490269  
0.5271278387  
1.113980114  
1.00146936  
0.2144053573  
-0.03320047077  
-0.201023126  
-0.6216747702  
0.01908292543  
0.3190403542  
-0.3101291057  
0.04627405837  
-0.6407258543  
-0.3754538136  
-0.7622817378  
-0.2588856449  
-0.3712986068  
-0.6656936595  
-0.1327204211  
0.2326599577  
0.1626865212  
0.6482536064  
-0.2109361229  
-1.475745889  
-1.57778236  
-0.1999083359  
-0.6206064454  
0.7581383347  
0.338924374  
-0.5131416106  
-0.3832145111  
-0.08604661923  
0.1308778295  
0.8662771112  
0.4155837245  
-0.2756563299  
-0.929062962  
-0.3971947525  
-0.6949194865  
-0.3169678494  
0.8686968217  
1.045924688  
0.2383773345  
-0.08874295446  
-0.8112850538  
-0.3622650046  
0.01622529619  
0.718843695  
2.297649116  
0.3880656397  
0.01014611878  
-0.2081248329  
-0.985468094  
-0.512270365  
0.2258165119  
0.2008082451  
-0.0504985173  
0.1096965406  
0.3182477147  
0.4607524605  
1.469714733  
1.807341849  
0.9213730388  
0.4701091904  
-0.3881284259  
-1.040545509  
-1.160547051  
-0.4238305864  
-0.3237785284  
-0.319592697  
0.07099079355  
-0.4807041176  
-0.2333827514  
0.3540217579  
0.5133795063  
1.353706134  
0.2665156133  
0.5393637758  
0.2848839569  
-0.3441722432  
-0.2468519287  
-0.2045675448  
-0.3238425586  
-0.5662057845  
-0.7562473945  
-1.350620101  
-0.9177966409  
0.2915219127  
-0.6238171465  
-0.9935701915  
0.4622479867  
-0.1885170495  
-0.3685272634  
-0.8632677761  
0.2906332537  
1.141475808  
0.4569271192  
0.8221057322  
-0.2009014892  
-1.602068733  
-1.552628395  
-0.4686614402  
0.3035029012  
0.721262227  
0.5655694912  
-0.1940955896  
-0.8404225615  
-0.09574745889  
0.4771495251  
1.746008888  
3.834448614  
3.341830023  
2.922236196  
1.227212724  
0.7570459769  
0.7397502176  
1.323927922  
0.9071887054  
0.8177877569  
-0.3183704576  
-1.09147459  
-1.241496308  
0.4301879458  
0.6999317511  
0.600299907  
-0.1176260042  
-0.7102589951  
-1.260233139  
-1.315758827  
0.2170731199  
0.5866386107  
-0.9651178406  
-0.9456252174  
-1.511293193  
-1.61096608  
0.290528497  
0.5439364745  
1.38210632  
0.02871095641  
0.1831647618  
0.1960606844  
0.7298258329  
0.7894592688  
1.719803374  
1.331471332  
-0.3237876104  
-0.6711045515  
0.002981239425  
0.1214207707  
1.161118798  
0.3699966045  
-1.557587176  
-0.8164045754  
-0.1403679665  
0.4034571052  
-0.4459075514  
-1.417117387  
-1.532065327  
-2.139120214  
-1.105700762  
0.4673653022  
0.823555134  
-0.4416618072  
-1.353799151  
-2.471006387  
-2.250785576  
-0.2208825474  
0.5623954405  
0.6710104131  
0.3465234481  
0.004307708658  
-0.4326559866  
-0.1935229714  
1.062482166  
1.842439886  
1.185136969  
1.956294203  
0.7845500357  
0.9396627008  
1.094535974  
1.305096854  
1.735875639  
1.138160547  
0.914433592  
-0.2806871276  
0.2873609061  
0.5145968395  
0.9558237524  
1.5262949  
0.2058465643  
-0.1580016608  
-1.083134034  
-2.210641703  
-1.599448183  
-1.422078584  
-1.604338815  
-1.262793757  
-0.7577195366  
-0.4500244501  
-0.1783919361  
0.108446939  
-0.5323338787  
-0.06358351227  
0.2468652024  
-0.3149218914  
0.8276074974  
1.255417324  
0.5787581853  
0.7972796993  
0.6967785562  
-0.3120164406  
-0.6535063748  
-0.3323416208  
-0.3354044585  
0.1754524989  
0.7904259935  
0.1727718776  
-1.042617213  
-1.039603249  
-0.4968267044  
0.4557655568  
0.6556595555  
-0.0206148703  
-1.581080334  
-1.737747038  
-1.695984937  
-1.364495377  
-0.2179298471  
-0.7805730789  
-1.026929052  
-1.315068298  
-0.3724342585  
0.6422604822  
0.7871083824  
-0.1941515904  
-0.524188982  
0.3592563755  
0.2684399109  
0.8945490544  
1.400153759  
0.2574391687  
-0.96277661  
-0.4006831336  
-0.09026620972  
1.019902096  
1.692189743  
0.8985354456  
0.1431209082  
-0.3044979659  
-0.4215742242  
0.5302929878  
0.9388187857  
1.054424124  
0.1518897071  
-1.039024817  
0.1508562201  
-0.1412207236  
1.175502202  
2.319797329  
2.518307007  
2.083766003  
1.269673458  
0.9126519639  
-0.4253049514  
0.6768956655  
1.831942851  
1.869260597  
1.336367691  
-0.7732980025  
-1.723151628  
-1.740805979  
-1.016490582  
0.532066711  
1.451772577  
0.8977175993  
1.098145424  
0.2784614027  
0.5301827921  
0.8276792741  
0.5806473902  
0.5625236985  
1.352748512  
0.6883670949  
1.144784807  
1.741944398  
-0.8550560115  
-0.733384357  
-1.449797384  
-1.308605009  
-1.328985142  
-2.145425696  
-2.033099537  
-1.701152353  
-2.550422921  
-1.79718007  
-1.8988482  
-1.999291325  
-1.466135774  
-1.31999864  
-0.9485753108  
-0.8351190537  
-0.09175696813  
-0.03335035153  
0.6411286125  
-0.6422858065  
-0.8698302255  
-0.2925916185  
0.3265421726  
0.8105105502  
0.2679255766  
0.391841484  
-0.5373664563  
-0.2589477167  
0.6473256312  
0.178090044  
1.196587675  
0.6391658289  
0.5811796416  
0.4445432248  
0.03016770572  
0.7653356691  
1.352800892  
1.924583676  
1.252910209  
-0.005696381925  
-0.4465277538  
-1.148286238  
-0.9586047141  
-0.1220042795  
-0.3127589145  
0.2127455312  
0.3836823609  
-0.2336038843  
0.1471235314  
0.01712406462  
0.7583365393  
1.100558858  
0.8257142258  
-0.07435227688  
-0.2960422826  
-0.374268313  
-0.2038214453  
-0.1280757739  
-0.1945478098  
-1.366263962  
-1.32909473  
-1.513426953  
-1.439465105  
-1.14585935  
0.1311139314  
0.6435844559  
1.210068917  
