0.6857688143  
0.6230494697  
1.690889609  
0.4619316219  
-0.08434194799  
0.9849227255  
-0.1606755994  
-0.6472143377  
1.219564324  
-0.01326593575  
-0.6434815385  
0.8731824147  
-0.4253230192  
-0.7038304374  
1.034985703  
-0.3707428895  
-0.8285519528  
0.5190908234  
-0.4429323312  
-1.175968701  
0.8266521422  
-0.5694233424  
-1.15035816  
0.9754448669  
0.03900337615  
-1.279212797  
1.040405734  
-0.4028032936  
-1.636559903  
1.03074214  
-0.1034293621  
-0.9205389006  
0.137941303  
0.5001235624  
-0.1804973296  
-0.5625754362  
0.143258817  
0.968720389  
-0.8411060231  
-1.369418737  
0.6089906371  
-0.3389493398  
-1.064881008  
-0.1169623208  
0.9220781399  
-0.6497658311  
-0.9735599187  
0.8891445422  
-0.0337765266  
-1.126071737  
0.9158836996  
-0.1122754764  
-1.083467888  
1.047297315  
-0.7516970502  
-1.399845687  
0.4280516947  
-0.06281355721  
-1.468851845  
0.379230214  
0.2698983244  
-0.8403170415  
-1.168984511  
-0.08465385006  
-1.105275985  
-1.305632799  
1.178923149  
-0.4608651134  
-0.7963875428  
0.8918943767  
-0.6769142278  
-1.498478342  
1.014669032  
0.3439523314  
-0.4738848238  
-0.02629753344  
0.7111424012  
-0.3151131616  
-0.7632584643  
1.368710216  
0.1057664579  
-0.7607953348  
0.9715624518  
-0.0349037537  
-0.8486864852  
1.592804583  
0.39992226  
-0.7434636688  
0.8886257198  
0.8165926139  
-0.239145751  
1.387327762  
1.108709652  
-0.8594779577  
0.6904195917  
0.5868046746  
-0.2888477042  
-0.03209314703  
0.6807651287  
-0.6059873311  
-0.7946520565  
1.151193903  
-0.08406322372  
-0.8388927639  
1.190493689  
-0.007020671192  
-0.7991865618  
1.169908932  
0.1545753494  
0.04228074524  
-0.4217174745  
1.326297011  
0.1969143886  
-0.7725073198  
1.023037999  
0.5882603515  
-0.9832061472  
1.627954867  
0.3184655087  
-0.9094804083  
1.039274935  
0.9611571021  
-0.5014843678  
-0.5156976809  
1.076744592  
0.1196213549  
-0.6566042984  
1.503684091  
0.6878174195  
-0.2278335851  
-0.3383757161  
1.05180182  
0.1678771486  
-0.1681922841  
1.132112991  
1.189830259  
0.1170779543  
-0.4351301892  
-0.7966450666  
-0.562045392  
-1.082815626  
1.721109242  
-0.4176305546  
-1.135339651  
1.563365359  
0.156626549  
-1.083545673  
1.291995813  
0.5424960675  
-0.7555437348  
0.6389808514  
0.9790669488  
-0.004203675178  
0.4729956884  
0.9901310787  
-0.1384442953  
-0.6696931513  
1.070163429  
-0.1935457319  
-0.9310272342  
1.207590631  
1.119329165  
-0.2052454951  
-1.130301213  
0.815113394  
0.3323280086  
-0.8988270245  
0.584942025  
1.282801393  
-0.3834105305  
-0.5274018696  
0.8450380196  
-0.9584783872  
-0.1790708552  
1.507758086  
-0.227328908  
-0.8510481443  
1.459261184  
0.194242072  
-0.03802284148  
1.766377053  
0.6539262434  
-0.5527111527  
1.266391633  
0.3212225595  
-0.6922294448  
1.854780056  
0.7265234527  
-0.4045014198  
1.2647936  
1.543982665  
-1.545683571  
-0.4997119731  
0.6077950072  
-1.30747234  
-1.789506778  
0.9780543128  
-0.08326659127  
-1.776957983  
1.200918714  
0.3266627356  
-1.141735106  
0.5118945968  
0.3883560855  
-0.602019288  
-0.3255096027  
1.086130734  
-0.009464498702  
-1.023732318  
0.9412244647  
0.9515751936  
-0.3249423207  
-1.749345391  
1.451855052  
0.5539376566  
-1.119538556  
0.4882772794  
1.234193838  
-0.8206074641  
0.9253740184  
0.7848936476  
-0.3197548955  
-1.662949768  
0.8229313493  
0.7213798686  
-0.6562577178  
-0.3028275612  
1.307111288  
-0.5721466319  
-1.467597508  
1.324570564  
-0.3611717914  
-1.635384211  
0.9085381564  
0.6463406215  
-0.7034248312  
0.2237518162  
1.22976624  
-0.7791208673  
-0.5106655803  
1.574170511  
0.003099511323  
-1.209091034  
1.537600636  
0.3009042744  
-0.7810797348  
1.071266811  
0.6492780688  
-0.7890651977  
-0.8374727257  
1.194063466  
-0.3933001642  
-1.788695046  
1.712736062  
-0.9561998207  
-2.052249355  
0.7620965245  
-0.379256483  
-1.546690401  
-0.3384229471  
0.7048517567  
-1.214790036  
-1.757634533  
1.236008057  
-0.966272293  
-0.9497487769  
1.14127276  
-0.3167915615  
-1.38539131  
1.123430947  
0.1822777519  
-1.332390294  
-0.1421724865  
0.2701590517  
-1.653442581  
-1.612074886  
0.09557763286  
-1.714262185  
-2.550486847  
0.5657175525  
0.02449498338  
-1.550110833  
0.352320398  
0.05468811431  
-1.633643316  
0.04352351662  
1.20511644  
-1.350352411  
-0.6223864336  
0.8001549564  
-0.8339869702  
-1.121217345  
0.879273276  
-0.8554557385  
-1.743339823  
0.1758588047  
-0.2607538257  
-1.100506708  
-1.880361717  
1.394473229  
-0.1527790821  
-1.839687066  
0.9979618407  
0.2574040205  
-1.615605836  
0.4138272699  
0.179275731  
-1.209011157  
-1.141191968  
0.2058100468  
-1.310500513  
-1.091057446  
0.3823477903  
-0.8119852443  
-1.186193493  
1.147825657  
-0.2819535604  
-1.595051107  
0.4347919097  
1.021774739  
-0.7766390426  
-1.764628104  
1.251704505  
-0.8399189089  
-1.915098841  
0.5360956398  
0.2556837593  
-1.149695733  
-1.185615138  
0.8638075685  
-0.9977784359  
-2.136364178  
1.149966023  
-0.8938601089  
-1.737165489  
0.8273378697  
-0.02386258231  
-2.006857001  
0.3701469323  
0.5161276779  
-1.0784241  
0.1835917915  
0.648850194  
-0.9692934388  
-1.409985427  
1.967872335  
-0.2062376129  
-1.37348473  
1.349918668  
-0.07395419895  
-0.9579044109  
1.11446153  
-1.061937632  
-1.554050742  
0.6175470745  
0.819131794  
-0.9041882161  
0.5914563758  
0.9905229574  
-0.4801066638  
1.516091445  
1.165564416  
-0.3188747119  
0.471909773  
1.494661679  
-0.2014563539  
-0.9797591163  
1.647131875  
-0.2333652954  
-0.8168297952  
2.087497462  
0.8411207807  
-0.9566504269  
0.6203835655  
1.479480333  
0.05069605737  
-0.8254356051  
2.481134855  
-0.01728058196  
-0.3132952074  
1.610879687  
-0.1343868886  
-0.4556215782  
1.829750766  
0.1720239531  
-0.2416346761  
2.095234514  
0.8688298886  
-0.5912302035  
1.865965475  
0.7880480959  
-0.6300159489  
0.635662174  
1.116447946  
-0.9496445034  
0.1139721432  
1.64947158  
0.1184900654  
-0.3839920328  
1.85189183  
-0.1279643605  
-1.045359691  
2.453945077  
0.1752036854  
-0.5101555432  
-1.933198488  
2.053772767  
0.7020399876  
-0.5657617214  
0.5881296164  
1.250814714  
-0.7964115189  
-0.6674456942  
1.280994529  
-0.8072252736  
-1.406724693  
1.798952842  
0.9514425393  
-0.5887706032  
0.2807995592  
