4.093535496  
-0.0661393712  
0.05472650862  
0.2562064668  
-0.5813076801  
-0.4955656257  
0.7307317898  
-2.086821862  
-1.140826486  
0.5973565985  
-0.7834456872  
-0.5194911211  
-0.07341931989  
-0.8394118817  
0.338772913  
0.678713086  
-0.5460862675  
-1.823256783  
1.223009694  
-0.4323331939  
-1.334617013  
0.6498542493  
-0.9927396261  
-0.5561423744  
-0.3940129988  
0.04856660309  
-1.561650676  
0.8303718764  
-0.0775170188  
-1.82965672  
0.4743017636  
0.898918201  
-2.825788266  
0.1303410946  
1.644797818  
1.782369773  
-2.32234339  
0.4569768434  
1.865356883  
1.223777867  
-0.7027511792  
0.2425782783  
0.9912381942  
0.190960577  
-0.8477097251  
0.7515346433  
-1.036855248  
-0.9410215173  
1.077698102  
-0.893127489  
0.1061608905  
0.8844263689  
-0.2371446409  
-0.0006017967229  
0.8073620791  
0.5605346578  
-1.9005659  
0.667238942  
0.5671920362  
-2.124687246  
-0.582881012  
1.104796931  
0.08784198394  
0.6575305801  
-0.1984769174  
0.2840931697  
-0.5909623478  
0.6940638024  
-0.8035901227  
0.2266198265  
0.5103204126  
-0.7573206274  
-1.187181637  
0.8791357536  
1.842665203  
-1.259841934  
1.245274127  
2.647101985  
-0.9850758017  
-0.1932440814  
0.5443803685  
0.5104096588  
0.02263346716  
0.9057918773  
1.547352634  
-1.472285505  
0.1248809644  
-0.131554594  
-1.117899273  
1.867751031  
0.3878139627  
-1.102750764  
-0.1748757392  
0.7985180468  
0.463396145  
0.257131785  
1.635414705  
-0.6778939485  
0.3145492793  
0.6805207063  
-0.4491671616  
-0.3762375991  
0.7304369832  
-0.7505523702  
-1.2050341  
1.109325364  
-0.2657254011  
-0.8846981671  
-0.1417911103  
2.161968955  
-0.7241812595  
-2.095295621  
1.007248538  
0.5744811276  
-1.173891943  
0.07621765608  
-1.555586572  
-1.090241798  
0.7374  
2.096055883  
-1.590468913  
-0.01377221504  
2.613882746  
-0.6081977507  
0.8858929389  
-0.9541382031  
-1.125328147  
-2.10217688  
-0.07117704064  
0.3126384468  
-0.8842805616  
-1.447145909  
-0.1776179444  
-0.7022416357  
-1.963764096  
-0.904394545  
0.1089115716  
-1.275293148  
0.2329297432  
1.122599594  
0.4887196097  
-0.1058078186  
0.2107335127  
1.030511945  
-0.4046691465  
0.5073629481  
0.7269069129  
-2.416244643  
1.433897218  
-0.3952768552  
-0.6466803063  
-0.5059482133  
-0.7900077712  
-1.360507627  
0.2742286905  
0.6640839176  
0.2752216592  
-1.695263005  
0.5353789426  
0.2798410534  
-1.016499867  
-0.2774297523  
0.5109781408  
0.8674228614  
-0.2267189535  
0.6263610421  
1.178299023  
-1.318753764  
1.834222463  
-0.258087349  
-0.2442100492  
1.850172434  
1.32411834  
1.174616151  
-0.2345782625  
0.2370788117  
0.02094613317  
-0.6648842787  
0.6817008916  
-0.4488047815  
-1.078314085  
-0.01742007435  
-1.411377764  
0.9012907636  
0.428306635  
-0.06242666899  
-0.002798011723  
-0.3139207526  
0.5799080741  
-2.902486931  
1.412788794  
1.229659954  
-0.03495084151  
0.7139535184  
0.2044285219  
-0.4422440941  
-1.9379135  
-0.8866793023  
0.1143084098  
0.3627538042  
0.2664189682  
0.6920255056  
-0.4642206548  
-0.3002889522  
-0.3660348819  
0.06790019524  
0.648480294  
-0.6829458449  
1.005886092  
-0.3397928936  
-0.9681589354  
0.2545503597  
-0.2131385302  
-1.423938939  
0.3330085333  
0.1441161242  
0.1080181343  
2.256549094  
0.9523107294  
1.034505024  
0.1619795777  
0.4770893569  
0.7665626102  
-0.3179929071  
-0.2012443295  
0.8702630339  
-0.1285040116  
-1.787444748  
0.4330935914  
1.046420395  
0.4521812225  
0.6803121938  
0.3919394517  
-0.7945108681  
-0.4902147617  
0.946959426  
0.02158190333  
-0.5000836156  
0.4340323779  
0.9463376785  
0.7344000238  
-0.4642994124  
0.5663996784  
-0.7480703636  
-1.05065683  
0.7644555611  
-0.9920891206  
-0.9303004503  
1.357300158  
-0.3267563631  
-0.1137872672  
-0.0002574057967  
0.3627940977  
1.368810271  
-0.6195792616  
0.1503000767  
-1.011244249  
-0.6283049367  
1.351865665  
1.448483176  
-0.5453544473  
0.9213998497  
-0.3893011034  
-0.7930359993  
-1.193482233  
-0.4182267493  
0.5607148257  
-0.5121861789  
-0.6250963546  
-1.263117418  
-1.435869384  
0.4105653868  
-0.9940312313  
0.3333753476  
1.725513073  
0.5698760698  
0.5400907449  
1.711553083  
1.835295188  
-0.9170279554  
-1.434772734  
-1.905534582  
1.108211729  
0.6389863888  
1.861594132  
0.04576631568  
-0.8938815663  
-0.8169052622  
-0.8505256289  
-1.304994019  
0.4811167191  
-0.4832979429  
-0.5819936395  
-0.673926423  
1.468112251  
-0.5862106706  
1.390906755  
3.803923652  
0.6553979748  
0.1265302463  
0.0568035189  
1.493640717  
-1.229987958  
-0.5882686672  
-0.9405261092  
-0.7805486215  
-1.053489641  
0.9454866977  
2.015250822  
1.678531577  
1.233796645  
-0.5956097997  
-0.1641416897  
1.000086383  
0.5660814365  
1.328082692  
0.8501510677  
1.420979789  
-0.4098713511  
-1.202678167  
0.1917871475  
-0.6497592165  
1.093608299  
0.4008883067  
0.7963115665  
0.3837616544  
1.298786403  
0.9616036031  
-0.8232418381  
-1.36920435  
0.227394784  
0.1873144304  
0.4975452751  
0.5331350861  
0.9142184252  
-0.6906664374  
0.4327433844  
1.007263197  
0.8875495898  
0.1281438656  
-0.6255546037  
-0.462095894  
-2.150024735  
-0.2407284701  
-0.2167457594  
0.2925986542  
-0.1955237122  
-0.5617283399  
-1.396319486  
-0.07787931628  
0.7633985912  
0.4955446112  
1.542720918  
0.2530762593  
-0.4362847194  
-0.8266952313  
0.7527444823  
-0.1890799402  
0.6808770283  
0.7764675689  
-1.341934067  
-1.3491187  
0.6690682067  
0.4073945117  
-0.4925449846  
-1.884635209  
-0.5834350781  
-0.03682909733  
1.634357173  
-0.2888916791  
-1.6064083  
-1.239045579  
-0.2596862662  
0.1588922741  
0.2899561206  
0.4136428899  
-0.1798417191  
0.3980691555  
0.00595609476  
-0.3782018221  
-0.325877812  
0.9909664414  
-1.104761007  
-0.7664705944  
-0.6928145414  
0.3876127938  
-0.3384682193  
-0.4630052744  
-0.1821961372  
-1.129795879  
-0.3219700881  
0.4956570674  
-0.4291620715  
-1.356281601  
-0.6442358921  
-0.1311305845  
0.2532648008  
0.004920735131  
-1.112041982  
-0.7000095405  
-0.8221868037  
0.3032402291  
0.7686769749  
0.1661292015  
0.1751877874  
-1.308790314  
0.2489117949  
-0.8169554824  
0.24977333  
-1.105802451  
-0.9650544824  
0.7223385505  
0.1280800417  
0.2992524536  
1.24946373  
-0.8030926254  
-1.529400149  
-0.1105526782  
2.338679716  
0.9461755066  
