1.305789826  
3.611730257  
-2.052014664  
-0.612137249  
4.6542544  
-2.005099474  
0.4914550846  
3.377969081  
-1.571187291  
-0.8332814211  
1.296670532  
-2.119419953  
0.2324712708  
-0.3548104594  
-0.8206882906  
-0.02332891128  
0.4020092343  
0.1804588218  
2.250345025  
-0.903552783  
0.09008207054  
0.0991563139  
0.003629789113  
0.6759961862  
0.03331726895  
-0.5219689339  
-2.40720599  
0.1405949418  
1.314231866  
0.01476895086  
-0.4596141435  
-1.047999355  
0.2164677748  
0.4992957122  
0.4918397543  
-0.1579171445  
0.88934259  
-0.3560718966  
-2.082212512  
-0.1512809151  
0.6568114885  
0.06690555059  
-0.3915956417  
-2.643221467  
0.4055314079  
-0.05896596319  
-0.1573258212  
-0.5902051949  
0.398544005  
-0.6685625397  
1.461171919  
0.7201822704  
0.8125562907  
0.7206111556  
-0.07329335355  
0.3630892085  
-0.2303769012  
0.0979911897  
-0.1622818658  
1.118270673  
0.4638629361  
-0.1560393618  
0.6868180015  
0.09143657969  
1.6500042  
-0.9191609496  
1.034517038  
-0.1826167713  
0.1650273777  
0.8469829335  
-1.200580617  
1.360772939  
0.3361466479  
-0.8813281772  
0.9728759643  
-1.027626732  
0.1280528085  
-0.2557724413  
0.4885631858  
0.9710179089  
0.02760286438  
0.4987510071  
-0.311989795  
-0.622499669  
2.436090778  
-1.410015477  
0.4330491469  
-0.340321021  
0.1308707214  
2.089335058  
-1.366453928  
-0.3082008283  
0.4112359233  
-0.9807477145  
1.555455093  
-0.6781541488  
0.1409319906  
0.5774192639  
-0.5000395471  
2.748807893  
-1.20761607  
0.03023902906  
-0.1426250839  
0.01158354531  
0.199288789  
-0.8935808636  
0.5556448542  
-0.4519304191  
-0.7404432144  
-1.469264978  
-0.0535041897  
0.3796459979  
0.006423091341  
-1.419846107  
-3.335267583  
-1.412481097  
-0.1117056833  
0.03063923077  
-0.6882437727  
1.550934378  
-1.538845069  
0.283404426  
0.05348407104  
-0.3964649315  
0.8560530341  
-0.03511505138  
0.05125078737  
0.02951587829  
-1.070979807  
-0.1822313478  
-0.900318161  
0.8994854682  
0.3120718643  
-0.4392021956  
0.03173690183  
-0.5957957274  
0.2970550454  
0.03316120525  
0.1688766042  
0.5522218196  
0.5827716843  
1.264424617  
-0.7677349556  
0.4893417378  
0.04856411529  
-0.6342026629  
-1.285477756  
0.3442724272  
0.8967123258  
-0.7175855534  
-0.8998193121  
-1.187389201  
-0.2450209364  
0.2928123951  
0.252703141  
-1.150760525  
-3.238928551  
0.5814974133  
0.4120074914  
-0.1280273647  
-0.02844846727  
0.773525235  
-0.3066323468  
0.3840963214  
-0.3111538094  
-0.7326118227  
-3.056429456  
0.2907914696  
0.8107578763  
0.294442565  
0.339275895  
-1.268465969  
0.7560646018  
0.5042719736  
-0.5751404936  
-0.345815913  
1.088346174  
0.2646029673  
0.682504194  
0.08244284662  
0.4172292189  
0.2725718858  
-0.4461407239  
1.730968713  
-0.6872727214  
0.3412507409  
-0.032966859  
-0.5622931759  
2.000639559  
-0.4254161651  
0.2745258859  
0.7046390444  
-0.09431910546  
1.53426639  
0.007415175939  
0.5997917383  
-0.6989312123  
-0.4927402586  
1.286220698  
-0.1884525851  
0.1267416914  
-1.666759922  
-0.3267619586  
0.5338582231  
0.6258611454  
0.2832110951  
0.6597051013  
-0.6435854699  
-0.1166785739  
-0.6876838193  
0.3481613586  
-1.229796985  
-0.6422214609  
-0.35932676  
-0.1836861604  
-0.7519506623  
-0.9497791591  
-0.4363065715  
0.206688607  
-0.622272592  
-0.5720261145  
-1.824402608  
-0.7934674646  
0.3736464546  
0.1280328034  
-0.2187668666  
2.510350688  
-0.1654648807  
0.732533595  
-0.2148706154  
0.2919342599  
0.2922720413  
-1.260669343  
-0.5290792882  
-2.348768808  
-1.250043383  
0.3645272898  
0.8525367381  
-1.085226448  
1.604132053  
-1.025233998  
0.02252597854  
-1.02485272  
-0.821636807  
-3.185897884  
0.3131176415  
0.8549250404  
0.6103473393  
-0.50068796  
-2.258993397  
0.8563241113  
0.3570392104  
-0.02826012018  
-0.06120350073  
-1.989891504  
1.172799464  
0.3298545369  
-0.4513227225  
-0.8355674372  
-0.5358069477  
0.5420114962  
0.3649152772  
-1.396655313  
-0.4360559436  
-0.4428065488  
0.2944658976  
0.8836978576  
-1.277750596  
0.003339959594  
0.389876035  
0.08273548735  
0.3126300019  
0.5111372238  
1.037955898  
-0.4979599546  
0.6834942641  
-0.04863694609  
-0.2701540132  
-0.3568201054  
-0.7398159764  
0.568817873  
-0.49880264  
0.4056486118  
2.111603457  
-0.554288306  
0.5579208668  
0.9913703677  
-0.211534489  
-2.839176165  
0.9172816341  
1.447645257  
0.1601557407  
-1.001952298  
-3.280565357  
-0.2391796289  
1.013161907  
0.4260177123  
0.4292670056  
0.5158522575  
0.1476635601  
1.390408834  
-0.4433730407  
0.693019696  
0.1926932523  
0.305820517  
-0.1789803733  
-0.8085885293  
0.6224400108  
-0.3124880905  
1.344472873  
0.9683970652  
1.274051684  
0.2328337576  
0.3371256083  
-0.04481075643  
-0.6617685769  
0.773793923  
0.1141556584  
0.5158834105  
1.115404405  
0.3272755017  
1.434908623  
0.2244376848  
-0.1538443937  
-0.1881867737  
0.4609395478  
0.5787858254  
1.299646633  
-2.260250155  
0.9026198819  
0.8788324116  
-0.9250399415  
-0.1423990368  
-0.475170012  
0.71847007  
1.650137798  
0.3775004695  
0.9592622948  
-1.520842335  
0.2863840907  
-0.9689597613  
0.1527957191  
2.196661253  
0.5026027661  
-0.8856455803  
-1.034024442  
0.5317322739  
0.2235473507  
0.1582838808  
-0.3574504195  
-1.540952441  
-0.5074568029  
0.7659532093  
-0.4661751459  
-0.08871384968  
-1.256742507  
1.068719315  
1.21536391  
0.8350633043  
-0.9901266064  
0.5875640866  
-0.6183154335  
0.3463670875  
-0.3827900741  
0.2493841939  
0.6971245184  
0.4418194118  
1.187196338  
-1.06036001  
0.6168786643  
0.3410044228  
0.2803754609  
0.003813900012  
-0.4771210609  
1.55690784  
-0.1460682491  
0.644181139  
0.7142973241  
-0.3205746135  
-1.896700004  
-0.8603827438  
-0.1469328401  
-0.8031774801  
0.1349648192  
-0.01863110514  
0.2147067414  
1.011500755  
-1.599559768  
-0.5325934226  
-1.242712973  
0.2540403256  
1.537844405  
-0.4661131749  
0.4043059364  
-0.8267803668  
-1.049417725  
0.7965563759  
0.4249761939  
0.3528451259  
0.4262198391  
-0.6454179106  
0.123075032  
-0.190328745  
-2.763677077  
0.6992974789  
0.9014730642  
-0.6661183252  
1.667057229  
-1.408356433  
-0.006930558498  
1.329831278  
-0.7439790665  
0.3542174581  
0.04012692517  
-0.514802174  
1.148625142  
-0.1457486241  
0.5150637492  
0.6572075308  
-0.1912098376  
