1.506737949  
1.220666297  
1.168107219  
0.6127196816  
-0.2726698653  
-0.7976472588  
-1.33588561  
-0.891515936  
-0.9061939428  
0.05516901126  
1.018157379  
0.7231245497  
0.03968958044  
-0.4056609262  
-0.9215800192  
-0.7694798826  
-0.2982140682  
0.3547776338  
0.7458371222  
1.930384802  
0.9083656618  
0.8710438033  
1.250937429  
0.4124421569  
1.040360868  
1.757349647  
0.5625167564  
-0.8075273458  
-0.6122276127  
0.3002919051  
0.8871184203  
0.3081136261  
-0.12944931  
-0.9773296602  
0.1173951725  
0.343064497  
-0.3486731268  
-0.8514232439  
-1.412789519  
-1.452870404  
-3.200268375  
-1.512292569  
-0.9690007373  
-0.9857044529  
-0.5515956417  
-0.9201450241  
0.3883543217  
0.8759674868  
0.3164598843  
0.9040941133  
0.591710337  
0.2179657185  
1.165137058  
0.7983294897  
1.511913604  
1.690918877  
0.5946004781  
-0.2873312933  
-0.2719649801  
-0.6601666063  
0.4814925749  
-0.04761261068  
0.4647553747  
-0.9369225506  
-0.8982462795  
-0.1825251842  
0.1850008241  
-0.09391881247  
-0.707643538  
-0.6665370247  
-0.6235283686  
0.2081634741  
0.2473670194  
0.7808335884  
0.8985928111  
0.4661065145  
0.03135444417  
-1.32586912  
-0.8592139411  
-0.9712196371  
-0.257171168  
-0.07907480767  
-1.122221509  
-0.4183709855  
-0.8955842291  
-0.3263542732  
-0.1735191244  
-0.498232866  
0.02803298519  
0.1814639958  
0.9691554142  
0.1325848288  
-0.5503612545  
-0.0853093841  
-0.1577404068  
0.7413900381  
0.4846375764  
0.4224482886  
1.106092554  
1.116893012  
1.904313511  
0.3631483362  
-0.1197031434  
0.9684621789  
0.3618377441  
0.0976794232  
-0.3965543541  
-0.6150972844  
0.2368134681  
0.4309285345  
0.2536087017  
-0.6716414666  
0.1811282917  
0.5089343752  
0.2331948919  
0.2445696284  
-0.62448988  
-1.431269589  
-0.1996245801  
0.2195015942  
0.5530885212  
0.02365888488  
-0.5328764368  
-0.01469290008  
0.08166694722  
0.1406101065  
0.4428389841  
0.3413843529  
1.383718558  
0.8284696601  
0.2595840388  
-0.8642873973  
-1.142307446  
0.7687680237  
1.176851984  
1.496229168  
0.7601744208  
0.5421711289  
-1.962914345  
-1.001393777  
-0.04269914557  
1.050104465  
0.3667277001  
-0.1067931031  
-1.223406889  
-0.3749236494  
-0.1923774464  
-0.7795545693  
-0.6518156862  
0.4350179751  
0.4862984372  
-0.3498917117  
-0.07817676103  
-1.050594773  
-1.146546548  
0.4988459808  
-0.1512537589  
0.1988850823  
0.4209911238  
0.889237084  
1.294407636  
1.504318662  
1.561739719  
1.909210184  
-0.6336703075  
-0.6644890251  
-1.476137727  
-1.897439329  
-2.195465887  
0.6607708223  
1.374132709  
1.030593503  
1.318283787  
0.8299008991  
-0.2400472162  
-0.09311427817  
-0.9623591882  
-1.190363111  
-1.724156144  
-1.601459841  
-1.505842262  
-1.293595808  
-1.00886693  
-0.6983162683  
-1.698332969  
-2.62283999  
-2.373718929  
-0.3185411134  
0.7344805168  
1.125908787  
0.5779581642  
1.193043732  
1.135614083  
1.338485683  
1.234936967  
1.210010294  
-0.6677310556  
-1.030472773  
-0.5217899796  
-0.1142889236  
0.0211833227  
0.8682460699  
0.03671187122  
0.7827837062  
1.24724028  
2.019241638  
0.5482628066  
0.03136098996  
-0.33153264  
-0.6448917104  
-0.9555331542  
-1.520141455  
-1.061812399  
-1.913340876  
-0.9237463699  
0.4214066792  
0.4370002314  
0.4267960833  
-0.8089724267  
-1.623484487  
-0.4591028925  
1.278096032  
0.6772639362  
-0.6899527058  
-0.7303166025  
0.7828609664  
0.261634013  
0.6273653083  
-0.500372358  
0.5978259925  
-0.9058080657  
-0.4806757591  
0.1229161361  
-1.100376815  
-1.362503046  
-0.808046707  
-0.8858765621  
-1.298268455  
-0.7253970959  
-0.912801577  
-0.7011465962  
-0.5988935929  
-0.6027704275  
-1.473645254  
-2.761683433  
-3.10326882  
-3.322024838  
-1.770921444  
-0.1041923134  
0.7141151057  
0.913416104  
0.2407825191  
1.682571194  
0.9143176965  
1.5131543  
1.556396567  
0.9039799306  
0.7649235719  
0.395468615  
0.6067619119  
0.1256739082  
0.8519534457  
1.048346242  
0.5624103118  
0.8493896783  
0.7303175984  
-0.2631762191  
-0.009674000282  
-0.7294093633  
-0.566315857  
-0.3546593736  
0.06441900454  
0.8743339523  
0.8711588224  
1.171716517  
0.5553078197  
-0.6079585746  
-0.2312205469  
0.3833273868  
0.1980964604  
-0.1440011201  
0.09920609038  
-0.7874589505  
-0.6067589254  
0.2052096505  
-0.01486911227  
1.075005425  
1.174146205  
1.926978735  
1.946363363  
0.9090795405  
1.402275292  
1.110389891  
0.2703158533  
1.88536017  
2.03140446  
1.022055618  
0.9918016636  
-1.030353941  
-0.1797114009  
-0.05975528963  
1.1525504  
0.5103397761  
0.02429898181  
-0.357048334  
0.04639748116  
-0.5852976477  
-0.09714338975  
-0.1298519402  
-0.7182945744  
-0.5031086966  
-0.05808078761  
-0.4337363583  
0.07659068735  
0.5844037064  
-0.006669138128  
-0.7462388982  
-0.8936601325  
0.05068775279  
-0.7043050691  
0.5361075022  
0.6342126365  
0.8797514288  
0.1245488558  
0.02959062466  
-1.010962322  
-1.26108185  
0.3387833373  
0.7375311158  
1.047930106  
1.2922439  
0.7823236567  
-0.04852854281  
-1.175849061  
-0.7053545857  
-0.7665921354  
0.003696000405  
0.6869991591  
-0.2048261342  
-0.9416961997  
-2.490273097  
-2.421395854  
-3.307138101  
-0.3613649477  
0.338736059  
0.1148161639  
0.7699627787  
0.4003454893  
0.1990439517  
0.8293540293  
1.599480854  
1.38516319  
0.8412393162  
0.9639113006  
-0.4111805994  
-1.082612592  
-1.191365755  
-0.8259468972  
-0.7462919624  
-0.9299791043  
-1.235131602  
-1.745586506  
-1.426699398  
-0.689179726  
-0.09914394495  
1.234159751  
1.351764208  
1.617990864  
1.900364535  
2.464118427  
1.349477542  
2.124142604  
1.03344247  
0.4994222157  
-0.03806967489  
0.3488658746  
1.940961386  
1.190327324  
1.132632907  
0.01337407821  
-1.157861395  
-0.4141152246  
1.02354224  
1.145260929  
0.09751302385  
-0.1573397773  
-1.138982425  
-0.794433832  
0.4051533607  
0.001766441006  
-0.2206487579  
-1.033973274  
-1.138784094  
-1.285877546  
-1.140536436  
-1.024795584  
-1.75050526  
-1.033980595  
-0.4739452763  
-0.5944686283  
1.145250145  
1.112380261  
0.7041543165  
-0.1372379024  
0.04333464101  
-1.378063534  
-2.456968869  
-1.913746063  
0.4997700079  
1.025115079  
-0.9277612989  
0.07690526511  
-0.02605188828  
0.3113155176  
1.219645172  
0.5987805137  
0.8416103118  
0.07453349804  
0.01677104486  
1.326856763  
