0.3063878564  
0.5615790663  
-0.1043159155  
-0.6269157507  
-0.2712270279  
-0.4025816167  
-0.6683047403  
-0.12494613  
-0.5302627028  
-1.114922115  
-0.3028681736  
-0.9671368416  
-1.403890555  
-0.8726125826  
-1.804821757  
-1.674533056  
-0.778678013  
-0.8658521571  
-1.621612945  
-0.6642817483  
-1.042098991  
-1.115655098  
0.2276358598  
-0.05020076181  
-0.6752277942  
0.2628409857  
0.6392348208  
-0.4502468378  
0.5843399759  
0.9383442769  
-0.3466863084  
1.198238364  
1.416003191  
0.9734340665  
0.1127636944  
0.7817282864  
0.8602164656  
-0.6565884245  
-0.3653851947  
0.4314509597  
1.327789272  
-0.2605186025  
0.03684563624  
1.211015173  
0.4229226662  
1.245007872  
1.038685303  
1.287993818  
-0.2365749698  
0.3075644568  
0.4698845271  
0.03643855526  
1.124070052  
0.8987563528  
-0.3301842235  
-0.06782728343  
1.023550237  
0.001441984819  
0.5522884141  
0.718707872  
0.4604533537  
-0.4902395487  
0.1445219583  
-1.009889247  
-1.705546291  
-1.763748008  
-1.196575607  
-2.750676287  
-1.20595402  
-0.9032621874  
-2.108516778  
-0.9827550142  
-0.7250491494  
-1.721298598  
-1.340494783  
-1.025270913  
-0.6188717088  
-1.383984157  
-0.8203492375  
-0.1692304824  
-0.4122929352  
-0.1996434821  
1.17928425  
0.6866377695  
1.772677155  
2.387621964  
2.019938748  
2.728551162  
2.165787317  
0.7596194697  
-0.06572283188  
0.2165234349  
-0.7961766765  
-1.030182886  
-0.680718766  
-0.7560903117  
-1.285292384  
-1.377111603  
-2.101789643  
-2.28720903  
-1.446997297  
-0.9317014987  
-1.304724633  
-0.310289493  
-0.4707826512  
-1.440722889  
0.02890197371  
-0.4377704414  
-0.6812987314  
-0.3986977757  
-0.6818879453  
0.1355768478  
-1.210190634  
-1.05588099  
-0.448592806  
-1.288376142  
0.4784575297  
0.9081107276  
-0.6575664538  
0.8577084567  
0.8338711677  
0.8173948913  
0.7140374656  
2.485347716  
1.698717726  
0.69356294  
1.036180523  
0.8072880144  
0.7899258992  
0.3589231707  
1.057326464  
0.577107261  
-0.2407554878  
0.2569947868  
0.1285061643  
0.5585852834  
0.5890650673  
0.5960107711  
-0.7318064955  
-1.117180003  
-0.1742481316  
-0.08234326749  
-0.1971279203  
0.5013711363  
0.3124541983  
-0.3432819135  
-0.061097508  
-0.1828722661  
-0.7974085747  
-0.7943037921  
0.9087361501  
0.3778357586  
0.2183150387  
0.7973825527  
0.4585062889  
0.03483053115  
0.9443359101  
1.077721721  
0.952512199  
0.7528830266  
1.127029329  
0.2466020839  
0.174736661  
1.164165175  
1.999272  
0.8200003847  
0.9875463843  
1.015754803  
1.276928641  
0.9708056749  
2.15234327  
0.8695518075  
0.5410224433  
1.992959579  
1.447458872  
0.06817267525  
1.076920788  
1.327022603  
0.2843079077  
0.6245840078  
0.4207707851  
-0.587752203  
0.5009452236  
1.383397747  
0.4418576361  
0.3758685223  
1.101978984  
-0.372134411  
-0.4908452867  
-0.4217898417  
-1.484777254  
-2.356078821  
-1.278058  
-1.443690087  
-1.235897833  
-1.087496318  
-0.2312097529  
-0.8750806303  
-0.07878904055  
1.657085392  
0.602120743  
0.6239960842  
2.386377166  
2.107905242  
1.618836947  
2.296511808  
2.072187638  
0.4832922612  
0.4229249263  
1.259349852  
0.8713725755  
0.5772495791  
0.5307162549  
1.191960743  
0.4491736341  
0.133559238  
1.418713234  
0.7576965288  
0.303063513  
1.230875028  
0.3397278806  
0.06729847224  
-0.6398143297  
-0.499936396  
-0.342115507  
-0.5037196103  
0.4491460328  
0.8558628683  
0.5147468168  
0.421039668  
0.6823760942  
0.2224284781  
-0.01713504067  
0.4001731979  
-0.03087413018  
-0.353150537  
1.119414348  
0.2603482035  
-0.4149817601  
-0.3928267568  
-0.30482586  
-0.7346392805  
-0.5519047586  
-0.615119181  
-1.12448048  
-1.395936677  
-0.8614377246  
-1.01576188  
-0.935616314  
-0.1601177339  
-0.1522430274  
-0.488878323  
-0.3688953057  
-0.03823413667  
-0.5069684863  
-0.5407165845  
-0.3956447161  
-1.296756648  
-0.04326952072  
0.0243820862  
-0.02705159914  
-0.6702727588  
-0.2592818919  
-0.2559834797  
0.02803552938  
1.669675403  
1.117164146  
0.5204232545  
1.541979752  
1.749750423  
1.272070638  
0.5078239611  
0.4026089553  
0.8350724924  
0.2123902418  
1.141120283  
1.250838918  
0.7491316129  
0.4150797945  
-0.06474362931  
-0.3385408988  
0.400806143  
-0.003724809643  
0.1445628615  
1.061378838  
0.3914724241  
0.6156681054  
-0.1520892107  
0.3469904818  
0.5876995178  
0.4166570669  
0.1310199597  
0.1995834484  
-0.5483474719  
-0.9126695644  
-0.6130545416  
-1.429689831  
-1.096652615  
-0.5508710994  
-0.6607990963  
-0.9102627166  
-0.6970725479  
-0.0947185485  
0.7347841465  
0.58461091  
0.5360042298  
0.3189994598  
0.5179860107  
1.670201764  
0.5315154753  
0.3385194592  
-0.484879236  
-0.4790115778  
-1.732185953  
-1.490192911  
-1.494168288  
-2.725299835  
-2.160424788  
-2.092865584  
-2.235464477  
-2.055551982  
-1.003110234  
-0.3895496491  
-1.0015267  
-0.7304795123  
-0.965972681  
-1.234544681  
-0.8513904739  
0.3007252265  
0.3781066339  
0.4247394932  
0.4624879844  
1.006457492  
0.1794071898  
1.374378114  
1.31318133  
0.4531478909  
-0.02219993816  
-0.2620781654  
-1.110542724  
-1.213827336  
-0.7551432024  
-0.8468630765  
-0.6647326874  
-0.4473739959  
-1.269145007  
-1.705323562  
-1.102058152  
-1.71500865  
-2.651575721  
-1.843482003  
-2.32176752  
-2.042562221  
-1.692637446  
-1.27220891  
-1.108735833  
-0.868396435  
-0.186380645  
-0.8678772179  
-0.746327083  
-0.179817604  
-0.2839779353  
0.2230826832  
0.9309153668  
0.3068757912  
-0.0841483657  
0.5282383008  
0.4990504774  
-0.4893088828  
0.206278545  
-0.9925316393  
-0.9363847299  
-0.5544266228  
0.09682528185  
-0.07027168071  
-0.3105300963  
0.04455355532  
-0.742815511  
-0.731966031  
-0.04541107154  
-0.5682948626  
-0.5189658136  
0.356210529  
0.0911730608  
0.2532720006  
1.23980897  
0.769863113  
0.3936953646  
0.7980883909  
0.5536407601  
0.1607020304  
0.01953730517  
-0.2263108298  
-0.8440254838  
-0.649423537  
0.5090151411  
0.2331722812  
0.4415438092  
0.1578676463  
0.4789808984  
-0.411221676  
0.6388969782  
-0.1071622084  
-0.1009069068  
1.024334254  
1.704517636  
1.736239783  
0.9536079869  
2.175157835  
2.718885929  
1.917192545  
2.568368781  
1.60852522  
0.4268662098  
-0.2988095581  
-0.03690473708  
-0.3407116031  
-0.7616681659  
-0.8009625663  
0.07763728596  
