-1.055044474  
-1.413045175  
-1.431042176  
-1.261469328  
-0.779868436  
-0.8641183966  
-1.137219101  
-1.834436856  
-2.075295181  
-1.812679302  
-1.324461572  
-1.020944124  
-0.4391579932  
-0.8103788311  
-0.2953015615  
-0.02520562357  
1.010885399  
0.2769913235  
-0.6860224066  
0.03809508193  
0.02750780513  
0.4333423253  
0.6456184255  
0.5259537922  
0.58874062  
1.17159207  
1.365935269  
1.156368121  
0.5405385476  
-0.3342577254  
0.0509418764  
0.2924714605  
0.8492460689  
0.2936609117  
-0.2100745206  
-0.7234062537  
-0.8026551019  
-0.3706232046  
0.5868367614  
0.952090341  
0.1549507116  
-0.06780590876  
-0.2639666757  
-0.6278312066  
0.6075117684  
1.374573988  
1.389594015  
0.739608912  
0.9521871071  
0.9905209728  
0.05974647085  
-0.3350340515  
-0.5195767566  
0.04205534975  
1.195524447  
0.7958865124  
-0.1381427532  
-1.238821459  
-0.7182798421  
-0.4154609428  
0.4840617279  
1.279365074  
0.5239732638  
0.3761196114  
0.7962725717  
1.574261942  
0.9394032846  
1.084722357  
-0.2823316187  
-1.365799542  
-1.904093271  
-0.6603320675  
-0.07474738721  
-0.4986206963  
-1.033720779  
-2.072844698  
-2.098283578  
-1.636384301  
-1.146143103  
-0.5207219057  
-0.3435470891  
-0.5740408976  
-0.5971042786  
1.11434041  
1.388685593  
2.337340474  
1.416678237  
0.2630764274  
-0.5365791585  
-1.236300974  
-0.4331296506  
0.5926031393  
0.3327059077  
-0.3675059979  
-1.368721484  
-0.9080543631  
-0.4635925697  
0.169375688  
1.291690537  
0.1217869712  
-0.2987578781  
-1.136857269  
-0.4925307982  
0.5953901091  
0.8413193227  
0.6447820115  
-0.226421882  
-0.1675811584  
0.1550151404  
-0.09564111636  
0.723467856  
0.2639201897  
-0.8325107966  
-1.223521151  
-1.458018104  
-0.4975472438  
0.1610629621  
0.1954080544  
0.2079527961  
0.1033324248  
1.415374645  
0.9623194795  
0.01807938632  
-0.5183830837  
-1.286056927  
-1.186947271  
-0.1823495959  
-0.018656036  
0.4429787355  
-0.5011332159  
-1.196461954  
-0.3273883423  
0.2132869455  
1.465511699  
2.046147308  
1.376297543  
0.6136085169  
0.1125574129  
0.8251069878  
1.587280915  
3.117878094  
2.720481604  
2.850549058  
1.153373195  
-0.7862530256  
-0.6748486125  
-0.6479245517  
0.4854193985  
1.212010795  
1.002260005  
0.1095646197  
-0.4023689409  
-0.3031772451  
0.07148989094  
0.405466638  
0.541542614  
-0.8221513165  
-1.052744108  
-0.7150104411  
0.3106948593  
0.8216213047  
0.4860147227  
-0.001326153361  
-1.255629521  
-1.026344985  
-0.4605553909  
0.772397066  
0.6966539328  
0.1296222334  
-1.011721241  
-0.4568465137  
0.1956199555  
1.567101307  
0.9266374649  
0.4829479374  
-0.01667273268  
-0.1271099879  
0.7041628099  
1.299706328  
0.7491170746  
1.50641264  
1.265901096  
1.310757843  
0.3483652255  
-0.1440439848  
-0.6574862807  
-0.8085466834  
-0.2486322877  
-0.189773449  
0.04990949308  
-0.2304662764  
0.03348547374  
-0.4643671467  
-0.3133117894  
0.02970977966  
-0.6406521858  
-0.6151402831  
0.364229487  
-0.2267911453  
0.07460297882  
0.4547473425  
0.2564752781  
0.5443108142  
0.07521979835  
-0.2665315768  
-1.303276715  
-1.180816416  
0.3904332215  
0.444056948  
0.4990510776  
0.974760225  
0.664210274  
-0.3530581149  
-1.651853094  
-1.995514651  
-1.013279393  
-0.9265684424  
-0.09295046191  
-0.7793143155  
-1.304942065  
-1.521150804  
-0.3807935673  
0.4601200059  
0.3951872291  
0.4037871853  
0.05420972048  
-1.347161751  
-1.349117444  
-0.1015477145  
0.7158187157  
1.378202921  
0.4747909183  
-1.122872819  
-1.40679491  
-0.6228734609  
0.2238683735  
0.3008538387  
-0.4261731337  
-0.4000555236  
-1.471476183  
-0.6219346745  
0.6825956611  
1.600388483  
1.026112994  
0.2824574237  
0.332880699  
-0.3231223573  
0.9686477299  
1.427456821  
0.4115684632  
0.06661166503  
-0.5244339197  
-0.9071070829  
-0.1006274502  
0.2441396943  
0.274781928  
-0.603293951  
0.139153254  
-0.3459202648  
-0.180704932  
0.1430344084  
0.4388111933  
-0.05329170776  
-0.9639901105  
-0.5883227342  
0.5079529038  
0.8122912599  
2.151748481  
0.6479012033  
-1.031219165  
-0.9850830857  
-0.5569756965  
0.03305263562  
1.309912378  
1.584972131  
0.3661613805  
-0.7296588577  
-0.08627028022  
-0.3720376104  
-0.2012676254  
0.6668720325  
0.2185259708  
-0.6410542956  
-0.2535070492  
-0.1642108073  
-0.4231095515  
0.7250437247  
2.018894579  
1.96680154  
1.894435724  
1.595120926  
0.4512720374  
-0.1839548535  
0.18415355  
0.596305127  
0.3474054574  
1.045653178  
0.9082971684  
0.07151895053  
0.05530762474  
1.253130492  
1.585106703  
0.7278542611  
0.6161685194  
0.4246938425  
-0.1154811894  
1.367030548  
1.57717348  
1.240431132  
-0.1627175251  
-1.345340783  
-2.238348234  
-0.8557602338  
0.6798227874  
1.286541566  
1.117110184  
-0.27330355  
-1.290839669  
-1.795651725  
-0.4780349674  
1.693740746  
1.84563515  
0.7937893787  
0.03706974891  
-0.1429148003  
-0.9455719655  
0.1193325484  
1.042637437  
-0.8062843339  
-1.640760153  
-1.528767405  
-1.319796873  
-0.9971672975  
-0.7679990637  
-0.9059478024  
-2.197553715  
-1.533923225  
-0.9649763044  
-0.542064382  
0.2634701107  
-0.4573225026  
-0.7016515695  
-0.9715897428  
-0.5562063676  
0.2185110842  
-0.190240694  
-0.2555105699  
-1.281688385  
-1.471528946  
-0.6556185738  
-0.4562633161  
-0.3187061098  
-0.3335169508  
-0.2572095459  
-0.7327929065  
0.4508911732  
2.006015323  
2.273936101  
2.346167234  
3.142616083  
1.931056473  
2.724804964  
2.903683525  
1.632783132  
-0.04898690554  
-1.273934197  
-1.173496649  
-0.4980828487  
0.8892130421  
1.004554194  
-0.1852482981  
-0.3555970076  
-1.577472905  
-1.492227173  
-0.6973702323  
-0.3082269032  
0.1165338902  
-0.9641358861  
-0.5553742923  
-0.6727402037  
0.1574170385  
0.1633147331  
-0.3114398947  
-1.189439849  
-1.07762357  
-0.2471398798  
0.1487625012  
0.3925925319  
-0.9979049197  
-2.675597807  
-2.08785343  
-1.019597919  
-0.1305987629  
0.4273704707  
-0.2121114532  
-1.137184004  
-1.881597754  
-1.200541507  
-1.376649492  
-0.8506174894  
0.1183051949  
0.2221639309  
-0.6486894647  
-1.169674176  
-0.8515360502  
-0.7118358934  
-0.4156470701  
0.5281824882  
0.04318588218  
-0.433752037  
-0.333399444  
0.4385324569  
0.1134741086  
0.2037297497  
0.3348324734  
0.4735367606  
0.4661056882  
2.293549049  
2.212775432  
2.293457164  
