0.822438613  
-0.3761804398  
0.5717820101  
0.6012589635  
0.5387802309  
-0.05970040255  
0.1141041056  
-0.09372741385  
-0.2372676598  
0.5765066346  
0.5977321318  
0.04387644706  
0.3599452451  
1.064262825  
0.4048841102  
0.2521057471  
0.06215357823  
0.4409543645  
0.3132088111  
1.009888574  
0.7298428987  
0.7234702435  
0.427902893  
-0.398128424  
-0.1801033391  
0.8964791947  
-0.1990623975  
-0.07262898215  
-0.3679644582  
-1.566237936  
-0.8416539397  
-0.3694004769  
-1.638500813  
-1.218666629  
-1.279951227  
-0.2353102194  
-0.7848830257  
-1.379226318  
-0.4779667435  
0.08361683736  
0.1170170596  
1.747631319  
1.212268171  
0.6926913206  
0.08711186559  
-0.6225230498  
-0.5905763926  
0.154309421  
0.9484802553  
0.8658236439  
-0.1748942543  
0.1464788926  
-0.6881907247  
0.1941722727  
0.8042924181  
1.037239826  
1.185258024  
0.2384059864  
-0.6816181334  
-1.220808494  
-0.2736302321  
-0.03145936016  
1.426555687  
1.000249446  
-0.05989952474  
-1.09491492  
-1.908351967  
-1.509433647  
-0.7840417032  
-0.9957497649  
-0.9741272524  
-1.292112582  
-1.396354474  
-0.5483279863  
0.582155285  
0.2598359176  
-0.8539715149  
-0.8613923898  
-1.896088744  
-1.682867555  
-0.04753877569  
0.1728409837  
0.07852014387  
-0.754786087  
-1.258868726  
-1.092956883  
-0.8300692928  
0.692706065  
-0.1259136592  
0.3249574439  
-0.4841664247  
-0.5743122812  
0.3756161539  
0.6688685874  
0.8809866096  
1.582136449  
1.147981318  
1.456133256  
0.4356540499  
-0.1459726963  
0.5130420149  
0.2901076001  
1.105885014  
2.06512725  
1.742158713  
1.88737385  
0.8233601809  
0.6706930767  
0.7612624599  
1.200295002  
1.196802264  
0.3563750408  
-0.3949206164  
-0.9974406692  
-1.904168983  
-1.347246429  
-0.5916485171  
-1.155439022  
-1.196444373  
-1.39379252  
-1.948128399  
-1.918204165  
-2.274296836  
-1.570362486  
-1.998530676  
-1.363481068  
-0.476326323  
-1.887460384  
-1.308925116  
-1.016346294  
-0.7143476275  
-0.6277900893  
-0.06817572337  
-0.1909920073  
-0.449145903  
0.4888425063  
0.4700861136  
0.4280847278  
-0.4042911183  
-0.3518216299  
-0.4114789984  
0.2150097874  
0.4317468922  
0.664728789  
0.299485205  
0.9484775579  
0.7469611618  
0.9728933128  
0.3704914369  
0.6277304074  
0.9588189494  
1.526045113  
2.131442167  
1.354128587  
1.633300757  
1.244569243  
1.067872378  
1.758431685  
1.779948691  
0.8230889862  
1.189453588  
0.4548260312  
0.1457244493  
0.4955356508  
0.2792101975  
-0.1015423681  
-0.9903129476  
-2.338346563  
-1.645638325  
-0.2824843649  
0.2562180173  
-0.1908632794  
-0.8527185617  
-1.520349888  
-2.335954369  
-0.6258671558  
0.3567687047  
1.566154172  
1.425463408  
0.8436010483  
-0.5945271843  
-1.039012782  
-0.09164723747  
0.8736492383  
1.667184705  
0.4060674882  
0.1242196073  
-0.7218639281  
-1.146129005  
-0.1555148606  
0.4989855805  
0.7301409004  
0.5737822852  
-0.9862189838  
-0.9321409469  
-0.8061868188  
-0.6556994008  
0.2275784254  
0.4695436896  
1.36467883  
-0.1098104692  
0.3244022251  
0.654977225  
0.2909790347  
-0.4263357734  
-0.1864974259  
-0.7403673998  
0.6752855614  
1.13960376  
2.276745765  
2.00196087  
1.669511544  
0.5138119652  
-0.6673411571  
-0.03372934202  
0.5593477661  
1.010650519  
1.641156951  
0.6004031199  
-0.01237613769  
-0.05187309383  
-0.3485008389  
0.3542657728  
0.6283422191  
0.1612208032  
-0.8311930458  
-0.06965984069  
-0.5458116803  
-1.005275478  
-1.269100928  
-0.5476362146  
-0.7168701547  
0.4117228299  
0.67865176  
0.02902205226  
-0.9990492587  
-0.8031507943  
0.07591166872  
0.8280558797  
0.6118962976  
-0.1202620614  
-0.2565364278  
0.04388404298  
1.173431395  
1.447524656  
1.949601337  
1.439692966  
1.506427749  
0.4625776509  
0.5197542531  
0.1293544071  
-0.3404729482  
-0.3489210443  
-1.03529137  
-1.480568251  
-1.381943665  
-1.1201781  
0.129816324  
1.297197236  
0.891750309  
0.8429529538  
0.4739554069  
0.360315122  
-0.1668801389  
0.8093652187  
0.9786943316  
0.4088053586  
0.6463830562  
0.2543681697  
-0.6460588648  
-0.984372838  
-1.437764271  
-1.798461236  
-1.101756289  
-1.233899133  
-2.07438675  
-2.924295563  
-2.413728462  
-1.262923275  
-0.3272408693  
-0.2622305604  
-0.1499688662  
-0.5383802622  
-1.121777344  
-0.6086062035  
-0.2981071707  
0.3231864445  
1.474503598  
1.438549229  
1.203619953  
0.7395307948  
-0.3185387497  
0.2321115286  
0.8575704948  
1.165739349  
1.329567962  
1.547617945  
1.541210636  
1.307248702  
1.270799244  
0.03952535772  
-0.6933998039  
-0.47704975  
-0.8550860742  
-0.6181206065  
-0.5936013776  
-0.7210597954  
-1.238423006  
-1.030737817  
-0.6899884212  
0.06404591713  
-0.6452157735  
-0.4706194133  
-1.111400748  
-1.503464072  
-0.9358870267  
-0.279390175  
0.3350411564  
0.7892683736  
0.3264689258  
1.200984351  
1.370555773  
1.453474084  
2.34590195  
1.967942472  
0.3730984962  
0.2902467339  
-0.2626279717  
-0.3706147494  
0.757385003  
1.062497632  
0.8645459129  
0.6877594672  
0.1235491027  
-0.9827512886  
-1.182333215  
0.4265717259  
0.5069954334  
0.827841401  
0.6858414073  
-0.123976259  
-0.4341754933  
-0.3776154533  
0.5101558928  
0.9554457291  
0.9002082961  
-0.04830495962  
-1.049626234  
-1.912356735  
-1.53511601  
-1.555374727  
-0.7443832503  
-0.9165048849  
-1.929707726  
-1.35009566  
-0.7604294774  
0.01930189966  
0.3199489089  
-0.9433527033  
-1.125020447  
-2.061306911  
-1.254237582  
-0.9033313503  
0.3276959569  
0.2180323387  
-0.1989512957  
0.1147329302  
0.492916939  
0.06871456823  
0.483214357  
0.1027769618  
-0.003251843368  
-0.02007177335  
1.776897294  
1.9590825  
2.753995734  
2.562958646  
1.646701711  
0.6733640147  
-0.04237546342  
0.3819084497  
0.289804726  
0.4633667094  
0.8767270612  
0.7865481017  
0.9000333122  
0.1577253698  
-0.5497411541  
-0.5149689981  
-0.8589980652  
-0.3997823334  
-0.1304621178  
-0.454113977  
-0.5904414511  
-1.673784958  
-1.395475986  
-1.495911565  
-0.4560350744  
-0.3858882551  
-0.7690212946  
-1.351209379  
-2.010796019  
-1.394235278  
-1.156417817  
0.2271829587  
1.987781974  
1.535249805  
-0.0826541857  
0.6495137493  
0.8885860007  
0.6843410815  
1.191366982  
0.5614306584  
0.008208225802  
0.2488107273  
0.1013461253  
-0.2240340077  
-1.44510354  
-0.9006287087  
0.2002004671  
