0.2272306539  
0.4281123647  
-0.4994003539  
2.97178887  
2.04270226  
-0.6161721902  
0.6780195659  
0.05304634882  
-0.8579232476  
0.3945483949  
-0.9087254535  
0.3255816504  
-0.1374455065  
0.5595731507  
-0.04345318162  
1.057715743  
-0.07358693443  
-0.6923296192  
1.230592618  
-0.1483857244  
-1.021411117  
-0.2814838005  
0.002044694405  
0.1357666198  
0.6777172446  
2.394744022  
-1.12163941  
-0.5263896551  
0.4924049449  
0.3285400893  
1.644302885  
0.3104320284  
-0.4790331718  
0.3163169105  
0.1704161735  
0.278485957  
0.9052652518  
-0.1096329653  
1.183058111  
0.5330955224  
-0.8062426893  
1.044213754  
1.910702581  
0.6623295082  
-0.5892332219  
-0.2849986214  
0.9199233778  
0.4488673579  
-0.05232498761  
0.3516103684  
-0.6047628335  
-0.6736631676  
-1.868900564  
0.2239034498  
-0.1096465878  
-0.6377157291  
-1.954686531  
0.9801501749  
-0.6945022711  
-0.1346103208  
-1.130742456  
-1.17625792  
-0.1936942076  
-2.699742113  
0.9244891495  
-0.589895793  
-0.009564540508  
-0.7255992864  
-1.742464579  
-0.2954715122  
-1.090099391  
-1.061638657  
-0.5738004749  
-1.118376728  
0.3765969163  
0.1203299716  
-0.3958881227  
-0.7492407548  
-1.249254379  
-0.7258445245  
-0.5126607206  
-1.991428366  
0.4006717463  
-1.544482499  
1.231190325  
-0.4621462334  
0.3380405163  
0.3230263605  
-0.98587328  
1.915263053  
-0.6016372008  
-0.2666168561  
-0.1489850951  
-1.52858411  
1.074251141  
-0.3868150205  
-0.3909052276  
-0.6019264235  
-1.47123516  
0.9993297347  
-0.0260920273  
-0.4664898497  
-0.4187901025  
-2.096246608  
-0.1507317368  
-0.5430873569  
0.4480951203  
0.5269790673  
1.802781659  
-0.7857390542  
-0.3932165968  
-0.8169747257  
0.2314444951  
1.102026506  
-0.02929208933  
-0.2652025509  
0.6705072101  
0.9788746394  
-1.957451627  
0.4938407695  
-0.778567445  
-0.6351592255  
0.3102501548  
-0.6081048226  
0.3435212005  
-0.9956980694  
-0.4095286739  
0.01030063106  
1.072108697  
0.9244326445  
0.559496271  
-1.484115152  
0.1924808082  
-1.332075561  
0.8741295331  
-0.1647587545  
-1.142933095  
1.356410515  
-0.3808588002  
1.133837906  
-1.70996095  
1.08723544  
-0.5273343146  
-0.9989701488  
1.62586463  
2.604908719  
-0.4406219882  
-0.4185923824  
0.7326387595  
0.1911335398  
1.589570412  
0.1850491993  
0.2722793664  
0.256045497  
1.018938082  
2.794644668  
-0.1845676373  
-0.5486174231  
0.2320302901  
-0.05420183139  
-2.445671133  
0.761416475  
-0.9325188309  
-0.208624146  
0.5703364644  
2.112146562  
-2.249595121  
-0.05345501804  
-0.07552226003  
0.9877705741  
2.599210414  
-0.2246436786  
0.2459577711  
0.01825679337  
-0.2343932416  
-0.1313443854  
0.5969519925  
-0.4434887638  
1.241577947  
0.5357888084  
-1.203288531  
0.8453060378  
-0.5049630459  
0.4345087268  
0.4788326513  
-1.764055513  
-0.05537577658  
-0.9349443754  
1.797688739  
0.1844290021  
-1.007191774  
0.9905294186  
-1.348697686  
1.17317136  
0.764623047  
-0.1287588867  
-0.5253563895  
-0.2073822291  
1.022597594  
-0.297411515  
-0.632296715  
-0.1053869615  
-1.390214137  
1.098402961  
-0.2320264101  
-0.8366575128  
0.5390672382  
0.1828025921  
1.76904893  
0.3587397383  
0.04124693875  
-0.5329271667  
-0.8367155  
-0.711250724  
0.1112706435  
-1.419589584  
0.3223104369  
-1.089996985  
-0.7584774189  
0.9260921215  
1.889139349  
-0.5797441883  
-0.2588973544  
-0.006294078759  
0.3721358634  
-0.9915093577  
0.8331748869  
-0.5420750119  
-0.9264840689  
0.06310145415  
-1.130131416  
1.013461636  
-0.6009899006  
2.936694624  
0.1302963553  
-0.5802517547  
-0.6797586004  
-0.3065194954  
-1.119827993  
0.6716613302  
-0.9313258532  
0.02918171735  
0.1835282527  
1.353587116  
0.5181941034  
-0.05654179165  
0.1164086679  
-0.8039042442  
2.548536341  
0.4843850975  
-0.5375641612  
0.1175411844  
0.4540129905  
1.31600684  
0.1779489918  
0.4274659244  
0.1789166862  
0.7363567368  
-0.5675536765  
0.8802126886  
0.2253544294  
0.9576605616  
0.5229508249  
-0.5755766446  
1.317952931  
-1.309505784  
0.3982425256  
-0.4899291127  
-0.5629666312  
0.6151232121  
1.239146611  
-0.04618522715  
-0.486250897  
0.8200240053  
-1.133606174  
-0.1940626643  
0.5536181537  
0.02675113825  
0.639409887  
0.2355111728  
-0.6257710409  
-1.109850968  
-0.5150358013  
1.054826407  
-0.5708880453  
-1.075808919  
-0.4039821528  
0.5906659638  
1.203306788  
-0.2896463659  
-0.7413263472  
0.2325644228  
1.92882644  
-0.168208366  
-0.4157016042  
-0.5964395212  
0.5409602266  
0.09607003564  
0.6589510458  
-0.1113841915  
1.027480594  
-0.9399021019  
-0.5103538308  
0.7810180889  
-1.154577928  
2.46161376  
3.565873959  
0.1359451132  
-0.7430464144  
0.193784702  
-0.9228128386  
-0.04628092089  
1.528568316  
2.173824817  
0.4367060805  
-0.4896774871  
0.6370717769  
0.4749560599  
-0.6293720402  
0.5871336495  
-1.199785857  
0.9308456695  
-1.167784515  
0.0645914746  
-1.577912688  
-1.691366068  
-0.2123347304  
-2.225221077  
-0.05717857933  
-0.9022053583  
0.5567464059  
-0.3829903045  
-0.05863849874  
-1.252285759  
-0.448903758  
0.5589904081  
-1.140664455  
-0.5861766983  
0.9862273611  
0.2062759781  
-0.4891333581  
-1.060630619  
0.8490777172  
-0.8730026314  
-0.6529646758  
-1.370945673  
-1.015910311  
0.08927288858  
-0.4940725393  
0.6811721426  
-0.8704593241  
-1.065117365  
1.282789712  
-0.4537276387  
3.910662259  
-1.162408677  
0.2280865064  
0.7725672158  
0.9695582485  
1.370300057  
0.6222260704  
-0.08604915595  
1.294589371  
-0.1111528242  
-1.671696073  
0.5337918113  
-1.091259352  
0.623720884  
-0.3178263806  
-0.6602686887  
0.03441315263  
-1.442066771  
0.6261173286  
-1.506631457  
0.5895371142  
-1.056065691  
-1.129653551  
1.180348645  
2.677671611  
-0.6185873285  
0.08548000172  
1.088424546  
-0.4106261558  
-0.9471114391  
0.850527192  
-1.554210902  
0.4469199434  
-0.8925705913  
-1.382147433  
0.4855432314  
-0.9056177884  
1.550745983  
-0.1570044886  
-1.425406247  
0.1880680554  
-0.8772202083  
0.1754942796  
-0.3920987468  
-1.410778369  
0.7521341607  
2.712499857  
-1.668077396  
-0.5648398011  
1.276343277  
0.3481980562  
0.7124649243  
0.6970899709  
-0.694405149  
-0.1877722157  
-0.01237527155  
0.8706993287  
-1.329893324  
-0.3319819372  
0.2315665416  
-0.1003293925  
0.8777406944  
-0.4685217246  
-1.286832314  
1.701335622  
-0.687232402  
