-1.625943043  
-0.8411958537  
-0.177955089  
-0.6246026291  
-1.418776623  
-1.745664799  
-2.32039341  
-1.867129016  
-1.368472867  
-0.2814205256  
0.559210297  
0.008705277367  
0.1834856878  
-0.09655109716  
0.6722147401  
0.7466435562  
0.8250926604  
0.4032761031  
-1.030460778  
-0.8806777635  
-1.102703122  
-1.081395845  
-0.4003665769  
-0.5533916333  
-0.5434428405  
-0.6231764365  
0.5395698575  
1.244240979  
0.8229976686  
0.5445117712  
0.2931959536  
0.1473219782  
0.7823441203  
1.14932696  
1.224758364  
1.6421615  
1.42984848  
0.9346952072  
0.1988355727  
0.1388555403  
-0.1840431821  
-0.6037101965  
-1.065612754  
-1.090910015  
-0.5871093196  
-0.4442628143  
0.03681759103  
-0.5324873616  
0.03551242651  
-0.5265584583  
-1.233295199  
-1.264018933  
-0.262272989  
0.9608915882  
0.2308968704  
0.3801807896  
-0.2331806786  
0.4690403314  
1.121811167  
1.854616607  
0.6834037061  
-0.3117593067  
-0.2219943264  
0.3260994283  
0.3876891985  
0.9649191722  
0.8867712654  
0.5060568394  
-0.3412335123  
-0.1149494113  
-0.6933312458  
-0.07345801685  
0.7222045689  
0.9912866316  
0.9467973563  
1.867753598  
1.187034333  
1.231081015  
1.274703502  
1.984197509  
1.950301773  
1.594392936  
1.302355085  
1.254674315  
1.449837965  
0.8940743634  
0.03225128223  
-0.1690997045  
0.5570771732  
0.1878057323  
0.2211372259  
0.1215380247  
-0.672125456  
-0.9964477955  
-0.416893854  
-1.512035013  
-1.887442904  
-2.029603069  
-1.752082877  
-1.149357621  
0.1524184539  
0.551207834  
0.06096988316  
0.5910609455  
0.2256486142  
0.00800352737  
-0.1102295425  
-0.1365299669  
-1.23546271  
-1.973696583  
-1.319945385  
-1.205538052  
-0.7635798025  
-1.058360685  
-1.146550015  
-0.4944956957  
-1.217017055  
-1.514529312  
-1.279250964  
-1.946477785  
-1.216456032  
-0.9549426672  
-0.06470885386  
0.4139937164  
0.5720386075  
0.8014808998  
1.036743776  
0.4517142773  
0.3850304612  
0.03805575841  
0.7196931522  
0.7731176928  
0.2480989009  
-0.7244347799  
-0.8209273277  
-0.8239514545  
0.02818991385  
0.8924637572  
1.311251923  
0.8661153457  
0.5587683363  
-0.02755813766  
0.4133193103  
-0.2473958476  
0.506360659  
0.1204532683  
-0.9566444244  
-0.3533647811  
-0.2369653313  
0.1467095149  
1.122259548  
0.4718182336  
1.000788178  
1.339828999  
1.740864402  
1.056179208  
0.7965730676  
0.3825682806  
0.2801082457  
1.232420731  
2.122801157  
1.455257921  
0.5859712827  
0.5111671612  
0.6344547615  
1.307467757  
0.4888710723  
0.7399052844  
-0.5455698477  
-0.7770378403  
-0.4665208004  
-1.22129137  
-1.051390388  
-0.7567342267  
-0.7201451424  
-1.587100334  
-1.655730463  
-2.405724404  
-1.829216213  
-0.6965457064  
-0.02099568643  
0.06352146563  
-0.2183965947  
-1.032892111  
-0.2384770723  
0.3465920559  
0.6690095759  
1.473473785  
0.7299893318  
0.3537324856  
0.3701876055  
-0.05081721339  
-0.1396723075  
0.503409816  
0.4149123273  
0.05923286113  
0.1216902821  
0.1534957671  
-0.4745237561  
-0.8371920167  
-0.03518828412  
-1.027745812  
-0.3946352728  
-0.1057704687  
0.6684477112  
0.5154677509  
0.7200084494  
0.3456889948  
0.267679027  
1.402566045  
1.298177556  
1.664196515  
0.239614954  
0.307273855  
-0.6349498503  
-0.2243843357  
-0.1702348538  
-0.5106459334  
-1.037057685  
-2.042793555  
-0.9810687986  
-0.290472665  
0.8189218602  
0.6309679496  
0.1003145202  
-0.8564803141  
-1.487859801  
-2.176181193  
-1.188187106  
-0.5106271258  
0.9635077592  
0.8355812986  
1.178707397  
0.4990163381  
-0.2696034789  
-0.1587286904  
0.02382682742  
0.5458645751  
0.6162965958  
0.4285657794  
-1.178182954  
-1.94478494  
-2.016285539  
-1.02878832  
-1.255934677  
-0.4264043067  
-0.05807069054  
0.2479277311  
0.8872975271  
1.159839136  
1.520552443  
1.690326811  
2.046558847  
2.587378876  
2.348729676  
1.391694188  
0.877646452  
-0.09317213719  
-1.26414955  
-0.3236800612  
1.229582037  
1.053907603  
0.6263579104  
0.5276166359  
0.04445424429  
-0.4148558682  
-0.1890084972  
-0.4514812057  
-0.6996919243  
0.05157270102  
0.5265143247  
1.051785328  
0.6172966861  
0.3192993725  
-0.6856137577  
-0.4060802611  
0.5058506813  
0.3360481605  
0.1458311009  
-0.5949646854  
-0.8727603863  
-0.9855645692  
0.298539618  
0.04559601827  
-0.2096831382  
-0.2128822662  
0.3033423667  
1.12502444  
1.367737144  
1.503659923  
1.19327624  
0.6815543554  
0.785597615  
-0.4428793241  
0.1570616992  
-0.6355592389  
-0.05731826512  
0.6180877862  
0.9838487242  
1.758895174  
1.127009413  
0.2891557008  
-1.04572101  
-1.699973947  
-1.283125971  
-1.900057938  
-2.063321597  
-1.700200567  
-0.8152932424  
-0.2873101815  
0.01311547064  
-0.9080637776  
-1.681857127  
-1.279722245  
-0.7376965442  
0.2013347741  
0.7869311166  
1.162303311  
1.174337681  
0.38741766  
0.974990084  
1.294561425  
0.8776374552  
0.5169830754  
-0.1473893501  
-1.038859957  
-1.454208513  
-1.044924572  
-0.1785853963  
0.1048421602  
0.3142293663  
0.9698768803  
0.7793573178  
0.4980373253  
0.4078618799  
-0.7155859509  
-1.48900217  
-1.07767659  
0.2766758373  
0.6000976268  
0.8098668132  
0.05824687606  
-0.7023662948  
-0.3297052856  
-0.6904661779  
-0.5471957229  
-0.6290622746  
-1.476996797  
-1.060318404  
-0.532958162  
0.09922410802  
0.7232966838  
0.2291466684  
0.1245419223  
0.4338813143  
-0.2487615336  
-0.6103717862  
-1.714313503  
-1.090167933  
-0.8967034673  
-1.233617127  
-1.624383635  
-1.867764236  
-1.768674678  
-1.984730951  
-2.104675447  
-1.41071796  
-0.9193566551  
-0.3066177537  
-0.9113186603  
-0.779800415  
0.1522210171  
0.983231451  
1.442897147  
1.930347951  
2.298739558  
1.480323654  
0.8198182855  
1.15246142  
0.9005808656  
1.129613873  
0.3112554676  
-1.023129232  
-1.309849182  
-0.9659472909  
-0.1522914961  
0.04114858115  
0.5162171972  
-0.8001580264  
-0.1721204541  
0.4052439368  
0.8097973216  
0.2553987562  
0.7292017302  
0.9014056099  
1.912827244  
1.28669456  
1.746089827  
1.633753547  
1.160554905  
1.215010797  
1.100546624  
0.6498365348  
-0.9830322812  
-0.1744978042  
0.8821500943  
1.014023907  
0.3420627076  
-0.3631504123  
-0.4726699215  
-0.7132021989  
-1.75732675  
-1.827192203  
-2.239417752  
-1.996128402  
-1.236959821  
-0.1616845365  
0.9425109582  
1.262374256  
1.558527815  
