1.333221738  
0.8006951343  
-0.7649884573  
0.1581601841  
-0.9002795129  
-0.4778855458  
0.4020262704  
1.986556153  
0.008337327842  
-0.2392532102  
2.71799734  
-1.458757793  
-0.1092120068  
1.062019299  
-1.884088502  
0.2232348552  
0.3641426054  
-0.9697906608  
-2.436056838  
0.08754125971  
-0.2954518377  
0.1867530323  
-1.806564163  
0.9148932966  
-0.3999913017  
-0.4026673843  
1.629147514  
-0.7876713075  
1.114156724  
0.1907661865  
0.2402764093  
0.3853370694  
-0.7210392283  
2.092430744  
-0.361239025  
0.3285836511  
1.527867525  
-0.3924848577  
-0.2564775864  
-0.05040610357  
0.735315099  
-1.064795822  
-0.1470245592  
0.5993244662  
-1.135086385  
0.3089095448  
0.117471519  
-0.4808826457  
0.9807831241  
-0.4701625355  
1.960982029  
0.2641594155  
-0.4739430743  
-0.9731125765  
-0.6082892057  
0.9262872181  
-0.05705522718  
0.6758259573  
-0.4560228001  
1.092119822  
-0.4332621507  
-0.2943057254  
0.8395530163  
-1.222519495  
0.07906296226  
0.3262229481  
0.3453128404  
-0.2379035521  
-1.729340872  
1.525547611  
-0.1790946434  
1.40472419  
0.3683728786  
-0.979983092  
2.035054135  
-0.7900391202  
0.7833664  
0.4248773133  
-1.572017178  
2.136558897  
-0.5083198969  
-0.1128993523  
-1.243177621  
-0.2176302579  
-2.179715397  
-0.1818985582  
-0.2661613954  
0.5037028952  
0.1292001525  
0.6251386752  
0.01232317859  
-0.214002119  
1.042965356  
-0.6185648137  
-2.031864285  
-0.3829956103  
-0.277081589  
0.541885614  
-0.8213509151  
-0.1009301249  
0.05474150474  
-0.2045953996  
-0.1804893277  
-0.7585875327  
2.210249865  
-0.5397756014  
0.7344864944  
-0.2605419527  
-1.08330348  
2.058367762  
-0.7518709548  
0.374863641  
-0.08571050291  
-1.404083608  
0.245099997  
-1.033356223  
0.5934624923  
0.05266305047  
-1.205426802  
-2.999101174  
0.6923614676  
-0.006636494421  
0.007147914669  
-1.563986927  
0.6670430927  
0.02948448947  
0.02933767932  
0.5219600316  
-0.803016571  
1.92316126  
-0.8441653993  
0.7228429406  
-0.8085020367  
-0.6240778001  
-1.16762687  
-1.310893667  
-0.5791060736  
-0.1677970495  
0.5450838019  
-0.4864216333  
-0.1240513973  
-0.6061615529  
-0.3060704563  
0.6627462282  
0.2347730845  
-0.2141718985  
0.8834370196  
-0.2346649056  
1.840497823  
0.05363128453  
0.4160300377  
1.140755105  
-0.711215287  
0.8564561717  
0.6047386418  
-0.7195942417  
0.5990155191  
-0.7600729085  
0.1964265516  
0.5202051274  
-0.9705367592  
1.237322265  
-1.285863164  
-0.5572511143  
0.1125905573  
0.7195387857  
1.01489774  
-0.1504279052  
1.074245605  
0.06358674594  
-0.01038040156  
2.91723391  
-0.04207464042  
0.2311936955  
-0.781252445  
-0.5353450535  
1.109767849  
-0.6743636457  
1.733409161  
-0.4319774255  
0.8360851303  
0.1171735986  
-0.2319649542  
-2.83260398  
-0.181111159  
0.3613023064  
-0.4934215453  
-1.51262687  
0.330267339  
0.2515504315  
0.04523807668  
0.7192816125  
-0.3208694329  
-2.596579848  
-0.04930783624  
1.041086058  
-0.2538179111  
-0.3675396353  
-1.881416844  
0.5797777744  
0.4206063394  
-0.4025244307  
-1.422302141  
1.47922312  
-0.02173598037  
-0.7081841759  
1.473436861  
-1.60768256  
0.4810277078  
-0.643359381  
0.01294546745  
0.6739270787  
-1.222477507  
0.2065426981  
-0.04753783882  
-0.4005173094  
-0.594328111  
-0.4912246274  
0.7252328191  
0.1344501325  
-0.2304780171  
1.905347393  
0.2245769889  
0.8627794525  
0.9861070009  
0.5588823127  
-3.311886333  
0.4572749869  
0.9572361723  
0.1483713441  
-0.5547509422  
1.773036851  
-0.5881770183  
-0.4190294802  
2.197107245  
-0.9816857234  
0.3642579019  
0.1439262719  
-1.310342056  
-3.931460454  
-0.3387387149  
0.5134711215  
0.09249311161  
-0.07501411247  
0.7392137082  
-0.5612905131  
0.9050119543  
-0.08008556252  
-0.1108099683  
1.267379832  
-0.8504252059  
-0.2578425201  
0.3754060434  
-0.3022585005  
1.183371312  
-0.8932264746  
0.4322309307  
0.05589643017  
-0.0005617479664  
0.8973677785  
-0.499828673  
2.189307525  
-0.6344607024  
0.8182864533  
0.6135881131  
0.1598897878  
-1.789007894  
-0.02496976062  
0.08473529414  
-0.2857879538  
-0.4540170777  
0.327939354  
-0.02080541428  
2.171133794  
-1.298269551  
1.165338408  
-0.04191749771  
-1.283432104  
1.171467997  
0.2952804359  
0.6176093511  
-0.4778661697  
0.8569119463  
-1.411392705  
-0.2249766386  
-0.1170401727  
0.4830538579  
-0.3175582688  
0.1530793099  
-0.7509672011  
-0.1936929319  
0.05240657209  
-0.375284056  
1.077439753  
-0.2166649938  
0.9662335762  
0.820091655  
-0.1270184834  
0.4875599352  
0.2931774696  
-3.369877407  
-0.6934564243  
0.7195195573  
0.8273664133  
0.2145854552  
0.6340733614  
-0.3398241424  
-0.2770519156  
-0.09967595891  
0.5679553063  
-0.5816183352  
0.1092104415  
-0.07105643044  
0.09854036793  
0.9011497647  
0.593386061  
0.3745090374  
0.2247872852  
0.4904165893  
1.01941654  
-1.037003976  
-1.563457205  
-0.1269838133  
0.1215737455  
-0.8645097347  
0.1116853807  
0.04455003586  
-1.096397989  
-0.2938497913  
-0.3470302417  
0.7994040204  
-0.7031048721  
0.6487950168  
-1.053882028  
0.09642520447  
2.971075567  
0.2900479959  
0.5832653641  
-0.5242595731  
0.7464680635  
-0.9926243805  
0.6329237617  
-1.857198997  
1.102654042  
0.1579765551  
0.7641613486  
-0.9963363317  
1.277183709  
-0.01730983432  
-0.645869565  
1.554061515  
-0.2529651335  
0.7741629216  
-0.7430820087  
1.157933806  
0.4298912925  
0.09744168978  
1.410521759  
0.07586478311  
-0.5595445861  
-0.02098485691  
-0.2758053008  
0.5796653927  
0.1340305913  
0.6717294299  
0.170937243  
-0.4461054689  
-3.285705749  
-0.8488902953  
0.7835742669  
0.4894508103  
0.08353495863  
1.42335419  
-0.1538039771  
-2.883468389  
-0.1511467963  
1.150257343  
0.6400601236  
0.03930715146  
1.38358973  
-1.059942705  
1.559255782  
-0.006648952256  
0.3827474935  
0.3511550807  
-0.2527695248  
-2.564077362  
-0.404405872  
0.1851572238  
-0.8726313268  
0.619040715  
-1.995769253  
0.4953725811  
-0.09574985991  
-1.091524543  
-0.3711215485  
-0.7283443118  
0.2774997085  
0.796344785  
0.161503598  
-1.112952515  
0.457643329  
-0.09525668923  
-1.269257057  
-0.1965145643  
2.373356069  
0.6997065166  
1.446388452  
-2.347410838  
-0.1446144074  
2.752058698  
-1.556094102  
0.7210205543  
0.1061494199  
-1.170400823  
-0.8296681237  
0.4985050979  
-0.3454769704  
0.9165553652  
-0.4594599792  
