0.2678371159  
0.4509756772  
0.07799379161  
-1.406946713  
-0.9462621971  
-0.8463323438  
-1.775128702  
-1.54034648  
-1.111531418  
-2.484578419  
-1.792433618  
-0.9463078192  
-1.446334062  
-1.408103221  
-0.745521326  
-1.351242229  
-1.609792886  
-0.7353529481  
-1.057247634  
-0.4357236537  
-0.3160066674  
-0.9921183002  
-0.3055485129  
-0.236430086  
-0.1870378458  
0.5463527995  
0.8019909237  
0.5829554914  
0.4606843479  
1.605150122  
0.4618879175  
0.95924708  
1.060068892  
1.756992929  
2.418669185  
1.952001049  
2.546463637  
1.548189878  
0.8661562067  
0.7909662977  
0.6983711426  
-1.22591567  
-0.5547038875  
-1.105341309  
-0.5928600636  
-0.8045137074  
-0.1543100478  
0.0530286424  
-0.4302582635  
0.1115111447  
-0.5803286706  
-0.7229825193  
-0.1130738878  
0.203899218  
-0.1859018856  
-0.725893349  
-0.09275326502  
-2.015035977  
-1.475670264  
-0.4853135094  
-0.5324310592  
-0.5346675299  
0.1247619046  
-0.02864334691  
0.0215471575  
0.3283939456  
-0.84026045  
-0.9105954743  
-1.448767181  
-0.03041446635  
0.4322516722  
0.02875257263  
0.9211507209  
0.6263551827  
1.045850883  
1.855987669  
3.116866972  
1.526308368  
2.045131  
1.314441276  
1.871409359  
0.8049520991  
1.013146638  
-0.1558981633  
-0.5924786317  
-0.6996728182  
-0.461246293  
0.7745066321  
1.06665881  
-0.4619242783  
-1.474406663  
0.09512643843  
-0.209899142  
-0.1691019813  
0.8179300303  
-0.6417716199  
-1.192033861  
-0.9972974221  
-1.09158005  
-2.141918466  
-1.248958229  
-1.057557854  
-0.7769046495  
-0.106462142  
-0.1466940258  
-0.873931031  
-0.4391551522  
0.4479683055  
0.248851927  
-0.3525909502  
-0.8294547652  
-1.504961152  
-1.636071052  
-1.905388749  
0.1763059857  
-0.03344944448  
0.1456713989  
0.489561262  
-0.02578926497  
0.463249732  
1.451347209  
0.7641976616  
0.835725042  
1.928995541  
2.013427289  
1.582697795  
2.171795699  
1.315582194  
0.7021718052  
0.2546112533  
0.6511849193  
0.9526804381  
0.9401397945  
0.5330144977  
0.4918459169  
-0.0530036506  
-0.02349999592  
0.9100705195  
0.3406762033  
0.7933658529  
1.252847076  
0.5548220269  
1.279274279  
0.7577471682  
1.377492789  
0.9751097347  
0.8745059949  
1.222580146  
0.2401466683  
0.8515458008  
0.979067998  
0.3173352215  
0.3639676481  
0.7323825098  
1.690246593  
0.4763052634  
0.6691731563  
0.5117441626  
0.1985007863  
0.7326945034  
-0.2252448176  
-0.1571272773  
-0.2140333528  
-1.327874564  
-1.11033359  
-2.086318434  
-1.179301866  
-0.9846594442  
-0.09661298414  
0.09249524283  
0.01654508126  
-0.1813668517  
-0.895421475  
-1.183342724  
-0.1837516358  
-0.8814409621  
-0.4812666459  
-0.3386192679  
-0.3117110626  
-0.9423824344  
-1.577962945  
-1.229215914  
-0.2044623752  
0.7126507256  
0.07542304238  
0.2171083056  
-0.1149041227  
-0.2209800757  
0.02351353279  
1.170161964  
1.782451531  
2.071285942  
1.98406863  
1.350237574  
1.37094315  
1.807099226  
2.644125665  
1.000548849  
0.3115896838  
-1.076684701  
-2.549942364  
-3.009793145  
-1.639216071  
-1.497893578  
-0.5138041424  
-0.6631027374  
-0.7063690722  
-2.174753402  
-1.392515109  
-0.4289132866  
-0.2752492885  
-0.7172460536  
-0.9269998453  
-1.454940765  
-1.674220899  
-1.386172605  
-0.311670983  
-0.8833792556  
-0.4405162679  
1.310102179  
0.5290675458  
0.9633862484  
0.3842845669  
0.2971455895  
-0.1758483471  
0.4046970382  
1.781767873  
1.033111164  
0.1088779976  
-0.7003067495  
-0.9213989301  
-0.4879916694  
-0.08713562434  
-0.3472955588  
-0.5573299477  
0.2551805568  
0.1858498399  
-0.0956961605  
0.3987362482  
1.116681324  
0.8560648938  
0.5486635005  
0.894316911  
0.9003292963  
0.6385172761  
0.3330299733  
1.446802069  
0.003399666291  
0.2859350875  
-0.4756552454  
-0.02055767076  
-0.7797135309  
-0.9757281531  
-0.9252095056  
-0.7590610581  
-0.218531997  
-0.2907678182  
0.4345442684  
0.236917407  
0.9743463964  
0.2559073175  
-0.3106412987  
-0.1327899575  
-0.2211430996  
0.5928254207  
1.19362321  
1.363814722  
1.160921915  
0.4056078432  
0.1687643485  
-0.9160099804  
-0.9967937212  
-0.6083122504  
-0.3248307462  
0.3549409608  
0.8663871889  
0.3908869305  
-0.04703848375  
0.3129862474  
0.6235249453  
1.169351653  
0.8171003134  
0.676915646  
-0.4236146677  
-1.530471712  
-1.269354039  
0.05670562585  
0.6279679424  
0.8971039032  
-0.01375192792  
-0.7844448031  
-1.380367531  
-1.763859265  
-0.2745622785  
0.4402820129  
0.1938789072  
0.07475500353  
0.002217220248  
0.07004731886  
0.5705460209  
-0.275350114  
-0.2961209738  
-0.7795476249  
0.04554805261  
-0.4630372003  
1.204122436  
0.8950912269  
0.8856864571  
1.254511067  
1.837948411  
2.241498528  
1.942673256  
1.943111159  
0.865187485  
1.616405211  
1.279261402  
0.6136376012  
-0.2424734768  
-1.238312744  
-1.757270764  
-1.955868163  
-1.678169165  
-1.046110342  
-0.2329461399  
0.5442092284  
-0.3250613292  
0.369403231  
-0.6610050331  
-0.1833224774  
0.1221377914  
-0.9675647258  
-0.7596458211  
-0.6980086513  
-1.343851053  
-1.190935826  
-1.177997108  
-0.2987798266  
-0.001130382398  
1.188083218  
1.299657909  
0.05510623114  
0.7646912495  
0.9545150192  
0.8789092387  
0.6853631697  
0.9087657925  
-0.0352482916  
1.006988307  
1.105716236  
0.3480179217  
-0.3093114264  
-0.7238531494  
-2.046604135  
-0.3976929867  
-0.3000929621  
0.09913255998  
-0.5521604062  
-1.032475606  
-1.131667075  
-0.6115610624  
-0.5360200733  
-0.1346960454  
-0.5418287219  
-0.3481056015  
-0.04004128295  
-0.9527674482  
0.2370178525  
0.9993052172  
0.4692206441  
-0.9192615181  
-0.6104102049  
-1.944396222  
-0.8651723971  
-0.198537067  
0.5087424659  
0.5612657972  
0.4146920971  
-0.08339904474  
-0.9354037012  
-0.5949068233  
-0.2519916791  
-0.4741372314  
0.9941008598  
0.6842840534  
1.384349793  
1.398159329  
0.9127741397  
2.032685668  
1.696816083  
1.454261546  
1.740688699  
0.9990710889  
-0.07511618954  
-0.6979125802  
-1.630097265  
-1.115402016  
-1.723003068  
-0.1305973708  
-0.6723923768  
0.4084137246  
-0.5753645951  
-0.8256727965  
-0.4972317535  
-0.8870180685  
0.4192737913  
0.7088675483  
0.007930118392  
-0.2981604378  
-0.6674786477  
0.2373960972  
-0.6361032019  
-0.008770352339  
-0.1096421139  
-0.03551832458  
-1.156023469  
-1.288947424  
-0.6911355276  
-0.611239931  
-0.0694659786  
-0.3947711947  
