1.205793561  
1.415520556  
-0.8128874912  
0.9004322191  
0.8469768042  
-1.025684685  
0.1428873334  
1.00313262  
-0.9314532494  
0.2689086906  
1.118323514  
-1.019100719  
0.3243271993  
1.144893179  
-0.6448130956  
0.4375425638  
0.5255147264  
-0.4059158784  
1.030010575  
-1.223750771  
0.4263783779  
1.511679096  
-0.9307932983  
0.3602891735  
-1.579929883  
0.3896079076  
1.064104515  
-0.8108926608  
0.3382501675  
-1.736660409  
0.334086452  
1.541065036  
-0.8066303182  
0.2267087693  
-1.563681962  
0.3568391845  
1.087247704  
-0.1087901431  
1.260926584  
-0.8662116929  
0.5126367241  
-1.634513054  
0.7656618973  
0.9511374467  
-0.7798377088  
0.4030534421  
-1.430980072  
0.4851998926  
1.621940515  
-0.5213326196  
0.8391365255  
-1.082315711  
0.6404509423  
-1.527390931  
0.3824430355  
1.264724144  
-0.598200324  
0.8673624318  
-1.10704202  
0.3865315447  
-1.29271743  
0.06118111723  
1.029912747  
-0.2376803386  
1.031622293  
-1.036863267  
0.6323943697  
-1.416709024  
0.3810765258  
0.9181791745  
-1.187999805  
0.4102276072  
0.9714323286  
-0.6092986105  
0.7408977503  
-1.549818362  
0.4999125086  
1.389345878  
-0.9504086231  
0.3464872906  
-1.423720765  
0.3840233325  
1.210707104  
-0.3345021042  
0.7833607765  
-1.568543519  
0.08322591123  
0.4094835339  
0.1117937945  
1.064642634  
-1.213294897  
0.06264903304  
-0.2315593602  
-0.2347664534  
0.7334185096  
-1.051390901  
0.3379761412  
-0.01019860686  
0.09475264811  
1.179229789  
-1.027672101  
0.4210576861  
-0.519877607  
0.1686876922  
0.9863685019  
-0.9734515789  
0.4360336705  
-1.827456021  
0.26477209  
1.502238381  
-0.8581500731  
0.2830104594  
-1.675501724  
0.5561932333  
0.9889760151  
-0.8590736471  
0.3033126319  
-1.514022527  
-0.1419641958  
0.9073578176  
-1.268416333  
0.277123932  
1.422511516  
-0.7911762055  
0.4887448598  
-1.348683642  
0.1665061415  
1.126452938  
-0.9499034489  
0.8156641042  
-1.34799382  
0.4323632299  
1.04093733  
0.03272040987  
0.5225674164  
-1.232893755  
0.1734332756  
-1.62756533  
0.3441038811  
1.456652114  
-0.005883925942  
0.9160619781  
-1.111677988  
0.3283819684  
-1.781645035  
0.4849009998  
1.536515909  
-0.7293021616  
0.6659327196  
-1.460561096  
0.3576953128  
1.317618827  
-0.7404948639  
0.3401123629  
-1.770414518  
0.5291742747  
1.047979072  
-0.9811629324  
0.2714598976  
-1.549449588  
0.2700609689  
0.8565605448  
-1.167096809  
0.377022552  
-1.677940449  
0.7449011877  
1.493150905  
-0.8357075412  
0.3337710255  
-1.753142074  
0.5428401177  
1.408382155  
-0.8980797233  
0.4057319074  
-1.685189197  
0.03412811573  
1.417032255  
-0.8235708964  
0.9776532266  
-1.157585997  
0.304639249  
1.425525056  
-0.5906554914  
0.8989548595  
-0.9488119714  
0.6867343972  
-0.05814832158  
-0.2345973289  
0.7994834266  
-1.315258306  
0.1190148538  
1.373287714  
-0.6138570677  
1.020422577  
-1.141936586  
0.5544116003  
1.42580385  
-0.361515239  
0.9438180635  
-1.261890091  
0.2707859708  
1.43619038  
-0.7806615222  
0.552554886  
-1.701308698  
-0.02775841934  
1.041759517  
-1.024815458  
0.7468754583  
-1.39944502  
0.09647394403  
1.295780972  
-0.9493324913  
0.3409081399  
-1.385303811  
0.4103632279  
0.7596189429  
-1.138445839  
0.2595767231  
-1.942386445  
0.4109150282  
1.553380653  
-1.116755204  
0.5094635204  
-1.688570071  
-0.2590003134  
0.9874639937  
-1.186612255  
0.5197983856  
1.453251564  
-0.4607480727  
1.103365026  
-1.645285344  
0.403020873  
1.094926115  
-1.284043842  
0.3544630623  
0.137035434  
-0.5117578371  
0.831939748  
-1.453212104  
0.189847268  
-1.011707053  
0.4955997538  
1.457971739  
-0.9378350792  
0.223763342  
-1.819282936  
0.3151380545  
1.142736542  
-0.8210089791  
0.2512475691  
-1.878899771  
0.1493228787  
1.269437508  
-0.874062073  
0.5129946015  
-1.608152114  
0.4222401607  
1.043281906  
-1.000226094  
0.8110979441  
-1.5447144  
0.1565683849  
1.353901895  
-0.7670374626  
0.7952076445  
-1.128823147  
0.5596228429  
-1.755281681  
0.4518500905  
1.626981145  
-0.5354135101  
1.131071104  
-1.106512142  
0.712590313  
1.43512007  
-0.8105205583  
0.5016591142  
-1.545380255  
0.4000049254  
1.557300462  
-0.3537188869  
0.8904878142  
-1.277925979  
0.3353458561  
-1.514283087  
0.3367186837  
0.9597134619  
-0.865499476  
0.5653846455  
-1.734709456  
0.3498915136  
1.402716303  
-0.9297923575  
0.3334207325  
-1.704954238  
0.3668587719  
1.44822036  
-0.670156644  
1.220953747  
-1.03962225  
0.1472404865  
-1.670888091  
0.3490645703  
-1.451724328  
0.5695263144  
1.633494563  
-0.883298433  
0.8767656612  
-1.067759643  
0.6417318733  
-1.763916444  
0.4559574054  
1.459322418  
-0.9773941986  
0.9007961397  
-1.335096838  
0.3807952028  
1.135416048  
-0.7793239492  
0.8078616964  
-1.217669626  
0.4567091508  
-1.456019426  
0.3259085144  
-0.593277044  
0.04429998502  
0.9051579645  
-1.032577634  
0.6893365889  
-1.563102628  
0.44517075  
1.299948256  
-0.8683594095  
0.6449904206  
-1.290054371  
0.6671242669  
-1.791498606  
0.5185251493  
1.367132496  
-0.523377926  
0.8387909494  
-1.443384882  
0.1400178056  
1.282232785  
-0.8159078211  
0.290661595  
-1.752120938  
0.400121281  
1.332506342  
-0.6931861977  
0.9640718577  
-1.451259541  
0.7943892897  
1.653738752  
-0.5368969128  
0.5800835463  
-1.554873805  
0.4573127416  
1.362283349  
-0.8036062584  
0.947079559  
-1.450802087  
0.1589311781  
1.518352728  
-0.6970783931  
1.017564224  
-1.004477028  
0.4185347981  
-1.750038347  
0.06689702199  
1.263006715  
-0.7705318112  
1.113455515  
-1.141256706  
0.5555035538  
-1.594808982  
0.4342241195  
1.176700407  
-1.065786315  
0.6681053303  
-1.621618571  
0.1838612317  
1.218695311  
-0.232862201  
0.9983261358  
-1.225088698  
0.4797876038  
1.04995456  
-0.2989630059  
1.200461553  
-1.316602336  
0.429986602  
1.383683532  
-0.7826867007  
0.913651247  
-1.298164053  
0.2718756162  
-0.6402463967  
0.4166912107  
1.429865174  
-0.7792993315  
1.101248959  
-0.6185945358  
0.8835252541  
-1.008663052  
0.8237393772  
1.641914723  
-0.7047491951  
1.049303837  
-0.9376253724  
0.7886799619  
1.456269724  
-0.7712279279  
0.7884747766  
-1.398514264  
0.2428902497  
1.267296514  
-0.764935729  
