3.010466385  
1.878743491  
0.7289507402  
1.393382928  
-0.00487595306  
-0.8380746142  
0.02908848888  
-0.2088450607  
-0.7497764071  
1.075753619  
-0.2789766863  
-0.2338993654  
-0.2328996493  
0.3677379554  
0.7238482677  
0.06998205509  
1.113536146  
-1.129636035  
0.7732931144  
0.1130219948  
1.752266273  
-0.08859212178  
0.5862716785  
0.2872125769  
-0.9592046175  
-0.1173373763  
0.2540118331  
-0.4454514585  
0.07868076766  
0.1804376152  
0.02353096621  
0.7237677832  
-0.0057205227  
-0.2123821868  
-0.7895359097  
1.115986332  
0.1089069804  
0.01873461059  
-0.370157217  
0.07948456277  
-0.08431942898  
-1.096633175  
0.8621058274  
1.033384611  
0.1032478931  
-0.06100272291  
-0.676633773  
-0.6815526766  
-0.1506544285  
0.200430662  
-0.1908624472  
0.1302302338  
-3.841737553  
0.5151515974  
1.188876795  
0.213309797  
0.4834119772  
-0.2450210604  
0.4033388798  
-0.6818399635  
2.061245143  
1.46205243  
-0.2120698444  
-0.7042812837  
-0.1303571862  
-0.1650648053  
-1.851389852  
-0.2036784164  
-0.03820506959  
-0.5849380379  
-0.264362016  
-0.9771398643  
0.509896166  
-0.05565303717  
0.1410404121  
0.2498691121  
-0.6769537585  
-0.4239311041  
0.4109416122  
0.01313191349  
-1.361616556  
1.124368497  
-0.3042895803  
1.165219345  
1.054681311  
-0.08166601934  
-3.748159134  
-0.1715281125  
0.07551729862  
-0.03417100566  
0.3184365579  
-3.309604642  
0.05069970783  
0.008548532896  
0.6937504755  
-0.5771090944  
-3.163554717  
0.5137557416  
0.7275052131  
-0.2701450534  
-0.08928168151  
-3.218937015  
0.8004202168  
0.8911484026  
0.410064638  
-0.01841997929  
-2.036770047  
0.9935626253  
0.05385052036  
0.286840257  
-0.08574701717  
-0.3943702727  
0.008402154091  
0.885167612  
1.053704813  
0.04699882639  
-3.193546092  
0.2865090509  
0.8366219657  
1.680910457  
0.367197609  
-0.3498818905  
-0.2913588482  
-1.08317112  
-0.6031997707  
0.609329669  
0.8084429747  
0.3816864688  
-0.2294712012  
0.8503406757  
0.3732255097  
-0.2182566701  
-0.5560060031  
1.312221024  
0.643693165  
-0.6269366138  
-0.4817729337  
0.3653588406  
2.264764668  
-0.5147600515  
0.8582547483  
0.6944656427  
-0.003380330127  
-2.729051973  
1.003094084  
0.2509552894  
0.1460386117  
0.4833608204  
1.565673534  
-0.0003999535639  
-0.01143754849  
-0.4997846137  
0.3448133089  
-0.8035964855  
-0.8475791509  
-0.0500271945  
0.2389305962  
-0.881181185  
0.3648905696  
-0.9286294153  
0.2427979547  
-0.1770429173  
-0.8319415875  
-3.727820382  
0.7754039619  
0.9419737022  
-0.4233789718  
0.2353934867  
0.699077712  
-0.1567318399  
-0.07720785026  
-0.6226226773  
-0.5218866697  
0.0069749091  
-0.09884355677  
0.5075693459  
-0.3662199066  
-0.6661770116  
0.43673456  
-1.356550807  
-2.535701058  
-0.3108445646  
-0.09727093394  
0.4005083385  
0.3496325231  
-0.6391896711  
0.8231008989  
0.5475664594  
0.5266072982  
0.1160763649  
-3.447484613  
-0.4343496271  
0.1311854516  
1.770262311  
0.05333302115  
1.794805907  
-0.2800494059  
-0.01574144682  
0.6498281247  
-0.7839969973  
0.540229416  
-0.1588584154  
-0.1263845664  
0.9715106985  
0.2648767957  
0.3853919801  
0.6027345354  
-0.2117399664  
0.8019908901  
1.282662706  
1.301691592  
-0.369341048  
1.246307449  
-1.488621915  
-0.4316031675  
0.9861837117  
0.3803273796  
-0.3993334885  
-0.6828355863  
0.03790791414  
0.8305441873  
-1.127611832  
0.06191621118  
-2.741407929  
-0.1107810382  
0.6475876245  
1.338488062  
-0.003367247581  
1.081208714  
-0.3038510276  
0.8127579311  
1.927048548  
-0.07100834327  
0.6521370069  
-0.9905781013  
-0.1257356917  
-3.433830194  
1.099954656  
0.1602408311  
0.5103501271  
-0.3252822814  
-3.265753851  
0.8309395789  
-0.03918272688  
-0.2299294902  
0.111144059  
0.4318964306  
0.1894022712  
-0.1098431604  
-0.6368469068  
-0.8801482391  
-0.6389314445  
-0.3134056239  
0.5185948997  
-0.1817834346  
-0.07861471535  
0.4172988965  
-0.7899623522  
0.7349129408  
0.5168763277  
0.2574767022  
0.2882654343  
0.607958084  
1.376422457  
-0.07944135953  
0.01816281107  
0.7894642152  
-0.415373498  
-3.103865313  
0.9554878028  
0.615272963  
-0.235902555  
0.8315563334  
1.268176173  
0.9998774791  
2.137645873  
-0.7156461934  
-0.136972366  
1.548519032  
0.8439358356  
1.722896677  
-0.4764445419  
0.8028872265  
-0.1677913508  
-0.4577954356  
-3.492253189  
-0.02035355854  
0.1836254933  
0.1107701402  
0.2895809952  
0.5517178689  
-0.434015955  
-0.3071852216  
-0.9892608615  
-0.7742077301  
0.1327043111  
-0.4079077496  
-0.7381651726  
-1.147046499  
-0.9910899855  
-0.6300263531  
-0.2853454465  
-1.208661471  
-0.4298454616  
0.782645613  
0.06434999659  
0.8657601954  
-0.3919898807  
0.3504470604  
0.2590191176  
-0.7105302437  
-3.289296053  
-0.06332940111  
0.8863423972  
0.05152920262  
-0.9862160341  
-0.2376447667  
-0.3918247965  
1.693433835  
0.01293446093  
0.05636649774  
-1.858367671e-05  
-0.1255495359  
-0.5848162526  
1.094010705  
1.913400184  
0.5136477874  
0.2301066341  
-0.26498433  
-0.785987776  
1.294037761  
0.8034597025  
1.856452284  
-0.1635022469  
0.2322587171  
0.6632943206  
-0.6722594026  
-2.531986801  
1.341677643  
1.936322951  
-0.3689900986  
1.030724698  
0.2183984415  
-0.7477282129  
2.201259591  
-0.04210310005  
-0.155506133  
-0.2567394  
0.2555190552  
0.1737561465  
-0.5029496807  
0.8617152481  
2.507532843  
-0.06837964639  
0.4024340819  
-1.259923772  
0.3154273548  
0.09435152872  
-0.6714036916  
0.7369386259  
-0.03492782739  
-0.4237407329  
-0.2669036091  
-0.0397191153  
0.1400628362  
-0.895882351  
-0.6831406822  
0.2863737359  
-0.8017564772  
-1.620462072  
0.4301313295  
1.030773711  
-0.1008840617  
-0.08240637224  
0.1861446185  
0.09698288202  
-2.610094439  
-0.1798365518  
-0.2739175577  
-0.7116901718  
-0.5198136208  
-0.08340001527  
0.8074188027  
0.868652992  
-0.6145795729  
0.3565074462  
0.9104348898  
0.6725749782  
1.232922839  
0.462109418  
0.1855665501  
0.1205982231  
-0.4279196955  
0.6017473575  
-0.9678624039  
-0.03275561781  
0.3488138748  
-1.531760661  
0.8651581025  
-0.05497447486  
0.4956013219  
-0.4543886776  
0.3600413782  
-0.6032626374  
-0.5692120328  
-0.1035383291  
-0.3922597318  
-0.3367325884  
-1.197073271  
0.8434095415  
-0.2390132296  
0.3209126803  
1.49048775  
-0.1846332302  
-0.1632915424  
1.612632377  
0.532030619  
-0.7927696589  
-1.195306908  
0.04205916658  
