1.445051412  
1.469502268  
0.5204980334  
0.2140825369  
-0.1823678613  
-0.1299641131  
0.1727673587  
0.2471821785  
0.659715984  
1.200269438  
0.3908755596  
-0.2296975523  
-0.6483276937  
0.4046589694  
0.01384759581  
0.6314812249  
0.6326894043  
0.02708328976  
0.7701943101  
0.2564894249  
0.09661609054  
0.682714285  
0.2848256538  
0.1679529974  
0.5185164126  
0.3768128841  
-0.09631136804  
0.5641914877  
0.6102924453  
0.3249690003  
1.194764214  
0.7102633553  
0.2681800025  
0.7241131402  
0.9981503539  
1.166710582  
0.5530449264  
0.1539690683  
0.2053233574  
-0.3464424671  
0.02568633865  
0.4324461419  
-0.5114824973  
0.2867021436  
-0.05740037996  
-0.5194583276  
0.03043210565  
0.2846641359  
0.7203903175  
-0.3929840802  
-0.7863365542  
-0.2310973  
-0.8248654156  
-1.249001287  
-0.4734047927  
-1.200498596  
-1.679116099  
-0.5310513515  
-1.45145934  
-0.1464660742  
0.3868748669  
-0.7193928066  
-1.329163123  
-1.323738184  
-0.3589681678  
0.1509942152  
-0.002688539548  
-0.1948900264  
-0.1446170203  
-0.9473895027  
-0.6513639568  
-1.283759957  
-0.9245092621  
0.05360297108  
-0.1943522075  
-0.4815267775  
0.1682107867  
-0.2353960872  
-0.08532451214  
-0.7157672275  
-0.9424320283  
-0.2007768994  
-0.6377546205  
0.5828621714  
0.1737393618  
-0.3606597993  
-0.303330427  
0.09096820544  
-0.008026398129  
0.779967831  
0.9005417174  
-0.9062537694  
-0.141334176  
-0.1340226099  
-0.3217739665  
0.25426548  
-0.640311731  
-0.406287585  
-1.024959008  
-0.6220842481  
-0.7079468047  
-0.59196253  
-0.002845084787  
-0.5475453721  
-1.007319275  
-0.6342897475  
-0.44914956  
-1.361482626  
-0.2375940062  
-0.2453399968  
-0.5748452474  
0.05235183834  
0.060730274  
-0.2027330613  
-0.09679939922  
-0.5114013056  
-0.3766098099  
-0.6961356552  
-0.158888292  
-0.3762509691  
-1.330270616  
-0.860611109  
-0.726022585  
-0.5294285841  
0.002905661257  
0.07317255355  
-0.750143964  
-1.436570825  
-1.142011149  
-0.3566522228  
-0.009950109376  
-0.6818917147  
0.5741890877  
0.7795977043  
-0.1964171292  
0.01486361191  
-0.9640558565  
-0.5939308009  
-2.419905583  
-1.052956249  
0.002639839657  
0.5980559362  
-0.6999837394  
-0.55632408  
-0.9562522264  
-0.1577577131  
-0.3700463019  
-0.2338224147  
-0.5978626466  
0.02625367308  
-0.3743900518  
0.1039995183  
-0.05008947177  
-0.06107948539  
-0.5348942125  
-1.128410346  
-0.6020473617  
-0.7702882552  
-0.6381548078  
0.1344874706  
-0.4484168028  
-0.03623257333  
-1.66742857  
-1.065930477  
-1.826081185  
0.5008243306  
-0.09442040286  
-0.291676636  
-1.480456711  
-1.460234786  
-2.086068117  
-1.020673865  
-0.3739173435  
0.002596892958  
-0.4346945115  
0.1893664275  
0.5389318468  
-0.6953759548  
0.3854714687  
0.7281494356  
0.01320882081  
-0.4507064438  
-0.25046674  
-0.1078501829  
0.31216078  
1.000615387  
0.4078913784  
0.4531652083  
0.09451085761  
-0.1942411147  
-0.4402061869  
-0.3578609751  
0.5269626311  
0.5632899404  
-0.580859363  
-0.523376516  
-0.1935854494  
0.06151444349  
-0.3205798506  
0.02951091546  
-0.2184132711  
-0.3238221523  
-0.4896316238  
0.2751812366  
0.451602849  
1.386228541  
0.106711882  
0.8216890623  
1.518084889  
0.8711316665  
0.6370120696  
-0.6361110338  
-1.318238267  
0.4648606281  
0.7125013949  
0.3150508274  
-0.03412504225  
-0.5444769051  
0.223918986  
0.4484945522  
1.012447772  
0.4158901381  
-0.2107810189  
0.01129570522  
0.4527956783  
0.8498365453  
0.3699731711  
0.6797061176  
0.07542633928  
0.417506011  
-0.125223169  
0.2098513888  
0.3111139066  
-0.4890877384  
0.9578317773  
-0.07413268121  
0.4775059165  
2.302377196  
1.312884353  
1.015658739  
0.3676000033  
0.327471433  
0.2534853595  
0.05605864396  
0.1431996642  
0.2174986828  
0.5038766095  
0.2730825405  
-0.9556646749  
-0.03042678243  
-0.1723401979  
-0.0393956946  
-0.7602627105  
-0.03070542038  
-0.8510175583  
-1.017450092  
-0.383432898  
-0.8105069935  
-1.028360955  
-0.7784320889  
-0.5895059563  
-0.5448211805  
-0.04817697876  
0.6425491  
-0.4571613138  
-0.332768244  
-1.101375893  
-0.9155412103  
0.104217495  
0.4484762948  
1.150713861  
0.5716060113  
-0.5617949322  
0.4742582127  
1.337871612  
3.132288515  
3.346718975  
2.271654822  
2.326667114  
3.310496145  
3.304302082  
3.461025513  
2.942301416  
2.698001763  
2.825689274  
2.132762321  
2.775025931  
2.454189281  
2.513075704  
2.034175717  
1.725070812  
1.592302411  
2.282025204  
2.181034109  
2.09663279  
2.698344261  
2.427774451  
2.381543237  
2.489856213  
2.880514877  
2.455820677  
2.19801442  
2.187205868  
1.567875421  
0.5918295186  
0.3887376141  
0.7336106992  
0.4216255729  
-0.2803302568  
0.5016657741  
0.5876421183  
1.400147107  
1.651546743  
2.044382766  
1.895484917  
1.489237298  
1.74643  
1.646008472  
2.143598275  
1.306845341  
0.726433461  
0.4995357626  
0.05973894858  
-0.3765870919  
-0.5904056301  
0.1324780651  
0.08778336657  
-0.08903004975  
-0.01199320108  
-1.022098641  
-1.072280959  
-0.1581872099  
0.2636137578  
0.3047655995  
-0.5230876322  
-0.8142934707  
-0.5485682765  
-0.1814331581  
-0.847495618  
0.1254388836  
0.2607999276  
-0.3271579559  
-1.061544452  
-1.719809652  
-0.2500168107  
-0.1243428682  
-0.7794934095  
0.3302819215  
0.2149492519  
-0.4503194871  
-1.032689572  
-0.8610951321  
-1.517987984  
-1.442728317  
-0.8199175294  
-0.3722026676  
-1.13951856  
-0.5040407689  
-0.7321532594  
-1.008571821  
-0.1865228053  
0.6897529605  
-0.118931312  
-0.4011465831  
-0.4993624622  
-1.186765078  
-0.9251661585  
-0.29569092  
-0.7215236647  
-0.1510153103  
0.02800232893  
-1.116395824  
-0.8270938708  
-0.4261746493  
-0.1188027124  
-1.094220066  
-0.7906014714  
-0.8314226218  
-1.493131411  
-0.7085481055  
-0.9162341456  
-0.8446636129  
-0.539531155  
-0.7381563762  
-1.209249479  
-0.9120173937  
-0.6525943146  
-0.8639034228  
-0.3351397051  
-0.5649451429  
-0.4059590966  
-1.575314524  
-0.7826615779  
-0.8871017126  
-1.067061548  
-0.2949735124  
0.2377316602  
-0.6909575248  
-0.3790232604  
-0.6769158854  
-1.656446726  
-0.6734010976  
-0.3998699264  
0.3915931021  
-0.41470109  
-0.4436602806  
0.4493999372  
0.02622681778  
0.296599536  
-0.5712936095  
-0.830151118  
-1.781177033  
-1.327090852  
-1.502532415  
-1.436839246  
-1.786491533  
-0.9737630956  
-1.736185094  
-1.214688423  
-1.151342702  
