0.7317756608  
0.09012111002  
-0.6983949118  
-0.6587886278  
0.1952876223  
0.6483642237  
0.08299938104  
-0.127276646  
0.5849409314  
0.3261790396  
1.026360274  
1.243741799  
0.6637824325  
0.7188151963  
1.133068339  
1.103104273  
0.8361919719  
0.3759516398  
0.07228213029  
0.2316506068  
0.1051868743  
-0.8367910059  
-1.595709265  
-1.877176326  
-1.783111311  
-0.5125872811  
0.0160095057  
-0.7799431401  
-0.9730968382  
0.2732181041  
-0.7660144428  
-0.05352003153  
0.1094118862  
0.006430870127  
-0.1598658164  
-0.773196813  
0.03274116679  
-0.01248066659  
0.519325214  
0.6962291913  
1.070173652  
0.109181994  
-0.00543915248  
-0.1631615224  
-0.9085209829  
-0.6170050962  
-0.2996218092  
0.4538921348  
-0.1665529506  
-0.1753462724  
0.6367810762  
0.5602944974  
1.053813842  
0.7371302113  
0.9464916451  
0.8838269009  
0.7282348287  
-0.6878068746  
-1.545388581  
-1.758926472  
-1.439878524  
-1.344710603  
-1.60726495  
-1.865368758  
-1.611032628  
-0.5167272324  
0.489298625  
0.1022758804  
0.7926775637  
0.9921086169  
1.150395631  
2.038434738  
1.812180971  
1.746185332  
1.900982177  
1.944401362  
1.306455423  
0.2298851288  
0.4291663941  
0.8740728322  
-0.1933288376  
-0.3164267007  
0.1703300331  
-0.3477241735  
-0.5544661177  
-0.8922999534  
-0.9210661344  
-1.035781864  
-0.851156161  
-0.8751619572  
-0.8921442533  
0.1190567989  
-0.002457548607  
-0.1712964661  
-0.5583429188  
-0.6964208937  
-1.526727239  
-0.4937268135  
-0.4651518236  
-0.9592178652  
-0.9015213988  
-0.5026321278  
-0.2873134409  
0.5755001745  
0.9792131795  
0.2290292416  
0.8511751579  
0.6387332044  
-0.03905965228  
0.2478706913  
0.1319791243  
-0.1055208152  
-0.8971637317  
-1.66178815  
-1.632166893  
-2.46035457  
-2.310034769  
-1.221899736  
-1.514541166  
0.603197933  
0.7562812739  
0.5612923241  
-0.1615121864  
-0.349603013  
-0.5480075359  
-1.029361978  
-1.543834988  
-0.8615946922  
-1.219976203  
-1.798712234  
-1.838761968  
-1.882491752  
-1.22661762  
0.001542793095  
0.7356181636  
1.098968335  
0.1395692089  
0.429003395  
0.5251133456  
1.00184375  
1.621592369  
1.455474082  
0.8470413063  
0.111724222  
-0.7388784236  
-0.6278442998  
-0.4228543906  
0.06207272617  
-0.4766650385  
0.2783147048  
0.6158126115  
0.6325607184  
0.003323620247  
0.8888896095  
0.5504653048  
0.6253914788  
1.003862136  
1.600856319  
0.8020444006  
0.04441075488  
-0.6672470268  
-1.197023348  
-0.4092008778  
-0.2053646835  
0.6353913508  
-0.04802138564  
0.1550925707  
-0.01515847944  
0.434826  
0.5345391301  
1.456952482  
1.650946824  
1.284105885  
1.116927855  
0.2855994697  
-1.060839952  
-1.244673117  
-0.8145591959  
-0.9631579671  
-0.70136258  
0.3935807365  
0.361480832  
0.234075515  
0.6041063561  
0.1088833495  
0.7725946233  
1.472076849  
0.7912560575  
0.6798891843  
1.007493287  
-0.5401355136  
-0.1565949346  
0.4572513745  
0.9609667656  
1.207144182  
1.220354706  
0.540777349  
-0.5986825858  
0.0333482166  
1.458791429  
1.223374283  
1.60061379  
1.622196183  
1.355585076  
0.8491337037  
0.5675798315  
1.293351597  
1.210515233  
1.943963131  
1.416496819  
0.8114574818  
0.4901234678  
0.8447349217  
0.8152280401  
0.1447151859  
-0.4008820709  
-0.2462532803  
-0.3878203478  
-0.5937438428  
1.003620731  
-0.6766136473  
-1.042718492  
-2.322828054  
-2.949918309  
-2.223524266  
-1.524636359  
-0.7317286776  
-1.101481078  
-1.370703977  
-1.362834058  
-0.8266553137  
-0.186086033  
-0.05508285779  
-0.7779728294  
-1.617732206  
-1.982834106  
-0.4063272007  
-0.2901875782  
-0.8202126625  
-0.1082519949  
-0.08653767615  
0.6714239845  
1.191400491  
0.4859914205  
0.03773688863  
-0.4653663522  
0.8201233511  
0.4580157814  
0.9557950869  
0.6371623482  
1.1672258  
1.190648532  
1.907360254  
1.999827183  
1.607172227  
1.936291637  
1.207047903  
0.7031787516  
1.068894653  
1.410394918  
0.2862130916  
-0.09687588486  
-1.048298643  
-2.053132789  
-1.224381266  
-0.2675056748  
-0.1151812408  
0.1319642936  
-0.1118324058  
0.02463455198  
-0.4350320514  
-0.7192408142  
-1.221468144  
-0.7170915509  
-0.9706587692  
-0.9765609366  
-1.243972156  
-0.5563436983  
-0.5307948296  
-0.2666714156  
-0.7089562265  
0.3589754123  
0.6622448889  
1.317758443  
1.76924236  
1.309633033  
0.8620123116  
-0.2077254967  
-0.7669115285  
-0.8114948031  
-0.584812616  
0.1883312078  
0.2796314098  
1.113548544  
0.9243791034  
0.8317780716  
0.3302334166  
-0.2152258757  
-0.1801255983  
0.5065403188  
0.9422231696  
1.000228188  
-0.004838703381  
0.2584904847  
0.4008237768  
1.044791957  
0.7663337786  
0.5257020606  
0.1695646873  
-1.078521036  
-2.349938878  
-1.424416381  
-1.067113825  
-0.6872044503  
-0.6877167427  
-0.3218164885  
0.3767802099  
0.3129701446  
1.038200262  
1.777860135  
0.9073914481  
0.9986044018  
0.4549038627  
-0.1295507216  
-1.956378036  
-2.286337219  
-2.453322376  
-1.932172407  
-1.81109596  
-1.563328267  
-1.437758639  
-1.425783379  
-1.403196981  
-0.4578453491  
0.08839387442  
0.2768553804  
0.5451200368  
0.1599177328  
-1.101806303  
-1.025805054  
-0.7468852171  
0.898965046  
1.715266082  
1.927011078  
2.192013567  
1.905576975  
1.924319059  
2.124187351  
1.470019853  
0.7297158506  
0.8991845805  
0.02543226579  
-0.0722833943  
-0.3892681568  
-0.9020635083  
-1.209220359  
-1.387409237  
-1.455217717  
-1.358133002  
-0.8038544077  
-0.02083214381  
0.2666396111  
0.2521774073  
-0.6763726539  
-1.095441054  
-0.6668952752  
-0.0411094185  
0.07892412568  
-0.677838635  
-0.282042235  
-1.152988303  
-0.8891063582  
-0.2705318926  
0.4539599879  
0.4812846546  
-0.2370108158  
-0.3539132059  
-0.6671511438  
-0.2715608343  
0.2575038063  
0.1713803088  
0.8112247481  
0.6685746725  
0.6062058025  
0.7161137463  
1.175960755  
1.216059527  
0.6027068346  
1.012746595  
0.06224292235  
-0.8465416688  
-0.8747550998  
-0.03414785513  
0.8542408642  
0.9908954336  
1.200657503  
0.6607917973  
0.4320459554  
0.7472442029  
1.435092595  
1.498124374  
0.4533190921  
-0.09631766065  
-0.2682594969  
-0.234839126  
0.4452134441  
0.9596166954  
1.213238181  
0.5394603089  
0.3397209477  
-1.037168018  
-0.6743532435  
-2.011623301  
-1.566338022  
-1.715690288  
-1.154465408  
-1.198530829  
-0.921433533  
-0.6575299585  
-0.5441980857  
