2.039948778  
2.442863805  
2.419323758  
1.43860506  
1.062604623  
0.558331643  
0.09789277414  
-0.5383932882  
-0.272151414  
0.3746429033  
-0.3973159489  
0.08174277338  
0.3846306668  
-0.0005149394342  
-0.2833828168  
0.432297088  
-1.079747449  
-1.697506855  
-0.7769210648  
-0.7104527448  
-0.6297869713  
-1.082323802  
-2.338778834  
-1.74371901  
-1.680908574  
-1.109578354  
-0.4140686835  
-1.120489081  
-0.4010270507  
-1.382313378  
-1.953515996  
-0.9832367862  
-1.296773464  
-1.253649268  
-0.007521392346  
-1.095886246  
-0.5970075004  
0.08950977249  
-0.266586105  
-1.17742488  
-0.7276429605  
-0.3371792752  
0.6857249479  
0.5132234041  
1.593480157  
1.446673784  
-0.5823018939  
-0.232486881  
0.6487526172  
0.7875238624  
1.07384589  
0.4847673069  
-1.307450873  
-2.317489363  
-0.5755097122  
-0.02901863834  
0.0004000816355  
0.3022252666  
0.07465023158  
0.2315471136  
-0.2322083501  
0.2582917192  
-0.7586963089  
0.09843609048  
-0.09185239845  
0.5646121363  
-0.1987716143  
-0.06585882765  
-0.3463789253  
0.4710606829  
2.11843587  
0.984559516  
0.702577486  
-0.5566255511  
1.18338309  
0.2399704412  
0.8715073317  
1.326259816  
0.6461845216  
1.381303621  
1.228345144  
1.150378337  
0.897375783  
1.181310127  
1.346733131  
1.00151414  
0.8794295921  
-0.5091078929  
-1.038911439  
-0.947682071  
-0.06244269975  
-0.6944555267  
-0.9696392078  
-0.8800369269  
-0.6663920668  
-0.236786766  
-0.2988424287  
-1.344973881  
-1.039161463  
0.2018003888  
-0.2213568817  
0.3398533124  
-0.2146046074  
-0.9290593066  
-1.07127448  
-0.625464616  
-1.081973105  
-2.082899921  
-0.7295947392  
-0.2510328834  
-0.3807004697  
0.7537851877  
0.675733102  
1.366363094  
0.7378769856  
0.8416152719  
1.811546587  
1.776421637  
0.5634120872  
0.08811550832  
0.06791382988  
-0.4792563164  
-1.277506458  
-0.7136568694  
-0.2551257057  
-0.1839792413  
-0.4025516808  
-0.5067124193  
-0.958783544  
-1.069145208  
-1.545320849  
-0.982035176  
-0.5280170783  
0.1025231094  
-0.1858247345  
-0.9094742529  
0.1210384981  
0.1200726985  
2.227546093  
2.583519188  
2.321872528  
0.5237906985  
0.5530124744  
1.015196212  
0.7132353501  
0.8153509516  
1.170950797  
-0.0656031861  
0.1855019494  
0.03410379691  
-0.6021211927  
-0.4329767706  
-0.8605349706  
-0.1868962652  
-0.06926922962  
1.235871194  
0.77782657  
0.3664264992  
1.057295405  
0.6306659647  
1.249624814  
1.167768787  
1.920253492  
1.505149193  
0.2883620976  
0.1088643712  
0.2605818144  
-0.7794112718  
-0.8621686058  
-0.8536864201  
-1.274931543  
-1.10584917  
-2.093504121  
-2.079701664  
-1.394778378  
1.056226991  
1.554804094  
0.7178466254  
-1.495135581  
-2.666742281  
-0.9012822358  
0.5640583906  
1.717588437  
1.478946993  
0.4832422718  
-0.0533266617  
-0.003037273753  
0.8933853147  
0.4967911859  
-0.3823462495  
-0.2559301188  
0.761634228  
0.7653453692  
0.9285295649  
0.4231850627  
-0.6780032568  
-1.342710723  
-1.160590654  
-0.9184826924  
-1.076097008  
-0.3436615842  
0.7593608835  
1.090148408  
1.14810213  
1.30939277  
1.435419159  
1.437237049  
0.8532605314  
0.09085440309  
-0.3179675601  
0.5542949804  
1.51160974  
0.7418091022  
0.3392616203  
-0.3553986995  
-0.7863899533  
-1.349000666  
-0.607118679  
-1.493281497  
-1.666751889  
-1.638586909  
-2.004819509  
-0.7074816158  
0.226698028  
-0.3078270737  
0.04346705805  
-0.8062597113  
-0.8836992202  
-0.9938087994  
-1.000938653  
-1.389825926  
-0.8318609141  
-0.6135704755  
0.5638995232  
1.030973734  
0.7192167555  
0.002467366836  
-0.03774427668  
0.4103087747  
0.3963775696  
-0.1261100781  
0.5729349933  
0.7629897158  
0.8350245736  
-0.4140464616  
-0.7969953198  
-0.6457602423  
-0.2443794708  
0.8091793952  
-0.2184425471  
-0.9349709364  
0.389155479  
-0.1537927518  
-0.1887587665  
0.01817868805  
0.3911894199  
0.5373783106  
0.2375081316  
0.06884201095  
0.02738180606  
-0.4281753063  
0.8683930668  
0.9133607982  
0.02989563931  
-1.257199804  
-0.7297977719  
-0.9407990148  
-0.2840580803  
1.21032147  
0.3245221843  
0.6591661253  
0.5990639466  
0.7982008312  
1.439468594  
1.671698376  
2.906026619  
1.710372402  
0.8807484149  
0.1605875572  
0.7216934517  
0.6437022954  
-0.5699620107  
-1.293336062  
-0.2697024766  
-0.6831027574  
-1.304785182  
-1.230118098  
-0.2015888787  
0.4564755205  
-0.3542389058  
-0.1544565499  
-0.5229281544  
-0.782017242  
-0.3000160599  
0.09205411126  
1.056603677  
0.3709426419  
0.1168078301  
-0.1640885249  
-0.9316734531  
0.002896019829  
0.7404074091  
1.3848828  
-0.9417830518  
-0.3126702341  
0.004727717016  
1.096825555  
0.7717411939  
0.7376683726  
-0.2867741282  
0.08649021279  
1.009864485  
0.6577418206  
1.590332611  
1.467206786  
-0.9612862154  
-1.441828128  
-0.2394086199  
0.2172603262  
1.366567585  
1.726388121  
0.5392667008  
-0.926494567  
-1.122223956  
-0.5632256502  
-0.3685654229  
-0.8239469863  
-0.5623583466  
-0.06181850335  
0.3313326831  
0.8759888919  
0.6355073988  
0.216894109  
0.1673009218  
0.646068475  
1.166451484  
1.288120552  
0.5530980311  
-0.326776979  
-0.3054594139  
0.3701891375  
0.2412123328  
0.8416372447  
0.3504279727  
0.7724399715  
0.6154513511  
-0.0827495258  
0.7700615731  
-1.647194345  
-1.790748139  
-1.126355598  
-1.100616502  
-0.2968805265  
-0.3477051191  
-0.3850840721  
-0.0110179569  
-0.7198317364  
-0.5672784984  
-2.095318367  
-1.37528744  
0.07663953845  
0.07420073866  
1.182498521  
1.287929406  
0.4211160529  
-0.7536787139  
-0.5471287799  
0.413716625  
1.218136646  
1.219675955  
0.4458466635  
-0.4480666167  
0.4057446402  
1.156722936  
0.8560160307  
1.350515466  
2.203423845  
1.286443219  
1.003757503  
2.315410475  
1.880579542  
2.779072672  
1.118169891  
-0.6622396333  
-1.224043473  
-1.760046369  
-1.139155491  
-1.044064935  
-0.3226099364  
-0.9983405322  
-0.5682844798  
1.015564597  
0.05134649727  
-1.402586591  
-1.704603864  
-1.178295869  
-0.6068094483  
0.5610721631  
-0.7040045814  
-1.169793525  
-1.761280693  
0.009001230283  
-0.8248875937  
-1.151994646  
-2.295988092  
-1.253553232  
-0.5209762864  
0.6968900513  
0.1000799252  
0.4488292127  
0.966693141  
0.7265118069  
0.8191293012  
0.9249270035  
-1.041363291  
-1.79281644  
-1.397550715  
-0.4361511293  
-0.6345745082  
-2.205215834  
