0.6917795047  
0.409695785  
0.9248110856  
-0.2817727663  
1.296793193  
0.6133067752  
0.7399746539  
1.129487592  
-0.6969713394  
-0.2862355255  
-0.4796958953  
-0.7778221833  
-0.3345967435  
0.5179518601  
-0.0988151674  
-0.2851878768  
-1.28041945  
-2.136685448  
-0.4766183447  
-0.1044983571  
-0.2223226365  
-1.224378334  
-1.574364524  
-1.243644958  
-0.6751493234  
-0.6231330404  
0.3373643264  
-0.8092535  
-0.268068148  
-0.5735401151  
-0.2504108495  
0.7026865259  
0.3480363915  
-0.3178049299  
-0.9558913235  
-0.6538891091  
0.1255727193  
0.1306436515  
1.100577771  
0.9665599975  
0.3309882574  
-0.5625932608  
-1.184798524  
-1.476466633  
-0.8795779407  
-0.04065346617  
-0.5092090382  
-0.7142220321  
-1.346534493  
-0.8723871727  
-0.24901391  
0.1347285595  
0.5584201006  
0.4454224793  
0.6490857778  
1.07378108  
0.886848448  
0.5625369789  
2.685312318  
3.15300185  
3.918459254  
2.210209231  
0.3089828726  
-0.4490800377  
-0.8269880265  
0.5144585955  
1.7534965  
1.384194851  
0.8879976501  
-1.219551036  
-1.293051476  
-1.321999057  
-0.4118699108  
0.1731730872  
0.5520003487  
0.1508345363  
-0.3624386445  
-1.094912838  
-1.513770205  
-0.5815867557  
0.4251429477  
0.9487457286  
0.6056199657  
0.04329196091  
-0.1690356649  
-0.6324645872  
-0.232153514  
0.6967197886  
0.5027716671  
0.3827683239  
-0.5067464939  
-0.3774793467  
0.6947420553  
1.423479639  
0.9139577082  
0.7504466855  
-0.7751305831  
-0.557188497  
-0.1045026179  
0.5302825741  
0.9538929178  
-0.1784951621  
-0.0487404802  
-0.7939343224  
-0.8640942528  
-0.8622946302  
-1.649699832  
-0.7528568695  
-0.445090934  
-0.3077399097  
-0.1790062651  
-1.033013742  
-0.9477179033  
0.1898306831  
1.178664531  
0.8993742433  
0.7951104933  
0.5553798305  
-0.4080989022  
-0.1919886307  
0.4025369788  
0.2870319461  
0.8161640723  
0.0457476185  
-0.5084847841  
-0.7050205551  
-0.3162542895  
-0.1594300235  
-0.1426802575  
-1.839508666  
-1.297899241  
-1.507324929  
-0.5839612363  
-1.264569089  
-0.811428141  
-1.085787039  
-0.4543493883  
0.2267657177  
0.6047642147  
-0.3889906285  
0.1097784345  
-1.320708863  
-1.765837346  
-1.757411964  
-0.1733322148  
0.2938557586  
1.255880288  
0.6188881532  
-0.2473368526  
0.1770054559  
0.3975806296  
0.2452741475  
0.3820561498  
0.3670007263  
0.03145696241  
-0.181737614  
-0.5505222818  
-0.6015112373  
0.08313433828  
0.8902380529  
0.4697889093  
-0.68265684  
0.9840581524  
1.529001256  
1.0120065  
0.4707833131  
0.4909251115  
-0.5526157952  
0.1602152238  
-0.3901796211  
-1.066616201  
-1.185887881  
0.04090735153  
-0.05707519966  
-0.1361920391  
-1.324236381  
-1.070147567  
-0.6697055084  
0.08178380864  
0.7233049319  
-0.1566385498  
-1.185091297  
-1.234342374  
-1.556914058  
-1.252634031  
-0.02594586727  
-0.4207366087  
-0.1510640261  
0.2429029657  
0.7195639592  
-0.04621085839  
1.065408509  
2.849780652  
2.819723479  
3.15487746  
3.603660369  
2.402141795  
-0.03581960525  
0.5646760521  
0.4473535546  
1.475515433  
1.268216045  
-0.04842580981  
-1.13800661  
-1.453466119  
0.1463387243  
0.1386377732  
1.072579022  
0.4222379373  
0.3120031289  
-0.9655282012  
-0.276735684  
2.099320857  
1.647372774  
1.249564954  
0.08493686577  
-0.4606112833  
-0.5986106908  
-0.4871145247  
-1.042183922  
-0.9845744246  
-1.063690201  
-0.2608289797  
-0.5342568109  
-0.6661633722  
-0.5287525383  
-0.1445058693  
-1.383505503  
-1.319829381  
0.4306161688  
0.3412038668  
-0.203133575  
-0.5341258283  
-0.6114752466  
-0.618277943  
1.072969366  
0.882847723  
0.9176227889  
-0.03381842231  
0.2980146595  
1.611359338  
1.153522196  
2.91986549  
2.825774511  
1.163393754  
0.6349614759  
-0.7523787974  
-2.061395077  
-1.629150725  
0.228604876  
0.8596723921  
-0.3146415512  
-0.05415605567  
-0.1962567951  
-0.465359234  
0.6562430541  
1.325894221  
0.6079314326  
0.9525974405  
1.039844463  
1.045737957  
0.8154620666  
0.7396684254  
0.1457785883  
-1.359326315  
-0.5896778785  
-1.221693007  
-1.060565343  
-0.5770758972  
-0.5628902178  
-1.117086092  
-1.581236083  
-0.9209006206  
0.2279225424  
0.158466228  
0.3002140626  
-0.9613407967  
-1.322049408  
-1.234197058  
-1.26045509  
-0.8233433777  
0.06723103143  
-0.06237900765  
-0.3109635038  
0.5005237752  
1.209333819  
1.610790904  
1.1309778  
1.60831477  
1.043008003  
0.5876058892  
1.503859245  
1.485151902  
0.2845216504  
0.5799524501  
0.9069115272  
0.5238360793  
1.126937761  
1.190511448  
1.242325267  
-1.376873549  
-1.683030267  
-0.9889151213  
-0.8847125365  
0.09200895408  
-0.1025086357  
-1.146115597  
-0.6770379461  
0.144013215  
0.6464877777  
1.019534682  
1.867318222  
1.8594986  
0.6556662922  
0.1520890238  
0.2804788115  
-1.236945155  
-0.690479948  
-0.2377837661  
-0.3927494814  
-0.2435840122  
-0.4738095477  
-0.02751926748  
-2.078295076  
-1.498950449  
-1.870629126  
-1.147035292  
0.1935708096  
1.265210939  
1.393394462  
0.4364646359  
0.7630794057  
0.8140474555  
-0.1613516249  
0.8007400258  
1.977029956  
0.8949749691  
0.3900486096  
-0.6591249261  
-0.7426037559  
0.3345704001  
1.19779248  
-0.05323259177  
-0.5008236047  
-0.1884528284  
-0.2106747351  
-0.6602282957  
-0.4511914501  
-1.085599801  
-2.283833792  
-1.307950105  
-0.304520193  
0.4267386317  
0.8581994248  
0.8239537224  
-0.8267160729  
-0.05425752394  
0.7682002877  
-0.1688212776  
-0.5422564089  
-0.6967576107  
-0.7482457583  
-0.7720963731  
0.8657725121  
0.2957025735  
-0.631403204  
1.159386284  
0.8379375772  
1.136036474  
1.936781146  
1.669148412  
0.2938005119  
-0.3891730561  
0.4541412166  
-0.5958953249  
-0.7833299468  
-0.644897789  
-0.9649592661  
-1.22562119  
-0.6876856363  
-0.5921379709  
-2.225040855  
-0.3241102822  
0.3398296573  
-0.8243657375  
1.034792835  
0.2425118544  
-1.185733055  
-1.534366177  
-1.450604942  
-1.441441648  
-2.073799066  
-0.6185169326  
-0.483512577  
0.3620633589  
0.8083296263  
0.2376444888  
-0.881558332  
-0.5387886879  
-0.1764078843  
0.1591521187  
0.04079549304  
1.181135186  
-0.2131609699  
-0.2801187875  
1.588575908  
0.9972900505  
-0.1574952204  
-0.02945812271  
0.6883820142  
-0.2476628856  
-0.652425297  
-1.204583449  
-0.7998234542  
-0.5932050631  
0.3442830435  
0.8353772797  
0.2172430671  
0.2315031022  
2.032426764  
