1.015502616  
-0.4071335598  
-1.300548868  
-1.260639883  
-1.536224043  
-1.838062719  
-0.8501898078  
-0.5086062645  
-0.5304016761  
0.2358456422  
-0.1906919809  
0.7516189956  
1.075979845  
1.194583711  
0.2681981851  
0.08270556445  
-0.05809947825  
-0.03084237005  
0.2889097357  
-0.9583796749  
-1.594993973  
-0.8784460669  
-1.742276104  
-1.795322287  
-0.837106822  
-0.5529573708  
-0.1377703105  
0.625941778  
-0.07611337661  
-0.571687663  
-0.972578522  
0.05604199267  
-0.2368238288  
-0.01659319645  
0.1326708609  
0.4594906851  
-0.4594673799  
0.3806486271  
-0.5076892959  
0.8668509299  
-0.01380374652  
-0.7419165473  
-1.485640891  
-1.388013469  
-1.347457106  
0.3382031692  
0.5138066192  
0.3506702549  
0.2553622325  
0.932486895  
0.8473310053  
1.467392967  
0.7411789206  
-0.7099185405  
-1.713147433  
-1.519619039  
-0.8311410611  
0.706836986  
1.913561693  
0.7697782601  
-0.2825974077  
-0.1724949313  
0.1145275136  
1.223613871  
1.961991632  
2.310973469  
1.339322652  
0.1714575072  
-0.3366014326  
-0.6775027648  
-0.2769863528  
0.4478662152  
0.4859935145  
0.4209474896  
-0.2850821465  
-0.9104799766  
-0.7885421981  
0.1928051127  
-0.5807809365  
-0.1321035841  
0.931535704  
1.438823731  
0.7096655113  
0.9381725461  
-0.07636656723  
0.1414424845  
0.4181479806  
-0.2235125656  
-0.3819042504  
-0.9864616642  
-0.08528087289  
-0.01492427955  
0.6687419478  
1.143837231  
-0.007081295412  
-0.8043713542  
-1.082455527  
-1.291046528  
-1.038746639  
-0.18030475  
-0.7613549351  
-0.3262115381  
-0.02032446208  
0.5411763731  
1.034025467  
1.828055679  
2.049399981  
1.761959579  
1.906376279  
2.631018413  
2.468037764  
2.194794756  
1.437554091  
1.952421765  
0.5539327003  
0.925138453  
0.8531884315  
0.4310478386  
-0.4207304679  
-1.345672169  
-2.282863558  
-1.527646833  
-1.159986742  
-0.8877555169  
-1.130087004  
-1.047332716  
-0.9220633541  
-0.263771711  
0.3925247749  
1.187036035  
0.816560948  
0.161511638  
-0.09195035173  
-0.3047476004  
-1.720516348  
-1.742470077  
-1.736487282  
-1.203104093  
-0.8623273327  
-0.05854547225  
-0.4631639396  
-0.2851651453  
-0.3812441969  
0.5666248851  
0.6384738224  
-0.08578759223  
0.6340036524  
-0.6966814186  
-0.02850076271  
0.2535053916  
-0.3525257045  
0.09040192024  
-0.03082160361  
-0.2260470257  
-0.5552565557  
0.1139694253  
0.2638732058  
-0.3064001261  
-0.01523639128  
0.3431120639  
-0.3151768286  
-0.28062663  
0.9349816877  
0.896386566  
-0.1148843986  
0.27752423  
-0.3639004631  
-1.116880112  
-0.7979562871  
-1.037165882  
-0.8047783973  
-0.3163823716  
0.1517071367  
0.07632923748  
0.3375761621  
0.04728022046  
0.7568260841  
-0.269550925  
-0.4541307004  
-0.4446543827  
-0.6813921763  
-0.9365372454  
-0.6284997632  
-0.9167885056  
0.4689924956  
0.9891739414  
0.53619956  
0.4364881254  
0.5172985357  
-0.110083224  
0.3276889473  
0.8227516285  
1.938334062  
2.321972291  
1.419729049  
1.114366317  
1.111522478  
0.7979562926  
1.210066029  
1.431863271  
1.514778661  
1.27037326  
0.7219330859  
0.8283547978  
0.2752731099  
0.3278121727  
-0.1332819929  
0.0390929638  
0.4266112983  
-0.3401048307  
-0.5562662363  
-0.942331638  
-1.166692983  
-1.377945781  
-1.117585895  
-0.8705101199  
-1.402852716  
-1.075928274  
0.06106200083  
0.6643416655  
0.9967411504  
0.9279400817  
0.7085809991  
0.58982821  
0.6421104455  
2.082298419  
2.397649089  
2.074058744  
1.42871943  
1.126689149  
-0.6173251139  
-1.286278505  
-1.381101018  
-1.7267037  
-1.091012732  
-1.14028028  
-1.641912262  
-1.838857723  
-1.052780436  
-1.658006447  
-1.275528838  
-1.309289224  
-0.9751073126  
-1.374665385  
-0.5756573126  
-0.5032149519  
-1.607272888  
-1.5071879  
-0.8771020477  
-0.1208479191  
0.3823641056  
1.804089744  
1.625129653  
1.980091073  
0.8505025104  
0.6396065033  
1.28282873  
1.482443801  
1.501288383  
0.8747296783  
-0.3568757225  
-0.6565887805  
0.3195345803  
0.8939034706  
0.8272114335  
0.8402232189  
0.2914531292  
0.01875813505  
0.2459433389  
-0.02916338072  
-0.8601014085  
-1.172312855  
-1.347791787  
-0.7926182978  
0.1833547653  
0.7732151249  
0.4160613249  
0.4134835072  
0.06603261099  
0.3386873296  
0.3217337219  
0.8158978659  
0.03368419336  
0.1305902696  
-0.2206589512  
-0.2588248923  
-0.2142885318  
-0.3620124057  
-0.4280609625  
0.08832019519  
0.1923846553  
0.7559465438  
0.2531904026  
-0.06309592432  
0.01778667152  
-0.5018292375  
-0.1290611924  
0.6298132057  
1.330697362  
0.800273173  
0.8187459412  
-0.4215405851  
-1.210654583  
0.2868579061  
0.5542914776  
0.1943144909  
-0.3963427471  
-0.4942881538  
-1.400486047  
-1.824977587  
-1.166088546  
-1.28152491  
-1.035596455  
-0.5015757596  
-0.2976174794  
-0.1653052355  
-0.6301361417  
-0.3186593176  
-0.1345507906  
0.2482448334  
1.128044076  
2.284641531  
2.169020283  
1.102279385  
1.079138793  
0.5409389569  
0.1536588628  
1.054274137  
1.3772026  
0.5445284614  
0.924869708  
0.7617948473  
0.1881263254  
-0.4541310505  
0.7278854692  
0.040954572  
0.481472544  
0.1962356802  
0.9819460587  
0.7596072041  
0.5960017751  
0.9891946843  
-0.01366344887  
-0.425766029  
-0.5597088935  
-0.08054402312  
0.1220345522  
-0.563622392  
-1.096703406  
-1.134588558  
-1.188866679  
-1.30209227  
-0.2952206333  
-0.5163046969  
-1.010040773  
-0.9733357041  
-0.6213768376  
-0.6301660871  
-0.5559925873  
-1.057675643  
-1.162466833  
-1.369857273  
-0.396882951  
0.08289637123  
0.08388765398  
0.2061162574  
-0.02296153981  
0.2402590568  
0.1509658865  
-0.5118454779  
-0.8787219263  
-2.576929629  
-1.597255882  
-2.160433818  
-1.345883805  
-0.2083084419  
0.5255738471  
0.4069763689  
0.7763495997  
0.8188540546  
1.006787156  
1.159102292  
2.499037499  
2.110235127  
2.112141897  
3.163387378  
1.867883766  
1.246706554  
1.162535768  
0.2893566692  
0.9917470854  
0.5597068468  
0.3166405057  
-0.0790787519  
-0.8431188461  
-1.336980235  
-1.853504707  
-1.687135884  
-0.5226270307  
-1.163778185  
-1.222643643  
-0.7000288995  
-1.029360398  
0.2541505063  
0.4670437396  
0.349743929  
-0.377262509  
-0.6538015724  
-0.8527420848  
-1.319216152  
-1.165572181  
-1.328907428  
-0.6509267399  
-1.204284059  
-1.156993186  
-0.08088671152  
-0.03477004104  
0.5904855094  
1.289021896  
2.395722881  
