0.8883829149  
-1.377236852  
0.6482868562  
0.06807886976  
-1.356330734  
-0.03090667748  
0.5034078815  
1.101691741  
1.222236989  
-0.2135005119  
0.9153624481  
1.248477789  
0.7248039895  
-0.1438874743  
0.01974472262  
0.09868829252  
-0.6122479864  
0.6862840926  
-0.2265502973  
0.1175657675  
0.2640516224  
-1.049005224  
-0.1317053165  
1.201979576  
-1.411749348  
-0.355514838  
-1.165059322  
-0.07983362589  
1.237116915  
0.8838168624  
0.08851097917  
0.4621231654  
0.05892829077  
-0.01522149301  
-0.9560131736  
0.4353266783  
-0.4042914383  
1.307629875  
1.770686133  
-0.132746677  
0.7061106274  
-1.462744667  
0.1575173334  
-1.7659066  
0.4802259878  
0.9677374142  
1.269503598  
1.239863473  
0.05041839899  
0.2157949154  
-1.839916145  
-0.7008980092  
-0.6468975932  
-0.5476231769  
-0.5035188154  
-1.325215677  
1.139298731  
1.824810025  
1.727123288  
0.5241205223  
-0.3375891999  
0.7943997365  
-0.6846629217  
1.529983672  
1.330397848  
-0.281642711  
-0.5086472812  
-0.719146118  
-1.238620577  
0.2752704768  
0.09106901165  
-1.21769664  
0.01355119679  
-0.9288372795  
0.6418669336  
0.1029726009  
-0.1604404057  
-0.116189796  
-0.137290178  
-0.6016673101  
-0.2391466608  
0.4709645715  
0.04654293885  
-0.2259843021  
-2.312422529  
-0.8722844546  
-1.273243868  
-0.1679755076  
0.08069738244  
-0.4103317882  
-1.952430083  
-0.789981297  
-0.9592316776  
0.4712463313  
-0.3067677813  
0.1846330814  
1.403463876  
-0.2268708725  
-0.09396330804  
0.3334084002  
-0.3270793133  
0.1953695728  
-1.174670597  
-0.08136905729  
-0.7041493106  
0.04710031889  
-0.6648711958  
0.08156920453  
-0.8363398787  
0.6019295668  
0.1685037907  
0.07738729399  
-1.140989915  
-0.336524499  
-0.7904618571  
-1.15575451  
0.5029514748  
0.3530597744  
-0.2776810116  
-0.3152866087  
-0.2905273198  
-0.4454322298  
0.7569994876  
-0.694183866  
-1.235390356  
0.2064442254  
-0.1350951013  
-0.1353746845  
-1.215593727  
1.251019428  
0.2831231655  
-0.4832814234  
-1.542190115  
0.09253789655  
-0.4893778184  
-0.8773331439  
0.3547633398  
1.11723927  
0.3073369451  
-0.6361089208  
-0.2192662367  
-0.3626396702  
1.373050823  
0.1834014231  
-0.5542423164  
1.068675991  
-0.4208193876  
0.3388083861  
0.2900384427  
0.406259565  
0.7506961228  
-0.7628511636  
1.284383547  
-0.5650507542  
-0.6119929122  
0.4039807006  
-1.512963537  
-0.8528096039  
-0.102176376  
-0.7231079543  
-1.01336833  
-0.5911919693  
1.782582013  
0.965524676  
-0.008762817825  
0.5394081435  
0.3107958486  
-0.6591429591  
0.04831078292  
-0.650583787  
-2.122037382  
0.7948338012  
1.128217463  
-0.6157995756  
-0.8991512385  
1.092155451  
-0.1159361239  
-0.7874078618  
0.4315080348  
0.2577701463  
0.2498112138  
0.1011133322  
-0.2826410669  
-0.8932898833  
-0.6789306373  
-0.3993162769  
-0.5780735233  
0.02276637391  
-0.09495427763  
-0.3777355899  
3.09615524  
1.841012824  
0.548462161  
1.861321968  
-0.4198315477  
-0.6644507096  
-0.9768444591  
2.174546863  
0.6827430668  
0.5163173917  
1.349979132  
0.8574917735  
-1.401974992  
1.025511341  
1.708409807  
0.1822627829  
-1.014808675  
1.99660947  
1.022586803  
-0.2970399734  
0.2850035494  
0.7967893887  
2.33584728  
-0.2635736329  
0.417973287  
1.528684936  
-2.605776532  
1.246232238  
0.9488545018  
-1.687017054  
0.4619473741  
1.146098121  
0.8171506564  
-1.114511257  
0.4580558542  
1.935760771  
-1.525578445  
-0.2085410649  
0.4072646384  
-1.452930615  
-1.237552825  
1.464994395  
0.3798990608  
-1.728566617  
-0.8159021341  
1.171128876  
-2.088257747  
-1.160717149  
1.653478295  
-1.030353537  
-0.04476375683  
0.9104505427  
-0.02683561255  
-1.030834197  
-0.9328101739  
1.321511181  
-0.7963583672  
1.470776719  
0.6386769879  
-1.302457888  
0.697832511  
0.07589699955  
-0.3785163594  
0.9187540427  
-0.9559460206  
1.1088953  
-0.676349359  
-1.005630771  
3.436390013  
-1.543189638  
0.9144682478  
0.3325854723  
-0.2638161405  
0.05529112047  
-0.6146823501  
-1.083330444  
-0.9715535699  
-0.2728789286  
1.092470655  
-1.320711584  
1.422735814  
1.716167997  
-0.6086393788  
1.383229431  
0.5695339142  
1.162977387  
1.102606036  
0.519939642  
1.706814225  
-1.591215602  
0.9417134691  
0.9989308663  
-0.2973740679  
1.399366526  
2.126563878  
-1.720656243  
0.162880945  
1.488409729  
-1.444129957  
1.331640109  
-0.651262369  
-2.249106903  
-1.031827186  
-0.7074538965  
1.955861905  
-1.402409391  
-0.9361666362  
-0.418589502  
-0.1536737885  
-0.4280635396  
-0.5787184714  
1.709554045  
0.3159640934  
0.6561101601  
1.154080535  
-2.004704227  
0.2430912877  
-0.9423261079  
-0.2838349937  
-1.485637262  
-0.8612018506  
-0.9501523178  
0.2283334128  
0.4876796145  
0.3465367503  
0.6605243111  
-0.649152447  
0.8827164233  
-1.433801611  
-1.072490292  
0.4496492967  
0.5728741238  
0.6628704555  
-0.1532458615  
0.8794919163  
-1.094751805  
-1.135036437  
-0.5603811402  
-1.831648579  
-0.4167543755  
-2.340845241  
0.8619425469  
0.8559451573  
-2.238625383  
0.7334267129  
-1.061253545  
-0.3025183921  
0.9730122318  
1.498831617  
0.6708101666  
0.2338309067  
-1.303135134  
0.7145731906  
-0.8651548576  
1.37874607  
1.063130993  
1.525781111  
0.5244704645  
0.796720245  
1.361495519  
-1.108595912  
1.921779614  
-0.7955401202  
0.3758237078  
-0.7416196612  
-0.9691246645  
1.887625304  
-1.379299753  
0.6681299867  
1.411580055  
-1.362891347  
0.2728530872  
0.04771642079  
-1.667043567  
-1.010298314  
0.6217890802  
0.2220084808  
1.961391902  
0.7333916881  
-0.8798125573  
-0.9581334467  
0.02641226012  
0.3021190946  
-0.5585794564  
-0.5834310999  
-0.4249799137  
-0.4538656844  
0.8354382375  
1.221687178  
-1.451836798  
-0.4510972863  
-1.504160252  
-1.917967185  
-1.056143154  
-0.1403612037  
0.01667832674  
-0.5730088134  
-0.782690047  
-0.6283044537  
-1.039262401  
0.7441407204  
0.8922335066  
-0.1169278303  
0.01021602116  
0.432175489  
-1.132830119  
0.07974691105  
0.3597048236  
-1.874329749  
-0.976034354  
0.6240852075  
0.7773177074  
1.768095797  
0.1840779013  
-0.7884994953  
-0.986074895  
0.07024176273  
0.3438351813  
1.043215123  
-0.3096052975  
0.2977574764  
-0.07892056445  
-0.01458400485  
1.378219851  
1.273031065  
0.3674448277  
-0.6387751873  
0.9417857286  
0.913876907  
-0.8650097581  
