-0.09377889956  
-0.2399206431  
-0.8951096689  
-0.5184417269  
-1.333152959  
-2.507161203  
-2.01476858  
-0.1103812749  
-1.837005499  
-0.6249985005  
0.08635584643  
-0.5572188183  
0.3959596563  
0.3083286835  
0.4108208187  
0.06104844356  
-0.8389728245  
-1.196949761  
-0.3825045284  
-0.06303290346  
0.5075872469  
0.05034520658  
-0.8182063064  
-1.088868908  
-0.488939306  
0.6843894916  
0.661287033  
1.259669883  
1.023639201  
-0.9058833489  
-0.4052459016  
0.7505215561  
1.051079013  
1.596783684  
0.9939876963  
0.9586064533  
1.08287115  
1.779322383  
2.353634161  
2.314046083  
1.581693423  
0.2480750247  
0.8612712779  
1.126011605  
0.7521566596  
0.3335617962  
-0.7898629225  
-1.711410291  
-0.5237862593  
-0.7302760007  
-0.1240288907  
0.1957680355  
-0.1499693864  
-0.9693914276  
-0.6790860158  
0.04852112699  
0.1152577577  
0.8209727774  
0.6000171414  
-0.5761082188  
-1.553152417  
-0.2206300352  
0.2733151185  
0.8668645163  
-0.1795232026  
-1.040581694  
-2.067397379  
-1.516573611  
-1.024657117  
-0.6881642081  
-0.1174295447  
0.1349655312  
-1.170099341  
-1.136905588  
-0.3010221708  
-0.1392040626  
0.04728408526  
1.400790369  
0.9925637658  
1.137408343  
-0.5375071046  
0.1760695616  
0.1471076113  
0.7515729985  
1.45601449  
0.6580494354  
0.9060559628  
-0.4277758338  
0.07309880804  
0.9699736083  
0.01731868315  
-0.5727521167  
-1.496159307  
-0.2147380642  
-0.05688713444  
-0.1577326407  
0.3657094323  
-0.4969840261  
-0.5675492167  
0.002064735593  
-0.3471364912  
0.1146765806  
-0.6245692192  
-0.3715738286  
-1.419801162  
-0.513323846  
-0.5752706281  
-0.8537932702  
-0.8546138119  
-0.3474589446  
-0.1812513412  
0.5068324597  
0.8468724094  
1.143856384  
0.4500446657  
0.2354760667  
0.3307583334  
-1.861955912  
0.2190585161  
0.4561151911  
0.6745113628  
2.21976473  
2.141567406  
0.8041136748  
0.03977845199  
0.6151495251  
0.7035240412  
1.091948825  
-0.4153521687  
-0.04929165944  
-0.7713215997  
-0.1991611204  
-1.486868559  
-0.8835864304  
-0.8048890352  
-0.4528033668  
-0.4653330577  
-0.8311700153  
-0.8709794758  
-0.6330278818  
-0.2834502568  
-0.2050254247  
0.7704894272  
-0.04586635195  
-0.9771994828  
-1.784848173  
-0.7295973101  
0.3118621398  
1.544854476  
0.5718109561  
-0.8802301273  
-0.4296741766  
-0.5622578612  
0.3522744582  
0.2896420751  
0.473358888  
0.751089277  
0.008563969517  
1.099482731  
0.5081430062  
0.432052897  
0.4156142239  
-0.4167557028  
-0.6952201483  
-0.7665898386  
-0.3187191276  
0.3400592841  
1.031895648  
0.1969036235  
-0.7196896106  
-0.6085664958  
-1.127233944  
-0.4979136306  
0.6589099726  
0.7685073966  
1.075543299  
0.1289179138  
-0.09787331457  
0.7042775003  
0.793140944  
1.571211584  
0.2895081294  
0.3735822936  
-0.0824671767  
0.1820522318  
0.439485045  
0.8720466376  
1.149884212  
0.6811889078  
-0.7877647986  
1.03243332  
0.4438339545  
-0.6769171052  
0.3073331099  
0.7867393995  
0.9649255571  
0.4397376465  
0.4722815555  
-0.3564526578  
-1.686847571  
0.3654936681  
0.4509277723  
0.766697279  
1.29404309  
0.1555318519  
-2.007162184  
-1.813791424  
-0.819544334  
0.8499254493  
2.159341869  
1.290361186  
-0.2103011981  
-0.3703786087  
-0.9691620926  
0.4436639727  
2.298476345  
2.504745757  
0.7384843186  
0.2527603939  
-0.6628175489  
1.247833004  
1.25313484  
1.758935657  
0.934894567  
-0.620247722  
-0.6748626939  
0.02179635363  
0.8249287479  
1.636920148  
-0.1921685875  
-1.651882987  
-2.197355034  
0.214327877  
0.990076172  
1.516001954  
-0.06789117387  
-2.047601582  
-2.844558488  
-0.514261292  
-0.5722357456  
-0.7928096656  
-0.3577935841  
-1.135035864  
-1.824950998  
-1.069639299  
-0.4325746537  
-0.4484816839  
0.7404255111  
0.3190322444  
-0.03902149486  
0.2160037595  
1.390434121  
1.629272728  
0.4537736625  
0.1329865775  
-0.2192661597  
0.2685268999  
1.539785336  
1.490270526  
-0.02713579724  
-0.009971986157  
1.15300298  
1.643921381  
0.1099322881  
-0.4533453496  
-1.128430419  
-1.262804611  
-0.2471109167  
0.2296772358  
-0.2332599211  
0.4175685488  
0.03950255094  
-1.150667754  
-1.201866099  
-1.080846884  
-3.246358346  
-3.28700678  
-3.360942759  
-2.693875566  
-1.36168487  
0.3964231804  
0.350753097  
0.5150933994  
0.6967053839  
0.5595524311  
0.6311691651  
0.8986624973  
1.37552397  
0.3646188195  
0.1037710648  
0.08213644262  
-0.07917453206  
-0.05198542155  
0.1126712744  
0.02718541162  
-0.36706565  
0.382974899  
0.2924210389  
0.2036230786  
0.2952053954  
1.678948445  
1.605668532  
0.2861084652  
-0.5951435753  
0.3730087813  
-0.7940295159  
1.568821826  
2.811830859  
2.244305421  
1.307099718  
0.1447540047  
-1.21774001  
0.3279074737  
2.087352109  
1.156367927  
0.9058123114  
0.2374156266  
0.4555438355  
0.635920231  
1.701087123  
1.512765852  
0.6168034047  
-1.479665461  
-0.665469218  
-0.7844865114  
-0.7390014625  
-0.6364202374  
-1.314531003  
-2.027191202  
-2.044074182  
-0.6466934607  
0.08586271009  
-0.8462562931  
-0.4824061016  
-1.037835759  
-1.151471447  
-0.4544961507  
-0.4057340674  
-0.7941134076  
-0.3291087459  
-0.7123410695  
-1.342829214  
-1.109485833  
-0.4566108189  
-0.9942366467  
-0.8194781197  
-0.002251172482  
0.2623584434  
-0.4369264985  
-0.3075139277  
-0.9520075542  
-0.5622332486  
0.1195502715  
-0.375286492  
0.1358401861  
-0.6803519564  
-0.6080376532  
-2.011949717  
-1.487492238  
-0.6665791113  
0.5746273841  
0.7397887008  
1.376249332  
1.51245429  
1.681879027  
2.148010628  
1.447128289  
1.319099947  
2.270054352  
1.538977325  
1.161399659  
0.5190654257  
-0.3928370354  
-0.5774434327  
0.6714989653  
1.707230713  
-0.29324561  
-1.114803822  
0.1555092129  
-0.4883602136  
-0.09040398315  
1.058526958  
0.1591993765  
0.1680533203  
-0.6546714709  
-0.1510651526  
-0.6943337715  
0.1379425958  
0.07760159741  
-0.3484718647  
-0.7993722081  
-0.6801583349  
-1.297911934  
-0.1895397075  
-0.4504247072  
-0.426511602  
-0.4104070469  
-0.9324594653  
-0.5164844467  
-0.3852034798  
1.205012887  
0.8150381589  
0.6635685861  
-0.3236395226  
-1.209179725  
-0.9529825624  
-0.9341052469  
0.6410009583  
0.005776539606  
0.9868258098  
1.342477137  
0.7368636046  
-0.1533397336  
-0.5062510595  
-0.3530337863  
0.2226902048  
-0.07046231771  
0.8067365732  
0.02863636402  
-1.811978352  
