1.344057421  
1.579829411  
-0.7348207335  
0.2592839166  
0.6037445646  
1.534374929  
-0.4180500786  
0.293866694  
-0.5409506203  
-0.8626065203  
-0.1910901834  
-1.769886568  
-1.285982646  
0.1153455895  
0.2837799183  
-1.481168064  
-0.1837547514  
-0.1763850033  
-1.414083546  
1.679442369  
-1.485025855  
-0.8585815569  
-1.312635902  
-0.8560787463  
-1.414884627  
-0.2763777421  
-0.3258842545  
0.5947047026  
-0.08860942717  
-1.270737524  
-0.497500474  
-1.038068686  
1.593419981  
-0.1613561077  
0.08557797508  
0.02309974159  
-0.4146926021  
-0.2134634564  
-1.825202312  
0.3335909064  
1.872137804  
-0.04002003192  
0.3076522405  
1.347120242  
0.6292015898  
-0.6775567989  
0.1233486497  
0.2523169361  
-0.81898884  
1.052445564  
0.9776582671  
-0.2391624911  
0.8409577163  
0.04060330328  
0.1572518224  
-0.4982852013  
0.2035361689  
-1.292597809  
1.049245098  
1.045920171  
1.693111698  
-1.713413922  
-0.2877754331  
1.129537853  
-0.8455319668  
-0.8580680734  
0.1556424679  
0.7032725271  
0.346849956  
-0.4429914561  
-0.4963140106  
-1.202272205  
-1.427549272  
0.7344808379  
0.3785125872  
0.9075706623  
-0.4655860881  
-1.019243771  
0.4967669651  
0.7756632187  
3.629749276  
0.6948086  
-0.1440441135  
0.4771458498  
0.3522425382  
-1.010004862  
-0.1467341971  
-1.105040277  
2.337331934  
-1.368868489  
-0.5108196379  
0.9122292947  
0.2771703046  
0.6338732245  
1.022233646  
-0.5862324938  
-0.3244877997  
0.2774005588  
0.1839131929  
-0.7592943859  
-0.5077865779  
-0.552208862  
-0.3896261453  
1.024479139  
0.3108014395  
1.218496507  
0.5383419036  
0.7848256656  
-0.2629632227  
-0.2400830068  
0.7061390174  
0.2730664744  
-0.2240956904  
0.6664411028  
0.001330060439  
0.2485041254  
-1.529790462  
1.814703607  
1.118046364  
-0.344964742  
1.159876461  
-0.9942769703  
0.6343099851  
0.8382717033  
-0.9665783664  
1.991570132  
-0.9048930306  
-0.02807933211  
0.7475655643  
0.3815592073  
3.072174563  
0.05901508822  
-1.110982713  
-0.1177158447  
1.537486464  
0.219807369  
-0.2386406977  
1.779189736  
-0.7087165979  
-1.357088581  
-0.2025227354  
-1.053822049  
-1.009427277  
-0.2959088128  
-0.2846005173  
1.148802905  
-0.482284908  
-0.1806500439  
-0.8338381827  
-1.296020675  
1.498086926  
-0.3374018953  
0.7435064869  
-0.283956774  
-0.9441829482  
-0.3213321852  
0.1686402853  
0.01168732412  
-1.789301075  
-1.107736305  
-0.07314698624  
-0.9111173577  
-0.5237866145  
0.842519161  
0.6549260293  
0.3184862055  
-0.3180344564  
0.2879191298  
-0.6090956455  
0.002061326092  
0.999523384  
-0.5759509566  
-0.3613486815  
0.9530080635  
-0.4026357642  
-0.3818274565  
-0.08384668708  
1.560587184  
0.06253576629  
2.27573591  
-1.223045601  
-0.2638133998  
-0.004209114524  
-0.9196086612  
-0.1804853066  
0.5221286809  
-1.058611746  
1.365210318  
-0.4790190717  
-0.9817454886  
0.3210492754  
-0.4104779309  
-0.3082369022  
-0.2210914801  
-0.02826458645  
0.785177985  
0.1024284098  
-0.9840052911  
-0.8219115314  
-1.290781009  
-2.223196794  
0.05263297578  
1.183850461  
0.3563783236  
-0.6709071132  
0.2280173577  
-1.215746954  
-0.8889400045  
-0.1280409393  
2.869238124  
0.8985645781  
-0.1370600065  
-0.02349344668  
0.1741725272  
-0.8545585464  
0.5282484636  
0.5971631086  
0.545913519  
-0.3268998986  
-0.828839387  
0.4724873189  
-1.169812488  
-0.5105986791  
1.326866841  
0.1729474369  
-0.249253534  
0.8054404838  
-1.089540205  
-1.199793463  
0.1948362708  
-0.02457041657  
-0.9025983989  
-2.304496886  
-0.3718757702  
-0.2065031866  
-0.843672049  
1.347469191  
0.2256717887  
-0.2172336111  
0.8168286498  
-1.420290634  
-1.05384129  
-0.7484400778  
-0.8798683412  
-0.490276229  
-0.4210821795  
1.658329508  
-1.995081778  
1.103352739  
1.129259177  
0.5158689047  
-0.8381479668  
-0.6500058573  
1.578314037  
-0.1283433151  
0.6815525629  
0.4861831056  
-1.067064324  
3.152169485  
1.220037151  
0.7755403141  
-1.082886503  
1.794230692  
-0.6760824928  
0.001707010146  
0.9186743862  
0.420542601  
-0.1980979732  
0.3391182553  
0.1936562295  
1.428788335  
-0.8491869686  
-0.2197061294  
-1.393745282  
-1.141943614  
1.234994075  
0.09297519719  
0.160989722  
-0.3039221595  
0.4138337814  
-0.1103243456  
-0.5759787947  
-0.3478283332  
-0.9091287839  
-2.229770719  
1.36480893  
0.8100957963  
-0.6607688814  
0.8161007491  
0.01475807223  
-1.138762438  
-1.500656494  
1.139054971  
-1.593155481  
0.5547824362  
2.04239488  
-2.153556265  
0.3574085166  
-2.06719936  
1.062911977  
1.126060284  
0.02052164886  
2.632202011  
2.386955661  
-0.6153233658  
0.7993087373  
0.9643973562  
-0.3742817606  
1.049087324  
-0.7506269406  
-1.249200951  
0.4674716805  
-1.383554966  
2.422852757  
0.2569708895  
0.9315172838  
-1.320225159  
1.471851492  
0.1991554375  
-0.6547118876  
-0.7235811279  
0.07800224977  
0.230012454  
-1.322199086  
1.634414016  
0.501637574  
-0.665641964  
-0.4418982519  
-0.2914939974  
-0.224593817  
-1.050856193  
-1.359297558  
0.6334655483  
-0.1290299232  
-1.429504844  
0.2383801811  
-0.8992884522  
-0.8471149157  
0.2260897072  
1.182495035  
-0.9228148179  
0.609303422  
-0.5673232762  
1.201513149  
1.601240209  
0.04064707992  
0.0793556351  
0.9503770511  
-1.311025556  
1.708148753  
1.680073916  
0.1128730083  
-1.105724595  
-1.660447988  
0.7685167202  
0.120627496  
-0.6008521199  
0.7408184498  
-1.003078689  
0.6232803929  
-0.2442485691  
0.1823134106  
-1.004634179  
2.391614843  
-0.4511354719  
-0.6979385066  
0.6504063725  
-0.2409132734  
-1.052531061  
1.596333025  
1.596349216  
0.4521549708  
-0.832925086  
0.3534640709  
-1.148264862  
-1.275044999  
0.1776460113  
0.08536237162  
-0.177697263  
0.7620772438  
-0.8484581185  
-0.8766769672  
1.503246969  
-1.092754241  
-1.854388073  
-0.3149778204  
-1.087321267  
-1.184854856  
-0.3874597378  
-0.009485276729  
-0.2088132331  
-1.386009117  
1.594363724  
-0.1836676368  
-0.6495040503  
1.484175298  
-0.1329837065  
1.67939863  
2.18991291  
-0.3139893047  
0.05971581268  
-0.4591835229  
0.8640813777  
-0.3776657326  
-0.057697695  
0.5179357216  
1.808464739  
-1.751677727  
-1.306259701  
-0.4971968706  
0.7369627188  
0.3948637328  
1.351762149  
-0.7179716527  
-0.01994528375  
0.5640601508  
-0.5115565157  
-0.8392378577  
-0.7430111165  
-0.267610502  
