1.203505609  
0.7550063122  
1.518330429  
1.566773254  
0.1396851926  
-0.2780579685  
0.1203220771  
0.4500077273  
-0.05830682824  
-0.8860264523  
-2.272863443  
-3.030259951  
-0.4019377803  
0.5434376143  
0.3031571988  
0.2259830546  
-1.468548304  
-1.674056806  
-0.756127997  
0.3926854265  
-0.6312481724  
0.6398826744  
-0.4787045186  
0.01713023864  
0.8804373785  
1.34418606  
1.621476094  
1.684621181  
1.521594455  
-0.04188586967  
0.7072960279  
1.33394827  
0.5354006376  
1.187418697  
1.299740264  
0.6850666362  
-1.474240138  
-1.671226692  
-1.10448359  
-0.4008393647  
-0.5863385394  
1.059322939  
0.3756605861  
-0.4568778838  
-0.2284345135  
1.367549327  
0.4437629205  
0.0570349903  
0.5962969238  
0.1914518264  
-0.2240418341  
-0.1205975142  
-1.455001199  
-0.6713154999  
-0.7191091278  
-0.9921081216  
-0.9894472728  
-0.0006933118649  
-0.008316928125  
-0.6344795087  
-0.9712303093  
-1.262051247  
-0.8436537009  
0.6799575208  
1.522775269  
0.5903432908  
-0.8830993488  
0.3069191393  
-0.2673375418  
1.142265619  
2.441811897  
1.169528812  
-1.073966869  
-1.478848847  
-0.2540008635  
0.2555656044  
0.3476921186  
1.134472368  
-1.143990348  
-2.393394973  
-1.484773094  
-0.1966547963  
0.9503247275  
1.769943724  
0.7067306829  
-0.1634225077  
0.2174128672  
0.9661389325  
1.451700333  
0.8634018188  
0.5793944236  
-1.458563796  
0.2934092828  
0.3030462946  
0.7383025082  
0.3433060476  
-0.1037096862  
-0.5185574196  
-0.8135058699  
0.003328945866  
-0.2156988658  
-1.213586716  
-0.05517668796  
-0.4230830696  
-0.3872190268  
-0.4946620981  
-0.8806684802  
-0.6668271351  
-0.8797811589  
0.1955901843  
-0.2734667854  
-0.9064956652  
-0.3339282071  
-0.1896116652  
0.1136707811  
-0.1097327082  
-0.251009495  
-0.7656788457  
0.65608039  
1.018567213  
0.5677246655  
0.5703092595  
1.315595395  
0.9536195639  
1.284937599  
1.579980701  
1.084560517  
0.01467482514  
-1.17314391  
-0.7687515725  
-1.256387368  
0.3486777571  
1.265107165  
-0.04761997383  
-1.423120512  
-1.539920287  
-0.2861664375  
0.05711981596  
0.8347415269  
-0.01357587135  
-1.188510668  
-1.293211433  
-0.9665421092  
0.2564945418  
0.2783166498  
-0.2399737866  
-1.229838288  
-2.765973835  
-1.125191244  
-0.01084427778  
0.4760153419  
0.7435878604  
-0.435893982  
-1.504296932  
-1.396345915  
0.08457976496  
0.08021651953  
-0.03633733345  
0.03931378389  
-0.9195711651  
-1.516606525  
0.0712424826  
1.518835932  
0.7145232839  
-0.6369982621  
-0.8220319951  
-1.542699448  
-2.827728829  
0.02227249767  
1.196606068  
1.141997584  
-0.4512940284  
-1.368263949  
-0.2736518589  
0.3370615277  
2.156593051  
0.8726948327  
-0.8327316621  
-1.641371631  
-1.702301069  
0.1114939291  
1.569146662  
1.245327482  
-0.1306173458  
0.1867534994  
0.4110897306  
-0.475928362  
0.6395029376  
0.4582028914  
0.03344537795  
0.9049710813  
0.6343795335  
0.6756001163  
1.067654516  
0.1377383468  
0.664889385  
0.8516336176  
0.1127883384  
1.25626241  
1.403570564  
0.6879562844  
2.283450194  
0.5066511946  
1.95164229  
1.861738059  
1.38585001  
-0.8768971613  
-0.4850854527  
-1.052805646  
-1.147902732  
-0.1539360268  
0.9388826138  
0.2788322998  
-1.9190609  
-1.420207265  
-1.788761845  
-0.6578153825  
0.7984662696  
0.5247259958  
-1.874612199  
-1.479146071  
-1.437855588  
-0.4774359659  
0.2040130304  
0.2833629837  
-0.9538875834  
-1.06502659  
-0.3903037713  
-0.3876611777  
0.6077098715  
0.09999093759  
-0.1441628947  
-0.04088769287  
-0.6439515588  
1.007510401  
2.040159463  
-0.2013293657  
-0.2611448344  
-0.1441804609  
-0.1893396687  
0.8759675962  
1.156841553  
0.1823165898  
-0.8264609015  
-1.359090135  
0.1574276094  
0.9233197419  
1.159754298  
0.7555599725  
-0.5638762913  
-1.153907761  
-0.06678030517  
0.2363723356  
-0.03286576623  
-0.5970073514  
-1.108565925  
-1.278670466  
-0.2136769742  
1.000416669  
0.6169973864  
0.1187003106  
-0.1574447043  
-1.456576077  
-0.7588105344  
-0.3310733425  
-0.04796800865  
0.669264963  
0.6730441058  
-0.1792584884  
-0.1452020978  
0.5951707175  
0.8657185495  
1.579548487  
1.856338032  
0.3171751054  
-0.7546344851  
-1.921518757  
-0.4868333575  
0.1385063001  
-0.2368784033  
-0.5925489038  
0.3405191076  
-0.333763171  
-1.052841732  
-0.1792580182  
-1.044113547  
0.5058768797  
0.6821185147  
0.8288597336  
-0.012578176  
-0.2522314659  
-0.3000292315  
0.7994195942  
1.718156602  
2.392597359  
0.06710152417  
-0.4082523735  
-0.3653490123  
1.090751098  
2.012155145  
1.680701012  
-0.3926937532  
-1.006227755  
-0.9403181705  
0.3234324714  
0.2056319687  
-0.0798073554  
-0.1407415988  
-0.397628964  
1.140101027  
1.4710067  
1.380166158  
1.245112685  
1.958493385  
0.9136549299  
1.561766847  
1.802092627  
1.550449638  
-0.1887152884  
-0.7337699765  
0.4699814329  
1.248010782  
2.023644388  
1.802349456  
0.2867913439  
-1.86392655  
-0.8920683698  
-0.8724322246  
-0.18101927  
0.2871737594  
-0.0379705429  
-0.8892935402  
-0.9077743433  
0.8043947968  
0.6951177769  
0.871342835  
-0.1464101938  
-1.123009972  
-0.8899104296  
0.2336234678  
0.6098597876  
1.027455312  
-0.6581002604  
-1.22144208  
-1.512500667  
0.5293755768  
0.6607017312  
0.6773387011  
-0.06475520957  
-0.2871640733  
-0.04235439283  
0.5570195921  
1.280087228  
0.9016852725  
-1.003103082  
-2.0412606  
-1.528296491  
-0.3616227221  
0.9890176654  
0.6532351539  
-0.8715377066  
-1.177960249  
-0.9376384894  
0.0579324719  
-0.2849464462  
-0.1795457506  
-0.5538998586  
-0.8312033214  
-1.14319873  
-0.9210867641  
-0.2287104194  
-0.2489808741  
-0.970897345  
-1.244550537  
-1.729355714  
-0.9057030866  
-1.163899239  
-0.250417141  
0.009169255018  
-0.4502584202  
-0.6582428948  
-0.3245116535  
-0.5331907728  
-0.7158933558  
-0.2089837621  
1.044589204  
1.153891208  
1.509203493  
1.138381579  
0.6808050786  
0.7556643671  
0.8615064328  
1.13745222  
1.521494257  
2.509798945  
2.225907068  
0.5320759656  
0.1515237012  
0.3150609717  
-0.3640721953  
1.720695935  
0.17072074  
0.1378023229  
-1.858970513  
-1.165166062  
0.2153896346  
0.102715044  
-0.02682582201  
0.002086417141  
-0.9211758066  
-0.8944207764  
-0.5537748651  
-0.952249144  
-2.170353405  
-1.345674475  
0.05083156189  
0.9292611429  
0.2567654902  
-1.296165688  
-1.754533954  
