-0.2320242553  
0.7359226026  
1.619101102  
-1.020645079  
0.1263706563  
1.489900945  
-1.236416584  
-0.1546851495  
1.326088605  
-1.147295941  
-0.08647747259  
1.487617125  
-0.85714436  
0.08869317869  
0.3851530849  
-0.5408351148  
0.4964734712  
-1.446928175  
0.1798301925  
1.523440475  
-0.8180727404  
0.2224362284  
0.8779314527  
-0.6270493821  
0.7309881051  
-1.485864423  
-0.08405548909  
1.465826752  
-0.658361769  
0.6785787936  
-1.458736457  
0.2274978413  
1.227496994  
-0.6803330925  
0.802592846  
-1.28704556  
0.1399766283  
-1.551721342  
0.1390302298  
1.798086666  
-0.5058316363  
0.8970987382  
-1.342428238  
0.02270522039  
1.604915158  
-0.7357367205  
0.7463957779  
-1.302842802  
0.2970932403  
-0.1211604051  
0.08008949596  
1.365211757  
-0.6798492333  
0.5857579005  
-1.235355287  
0.2933012914  
-1.498605406  
0.04304239929  
1.755293524  
-0.4902288574  
1.239547883  
-1.095149935  
0.07152319546  
-1.550526421  
0.2173352188  
1.821114649  
-0.4696004552  
0.783873447  
-1.354237953  
-0.09987367872  
1.627213787  
-0.683897461  
0.2266490104  
-1.35481361  
0.08285905225  
0.9875804118  
-1.399853498  
0.1422398378  
0.607986508  
-0.4018589179  
1.089230461  
-1.089459193  
0.05406808227  
-1.371828245  
0.002714112678  
1.027442874  
-0.9438895916  
0.3214813161  
-1.273036407  
0.165230492  
1.660799016  
-0.6887243265  
0.4518349469  
-1.471550125  
-0.04399632754  
1.578528456  
-0.8527874007  
0.2305995928  
-1.536904025  
0.2044588336  
1.63691353  
-0.6776863942  
0.4203215934  
-1.329531051  
0.03510595787  
1.901678063  
-0.6415844094  
0.491590702  
-1.559706541  
0.3000872049  
1.695164707  
-0.7146419178  
0.5821171522  
-1.487999355  
-0.02189820171  
1.882605988  
-0.6489503644  
0.3613590036  
-1.510339361  
0.3275796757  
1.414129748  
-0.9527930325  
0.2440417557  
-0.7432939986  
-0.1265566741  
1.254387718  
-1.050373304  
0.04121751781  
-1.116226454  
-0.009723399148  
1.358808432  
-0.8053159517  
0.491474536  
-1.358584339  
-0.1529996183  
1.404495091  
-1.098251166  
0.6414184169  
-1.048051456  
0.4054286194  
-1.432186697  
0.1414398315  
1.672123793  
-0.7477639674  
0.4297143892  
-1.486899928  
0.2427666858  
0.7632969972  
-0.4119112081  
0.9547787859  
-1.296416881  
0.1034954747  
1.676587829  
-0.4719343349  
0.6386690242  
-1.6081151  
-0.05098362216  
1.112048151  
-0.779501037  
0.5261695466  
-1.5648069  
-0.2522612641  
1.43742976  
-0.7585816974  
0.4366111774  
-1.257825745  
0.4192718419  
1.567523264  
-0.7349519649  
0.7975666941  
-1.348826506  
0.544503985  
1.613547466  
-0.4739858088  
0.8309887546  
-1.459282573  
0.2356418444  
-1.058917364  
-0.01635891179  
1.37168122  
-0.784871133  
0.3542692675  
-1.301558765  
-0.05021286536  
1.531511408  
-0.6881107325  
0.1628622277  
-1.530113312  
-0.06763207965  
1.208366506  
-1.100176072  
0.3033759432  
-1.363049928  
0.2468741475  
1.479174538  
-0.7650826053  
0.3762906472  
-1.425780866  
0.20542902  
1.208325653  
-1.000102583  
0.3542054346  
-0.278964656  
-0.008846118671  
0.8955219384  
-1.23597463  
-0.1916923348  
-1.325832605  
0.1226546561  
1.259799198  
-1.171549433  
0.3918951859  
1.885923392  
-0.633109399  
0.6602536187  
-1.531117643  
0.0560717385  
1.698887627  
-0.7806697187  
0.5519187743  
-1.501543624  
0.3097741306  
1.908483101  
-0.4178896907  
0.7892126532  
-1.452959843  
0.4294120566  
1.597262277  
-0.9023417893  
0.4397004799  
-0.9088234291  
0.05472400696  
1.087492486  
-1.480788782  
0.1194545504  
1.726243589  
-0.6013002451  
0.4566384861  
-1.472691123  
0.1392837484  
1.421636599  
-0.8025541436  
0.5376062517  
-1.522318091  
0.2401987707  
1.701472292  
-0.5865294906  
0.8200152728  
-1.616032519  
0.2328497289  
1.556572759  
-0.8765471528  
0.5503356727  
-1.555238734  
0.1567701227  
1.569089545  
-0.4695578352  
0.8711658435  
-1.428619059  
0.3329772384  
0.1787506479  
-0.1906873646  
1.300447305  
-1.318511944  
0.223414543  
-1.250450606  
0.3780333033  
1.834980083  
-0.7605719853  
0.7996896366  
-1.573329239  
0.4716794762  
0.262378738  
0.25853293  
1.612115427  
-0.9957001431  
0.4539232757  
-0.6911824677  
-0.4678716233  
1.026785449  
-1.137989667  
0.4981195195  
-1.276447675  
0.09005897409  
1.529829101  
-0.7121094705  
0.5916201499  
-1.297353357  
0.5158108811  
1.581554707  
-0.6504812351  
0.8923953916  
-1.480569736  
0.4034194267  
1.899858078  
-0.6067615128  
0.8226779713  
-1.479325755  
0.4386199917  
-1.241305941  
0.5537314698  
1.939542611  
-0.9010655735  
0.8608644494  
-1.069473697  
0.5947091625  
-1.357141913  
0.4960283622  
-0.3142710327  
0.160705385  
1.430638648  
-0.6432657097  
0.7409515962  
-1.40951463  
0.2154465761  
-0.8968280653  
0.02596579661  
1.420905683  
-0.985589077  
0.2657221269  
-1.470949016  
0.2476131973  
1.543930325  
-0.6262491499  
1.475798638  
-0.8337132684  
0.4119580391  
-1.616217624  
0.3354037144  
1.136250879  
-0.5276908913  
1.184433472  
-1.34091186  
0.3660748519  
-0.01350804891  
0.3622433058  
1.423934273  
-0.8128863736  
0.8529484447  
-1.204781222  
0.5071713693  
-1.229461818  
0.1385349105  
1.314118674  
-1.412376746  
0.2993609531  
1.366170514  
-0.6426531268  
0.822170288  
-1.5950986  
0.2885937288  
0.2958168727  
-0.2010255997  
1.237640927  
-1.086176322  
0.5883956966  
1.611657351  
-0.4217270854  
0.9700099724  
-1.447060572  
0.2873547986  
-1.117663377  
0.3196651935  
1.304427288  
-1.270083339  
0.219498342  
-1.330909663  
0.2325479866  
1.77746356  
-0.7941267948  
0.8292185252  
-1.534053619  
0.2767321913  
-1.334085212  
0.2926765638  
1.665299341  
-0.7221169028  
0.3719423368  
-1.573348365  
0.3350970981  
0.2966800895  
-0.2556074773  
1.100099371  
-1.148025061  
0.2432329926  
-1.369346095  
0.2671658065  
1.610977959  
-0.8447515938  
0.4934738423  
-1.259040327  
0.3597777392  
1.316200252  
-1.109572944  
0.4074980077  
-1.104320627  
0.1523840971  
1.208066962  
-0.9289039076  
0.2734009387  
-1.463891085  
0.4959671606  
-1.268020333  
0.08700211543  
1.299199769  
-0.370929896  
1.605508446  
-0.7857783334  
0.6291610238  
-0.02534339668  
0.1252092604  
1.543042898  
-0.8274487255  
0.3240425923  
-1.210570522  
-0.05987640072  
1.175958413  
-1.012905266  
0.391397628  
-1.354595947  
