-0.1882359656  
0.6267678509  
0.8182550813  
0.6447529555  
-0.4570924444  
0.6051586819  
0.7863626097  
1.189219609  
1.741451774  
0.8418999988  
1.256217926  
0.9836806943  
0.8861809921  
1.521451411  
1.20570054  
0.2966604667  
0.3586346309  
0.2344576485  
0.3602177089  
-0.07814296085  
-0.0185438732  
0.5208509168  
-0.5493722691  
-0.06518790244  
0.2961490691  
-0.04058029665  
0.1204221668  
-0.06154694659  
-0.528407004  
-0.5313763686  
-0.3596454018  
0.1658746922  
-0.01864626838  
-0.5258595306  
0.1841933003  
-0.01204765401  
1.34567426  
0.9441816981  
1.073580256  
0.8486500709  
0.1647245917  
-1.569871375  
-1.792906932  
-1.515403236  
-0.8062507486  
-0.5130542188  
-0.07023468222  
-0.06393594361  
0.297416956  
0.6280500613  
0.6215187504  
0.8043439342  
0.5697675513  
1.041715834  
0.23527737  
-1.222336126  
-1.223540891  
-1.397986781  
-0.9768530754  
-0.533662559  
-0.5109512238  
0.421992571  
0.1118451689  
-0.2764302221  
0.4595128801  
0.2565882952  
0.5014701454  
1.721808538  
1.973225834  
1.5310752  
0.8159430415  
0.06380985961  
-0.3370337495  
-1.619409418  
-1.587724854  
-1.484844952  
-1.828984469  
-2.244300102  
-2.354556017  
-1.063342432  
-1.225517161  
-1.072608676  
-1.431411086  
-1.425518995  
-0.7442227737  
-0.8713096571  
-0.9196605033  
-0.0336047172  
0.9784850957  
0.9343947777  
1.472118726  
1.252814169  
1.170675631  
1.053403613  
0.9384194303  
0.311196013  
-0.128740076  
0.1385122455  
0.4057638674  
-0.0953683414  
0.0356336435  
-0.2789390226  
-1.24349273  
-0.7906818382  
-0.6615261669  
-1.328188174  
-1.002863634  
-0.1265667106  
-0.5485500699  
-0.1353295991  
-1.300826951  
-0.2981390989  
-0.532173835  
0.7774607833  
0.9697930249  
0.5291632993  
-0.1429172216  
0.05022684303  
0.3512161504  
0.2284242475  
-0.909824026  
-0.500496159  
0.7093568758  
0.06462464714  
0.07116981322  
0.02101527683  
-0.9754757278  
-0.6522195664  
-0.3349962698  
1.027168706  
-0.04988878998  
-0.2777022768  
-1.265927534  
-2.137279311  
-1.530952281  
-0.708828459  
0.9898766062  
1.329548295  
2.261526658  
0.895785444  
0.5863699807  
0.5600407676  
1.637326297  
1.044904999  
1.743252411  
0.2194235634  
0.5128743068  
0.7756786021  
1.11349797  
1.209190145  
0.9828307571  
1.268904573  
0.2569529404  
0.243755608  
0.1927887195  
-0.2227234802  
0.9538355081  
0.1444276799  
-1.131330127  
-2.137656449  
-1.536897028  
-1.541439373  
-1.577272901  
-0.3462422442  
1.062209505  
-0.1929305811  
0.3789957078  
-0.2917193025  
-1.209143441  
-1.458878761  
-0.5627715654  
0.6840248854  
0.04968284056  
0.605833419  
1.442117145  
0.8751872608  
1.165560342  
0.2026662482  
-0.5874628374  
-1.470928563  
-2.105022915  
-1.082579826  
-0.724114522  
-0.7915379272  
-1.070547791  
-1.550279119  
-2.491802666  
-2.612405197  
-1.850676146  
-0.4383553115  
1.184842131  
1.477313744  
1.730880596  
1.3164492  
0.7910371301  
0.9258308702  
1.114114345  
0.4004769338  
-0.04314657516  
-1.050402217  
-0.6776119003  
-0.6260778534  
-0.1135054593  
-0.4000154513  
0.8223511387  
0.710066782  
1.585663499  
0.1214893171  
-0.1697360145  
-0.0921323944  
0.9880985902  
1.139211999  
1.247171842  
0.5400878116  
0.6484796836  
-0.0692274713  
0.5559761231  
-0.6291890105  
-0.7042190882  
-0.2757362204  
-0.3671317629  
-0.5705171383  
-1.751637434  
-1.104452989  
-0.8415808096  
-0.6965044011  
0.3711016631  
0.5446529023  
0.811813608  
0.8635073257  
1.223344708  
-0.01461515345  
-1.551923046  
-1.782260775  
-1.847234954  
-1.934343272  
-0.4723614417  
-0.1962561876  
-0.125006508  
0.241827243  
0.1741298598  
0.155172362  
0.2291439757  
0.610241375  
0.177837081  
-0.7334999713  
-1.087430422  
-1.403216885  
-0.2143659739  
0.7848422831  
1.126875211  
0.1077862644  
-0.3502549158  
0.29826935  
-0.7806158899  
-0.05085792011  
0.3835672216  
-0.08490178655  
0.2824640265  
0.01024558551  
1.143835073  
0.2901723589  
0.4688291922  
0.5200889576  
0.7441125064  
1.331619296  
1.259208922  
0.9196435384  
1.416879377  
1.417001572  
0.6482827167  
-0.5223324593  
-0.4729282748  
-1.361076803  
-1.30250223  
-0.608742753  
-0.9716245346  
-0.8538543967  
-0.9985602893  
0.1399848914  
-0.2210928501  
-1.208632346  
-1.252925873  
-1.235269514  
-0.03235909743  
1.016037217  
1.796746643  
1.07638161  
0.808762511  
0.7356451306  
1.543639343  
1.923512235  
0.4494750435  
-0.6316980879  
-0.4645052563  
0.5655031532  
1.010506438  
1.257222513  
1.723043471  
0.2193573714  
0.9425966081  
0.1481286679  
0.6794609002  
0.6223292991  
0.5971655684  
-0.01549184175  
-0.914855791  
-2.045145361  
-0.7559813161  
-0.7509647582  
0.5974640846  
-0.162801744  
-0.9879885505  
-1.299897407  
-0.2395181417  
0.6103743784  
-0.1091140251  
-0.1985065411  
-0.5999071384  
0.1062391633  
0.08526695475  
0.3256541014  
1.566561121  
1.120388928  
1.207887718  
0.3085560148  
-0.7953328089  
-0.327262937  
-0.476572676  
-1.321202425  
-2.256953509  
-0.6210701766  
0.4781934226  
1.648897152  
2.205546171  
1.690002021  
0.7816432657  
-0.7209160746  
-0.6372362804  
-0.7537339143  
-1.262520305  
-1.943764871  
-2.634033063  
-3.036449152  
-1.640021526  
-0.4988045276  
-0.2448508512  
0.9013421499  
0.5276899763  
0.4650275849  
-0.5553421431  
-0.1924856231  
-0.3178576428  
-0.5813784839  
-0.2276591518  
-0.4883774045  
-1.216274047  
-1.423580025  
-0.3044974957  
0.05955171865  
0.5818812879  
-1.074950629  
-1.579460955  
-0.6116147466  
-0.1117645637  
0.002287424796  
0.4333468188  
-0.519032805  
0.4872131012  
0.6293280966  
1.068215263  
1.637781256  
2.106696286  
1.895561334  
1.541052721  
1.089680882  
-0.1792926402  
-0.2235615793  
0.328827003  
1.207242704  
0.8549465998  
1.135029736  
0.4653951287  
-0.1646167454  
0.1138524795  
0.1263373165  
-0.3306277434  
0.4643013491  
0.9159506536  
0.8287806716  
0.6615863658  
-0.546826093  
-1.018602296  
-1.758183901  
-0.9384883858  
-0.7886615043  
-0.686695276  
0.5424947086  
0.5662938945  
1.132754146  
0.4316625207  
0.9958282875  
0.1582915453  
0.2682201897  
-0.1643692565  
-0.7275836835  
-2.42139823  
-2.504710633  
-1.863306071  
-0.8119639457  
0.9605773224  
0.8153891574  
0.366353054  
0.1375981857  
-0.4286919131  
0.8604535447  
1.497831127  
1.773420858  
1.497927975  
0.7225393115  
