-0.4307441004  
-0.9503284064  
-0.9578302147  
-0.5414072638  
-1.160596357  
-1.519722373  
-0.9925637723  
-1.071854639  
-0.5860649655  
-1.073717257  
-1.378720514  
-1.229249979  
-0.2450886566  
-0.1837212113  
-0.3006015505  
-0.759441611  
-0.2118711369  
-0.7547762587  
-0.5887383128  
-0.8902222309  
-0.01890100785  
0.1275417076  
0.2634646529  
0.1227921173  
-0.3327444524  
-0.3566654825  
0.04993842725  
0.6884307604  
-0.1903983442  
-0.1523175753  
-1.048289119  
-1.449910747  
0.2282337725  
0.3125757095  
0.3104925586  
-0.6040062544  
-0.7148961525  
0.5591430156  
0.3937536592  
0.6568069686  
0.9901236845  
0.6884469879  
-0.3904096803  
-0.963043383  
-2.031036207  
-0.6878049725  
-0.5190269816  
0.04806226977  
-0.6220864809  
-0.1181110416  
0.5222719895  
0.5880148004  
-0.1878623148  
-0.03180510507  
-0.1266673351  
-0.007402960545  
0.6677700203  
0.496679592  
0.5276809915  
0.6559089256  
1.245654184  
1.378434093  
0.7199208915  
0.9445542679  
0.551079558  
-0.05823352877  
-0.3331862836  
-0.1078520008  
0.261882277  
0.9766583214  
1.489151536  
0.9105731027  
0.7458458977  
0.1820658702  
-0.3588559262  
-1.547290319  
-0.9905894601  
-1.094726817  
-1.091917523  
-1.763544613  
-1.297436127  
-2.166781653  
-0.1321810996  
-0.1551645808  
-0.6163419662  
-0.6597906549  
-0.6209955561  
-0.6352374732  
0.02303626408  
-0.04134178601  
1.444750546  
0.532407143  
0.4512104913  
0.6769493727  
0.4410868226  
1.090901869  
1.255133892  
1.469451391  
2.020271846  
0.8245824138  
0.6020951843  
0.8238695474  
1.603863108  
0.4366818398  
0.06761228537  
0.8838545153  
1.213993139  
0.6838354169  
0.3663177237  
0.3213772487  
0.3158708354  
0.7503411263  
1.289720934  
-0.4639541728  
-0.7613762491  
-1.427958299  
-1.003812716  
0.05213377352  
0.3581221835  
-0.7305846785  
-0.9301699011  
0.02188202077  
0.5527561473  
1.283792856  
1.067278738  
0.2162950605  
0.122976628  
1.443935882  
1.277292933  
0.5393680199  
0.68399342  
0.3715058221  
0.4228776431  
0.5727951504  
-0.1030104992  
0.692838996  
0.5109585204  
0.3616856801  
1.228094929  
1.860613263  
1.000888271  
0.3080606991  
-0.2808517626  
-0.1602853978  
0.6733911576  
1.629347662  
0.5475540258  
0.374785895  
0.4879097884  
-0.2231198133  
0.6458122434  
0.7277930038  
0.5326535169  
0.23650468  
-0.003012729862  
0.8553933881  
1.764324869  
2.050020739  
2.275404838  
1.74305741  
1.79925771  
0.8994150672  
0.7507587112  
-0.0851218587  
0.6664307761  
1.28700017  
0.3685667254  
0.5735016121  
-0.146890614  
-1.183516587  
-0.4285067127  
-0.6925616907  
0.08089121247  
-0.2412685621  
-0.4255346972  
-0.6029979302  
-1.336048707  
-0.9582684447  
-1.608406903  
-0.7409310052  
-0.4355583484  
-0.9696874546  
-2.435273766  
-2.124620692  
-2.496139306  
-2.35287945  
-2.001831527  
-1.705344593  
-2.833525285  
-2.023714761  
-0.9775095582  
-0.6260626856  
-0.4111273345  
1.202021249  
1.463042747  
1.525340562  
1.398928311  
1.357213444  
0.6836160877  
0.2980669667  
0.3640970835  
0.06338686963  
0.6400076368  
0.6923933978  
-0.1000764732  
0.1675632645  
0.3316601295  
0.1311057608  
-0.4069647275  
0.2813774924  
0.984405899  
0.7632136008  
0.7351742857  
1.338069518  
1.223022737  
1.491127039  
0.430173653  
0.7025401793  
1.005482056  
0.1386220355  
0.4553670888  
-0.6074912273  
-0.9958996099  
-1.518581796  
-0.393333173  
-1.021917338  
-1.956445818  
-0.3566532426  
-0.4378140711  
-1.10523731  
-0.1311334372  
0.5602454793  
-0.4096152914  
0.2304238866  
-0.4800704825  
-0.495425967  
-1.19890499  
-0.7218840531  
0.1992022403  
-0.0172033294  
0.1043223595  
-0.3096792158  
-0.3890402181  
0.09528284003  
0.9739581739  
-0.1893749544  
-0.507802045  
-1.781591076  
-2.053444751  
-3.014911211  
-1.812431556  
0.3405224617  
-0.1225097125  
1.059452963  
1.020391182  
0.7237980348  
0.4637699996  
0.7194467088  
0.2787554334  
-1.19773004  
-1.573955017  
-2.847906221  
-2.920318464  
-1.353629142  
-1.616101581  
-0.980839967  
-0.2308684268  
-0.1605463863  
-0.8254049982  
0.3610944129  
1.088215029  
0.9888000182  
1.37790199  
0.9447336881  
0.08557699451  
-0.6088908403  
-0.2505512532  
0.5752201495  
-0.78409022  
-1.229394524  
-0.1752003712  
0.03817990473  
0.3655440044  
-0.8007943123  
-1.305482596  
-1.839536511  
-0.3968785747  
-0.4104992396  
-0.4349165744  
0.3853669845  
0.8391746265  
0.4901068801  
1.177592092  
1.93892912  
0.9795741286  
0.4033280497  
-0.03093704295  
0.2294661372  
1.113436641  
1.237125648  
1.205987122  
1.915526434  
2.157814953  
1.514341885  
0.9193057636  
-0.4140992816  
1.078404569  
0.6607228854  
-0.1089861011  
-0.5589744025  
-0.7489217674  
-0.05168995375  
1.02726809  
1.195765747  
0.6871768232  
0.0949658939  
0.774091515  
0.006523545089  
-0.7960573195  
-1.130277389  
0.2842421924  
0.08264636644  
0.7967042164  
0.5224655141  
0.4781818348  
1.124027627  
-0.6260868479  
-0.4969822524  
-0.5304419383  
0.3177370352  
0.1190314093  
-0.8323730674  
-0.0855232266  
-0.07968596472  
-0.134990495  
0.8190983121  
1.105956865  
2.292892629  
1.343824988  
0.7003535536  
0.1587333185  
0.327662644  
-0.1909003102  
-2.059183647  
-2.86616583  
-2.66048748  
-1.223046047  
-0.5506981604  
0.6626132469  
0.6427646548  
0.05738369073  
-0.5834141946  
-1.000160656  
-0.08977395033  
0.3923971789  
0.5788922315  
2.056816155  
1.623309733  
0.2536358687  
-0.7297585283  
-1.105442556  
-0.8369875956  
0.1337301148  
-0.3071405228  
-0.02558088948  
-0.1533610074  
-0.4008630237  
0.8506273557  
0.9233226125  
0.9644226565  
0.03770688895  
0.1934959554  
0.2584799358  
0.6733258094  
1.05489487  
1.665683184  
1.391904529  
1.331947331  
0.2671963079  
-0.4694494405  
-0.2759840946  
0.6842083075  
-0.1575789975  
0.1680463656  
-0.2245984641  
-1.508194286  
-0.2289362274  
-0.8720804539  
-0.7096684102  
-0.9570862892  
-0.6611712501  
-0.5250163089  
-1.032402694  
-0.4184215953  
-1.19951915  
-0.9052164194  
-1.03613897  
-1.195607417  
-0.2748207813  
-0.8215858021  
1.183712735  
1.512327865  
1.792779886  
1.840619432  
2.289421964  
0.4356504236  
1.216768239  
1.69961511  
-0.9181757337  
-1.580860276  
-1.13165929  
-1.324276673  
-1.158484129  
-0.8679950313  
-0.828646036  
-1.209040358  
-1.400943759  
-0.8929376206  
-0.5428951235  
-0.4172677918  
