-0.01409533031  
0.8463126019  
1.200189797  
-0.009593864293  
-0.6533921898  
0.475026514  
-0.7352340631  
0.4506769286  
1.132778836  
-1.968028152  
-0.9745085132  
-1.05536776  
-0.4281009754  
-0.03237843932  
0.5760414234  
-0.5403017662  
1.534802719  
1.205500731  
0.2790445316  
0.8802362235  
0.3152324697  
-0.903410617  
-0.6620947949  
1.21372789  
0.8225814374  
0.2130196815  
-0.3261722362  
0.2997624105  
-0.535768143  
0.6951543647  
-0.6648737935  
0.3778063679  
0.9757564916  
0.5407798359  
0.6223007665  
-0.0299608698  
-0.1077357646  
-0.4825433286  
-0.436021253  
-0.1062308445  
0.7814997129  
0.1943618068  
-0.01325437917  
-0.3276064735  
-0.918849512  
-2.254031156  
0.1705180599  
-0.7617110507  
0.4506070253  
0.3220418611  
0.8569378552  
-0.1283409988  
-1.034562606  
-0.1652337075  
0.9623947332  
0.3690904838  
2.822418717  
0.8854462797  
-0.01497139347  
-0.1543702616  
-0.6438882006  
-1.619885306  
1.296861371  
0.01060188862  
-0.6830638621  
-0.2073063416  
-0.4378478264  
-0.7598528882  
0.04356056145  
-0.1881345308  
1.15357216  
-0.5369420066  
0.02709765147  
-0.6033050485  
-1.13380064  
1.225673763  
1.109435141  
-0.3616765295  
0.8441191289  
0.6320826682  
0.5062288781  
0.2460249924  
2.194981972  
1.678698691  
1.705204697  
1.470227652  
-0.9072676021  
0.2484609913  
0.559785735  
-0.6079974663  
0.05064024013  
0.2865721381  
-0.1199270202  
-0.8739811791  
-0.11352617  
0.2016975173  
-1.214520782  
1.289990476  
0.8556154013  
-0.8340416538  
-0.6712179324  
-1.056337388  
-1.498498609  
-0.2535326573  
-0.07721274727  
-1.750115878  
-0.7944230886  
0.2741683112  
0.9576688887  
-0.8335005591  
0.7121593931  
-0.3383872151  
-0.273521256  
0.1825358738  
-0.1063547333  
-0.1134290272  
1.252406828  
0.4268121223  
-0.7290380097  
-0.3723902892  
0.6328480458  
-1.44419176  
-0.2008732268  
-0.0591291557  
-0.04154222815  
-0.3561423747  
-0.9081355981  
-0.8016609427  
-1.752400463  
-1.640351368  
0.793383626  
-0.1370305706  
-0.9788816196  
-1.268819234  
1.084822329  
0.8711022138  
-2.676810165  
-0.3910320164  
-1.138398086  
-0.8419235346  
0.8887749453  
-0.7378536631  
0.2946243129  
-0.1238658423  
-1.397633207  
-0.4076088389  
0.635659418  
2.114258182  
0.4576290263  
1.301536472  
1.085954803  
-0.6271248568  
0.2725300065  
1.545300213  
0.6322208596  
-0.7036562922  
0.4111949118  
0.004336801402  
-1.131977212  
2.502309674  
2.079945334  
0.4019597282  
0.5401544393  
-0.4447901754  
0.9811619836  
0.8751273291  
0.8624661948  
1.379715204  
-0.9522833398  
-0.181643032  
-0.4115203985  
-1.33906674  
-1.288212483  
-0.07179294342  
0.2333016333  
-0.3245010058  
0.850023054  
0.115993554  
-0.7681843192  
1.264636871  
0.8088272496  
-0.6649506929  
1.041899505  
-1.051915733  
-0.08248039306  
-2.125707143  
-0.5058247618  
-1.829736576  
-0.682543701  
0.6113503175  
-2.236043857  
-0.1247685627  
-0.1348661815  
-0.6835758804  
0.6879977112  
-0.6138074917  
-2.226295589  
-1.404506997  
-0.2791710149  
-0.1121627888  
-0.7942362216  
-0.1563305703  
1.195317583  
0.2589352906  
0.6574459083  
1.164551977  
-0.1330916098  
0.749369665  
-0.277503841  
2.62685223  
0.4527906129  
-0.5164890499  
-2.188452706  
0.1021249661  
-0.3335561891  
-1.299468422  
0.843804406  
-0.1416522335  
-1.069741948  
0.7801967219  
-0.2102364199  
0.1635965536  
-0.6895320428  
1.766923539  
0.4746771191  
-1.236156953  
2.202800275  
0.1934102209  
-1.86347696  
-1.333300598  
-0.2684067462  
-0.2183903917  
1.50364768  
0.4591659551  
-1.492534573  
-0.7654884816  
0.09466653636  
-0.1840669381  
-1.27899219  
1.876423901  
1.09062482  
0.08086610548  
1.602681985  
1.396171646  
-0.6536211416  
-1.000119192  
0.8413016408  
-0.2039994326  
-2.468314389  
0.05606882478  
-0.6841913223  
-2.434435985  
-0.2571593172  
-0.3661014269  
-0.1642784102  
-0.1401119443  
-0.4330909302  
1.312909354  
-1.440862414  
2.323244387  
1.483375095  
-1.504592992  
0.9977168287  
0.5498750563  
-0.5769383432  
0.9036585344  
1.236201476  
1.047033401  
0.1766446671  
0.1288615177  
0.7568553067  
-0.03607823285  
-0.2083107414  
-0.4098615104  
0.7564497729  
0.5392439006  
-1.54795799  
0.8506918706  
0.3359785007  
-1.303169746  
-0.8657534082  
-0.5451336346  
1.073305985  
0.402441596  
-0.1901519898  
0.9493182093  
1.413532314  
-1.504527978  
0.835654627  
-0.723717103  
-3.493733235  
0.6816432534  
0.1228243094  
-0.7018850335  
-1.214186488  
0.470529472  
-0.5255494286  
-0.1799634877  
-0.01038385736  
1.462467688  
0.2143507165  
-0.4121868225  
0.7482500204  
0.5766601641  
-1.144044093  
-0.9074423988  
-0.7949142555  
-1.310364282  
0.6446669494  
-1.310083049  
0.3026613586  
0.1654947473  
-0.1955516507  
-1.731491967  
0.9742398745  
-0.4713881421  
-1.376829129  
-0.06956759574  
0.7426536206  
0.7141780943  
-0.2164246588  
0.5400838551  
0.6801326651  
-0.8017568885  
-0.02286469013  
1.453755293  
-0.9055192309  
-0.6413754642  
1.180054285  
0.3384697284  
-2.89895381  
0.463484555  
0.705430661  
-0.3064116197  
0.3405686424  
2.131845259  
-1.180385783  
-0.4844979335  
0.213741647  
1.018860599  
-0.203947169  
1.237874156  
-0.3331328041  
-0.5770931882  
-1.348626624  
0.0192301652  
-1.139576142  
0.2299609277  
-0.5584055007  
-0.3894075873  
2.199457809  
1.676199756  
1.057246506  
1.68463263  
2.454402443  
-0.2079630942  
-0.414357646  
0.8129617152  
0.6479743044  
0.2105555505  
0.7993950226  
0.3063540285  
-1.30629254  
0.3623405268  
-0.06911439411  
-0.3500225935  
1.090775214  
0.2479103247  
0.4472477691  
-0.7840747674  
-1.033806976  
-0.3903917856  
-1.670054394  
0.3936046746  
-0.7229573638  
-0.9384967629  
-0.3853700363  
-0.186298687  
-0.6268882245  
0.9478992383  
-0.02768233068  
-2.172017371  
0.9629535438  
1.388714189  
3.075752222  
1.220162564  
-0.03337231318  
0.566104418  
-1.150838091  
1.675598793  
1.157704599  
-1.174352044  
0.9477436933  
-0.5274015718  
-1.317512618  
0.0845469532  
-0.5844937226  
0.03694774127  
0.5568032514  
-0.9001422624  
0.756145431  
1.157220138  
1.896357252  
0.2131593978  
0.06644978124  
-0.6428233774  
-1.63673587  
-0.5937487875  
-1.438599494  
0.1185742521  
0.2825017849  
0.5816806724  
0.5402076425  
-1.199660774  
0.4081411844  
0.3924378957  
1.260482967  
-0.6061741575  
-0.9538072552  
-0.4668060726  
