2.093444074  
0.3910887212  
-1.194351478  
-3.133287496  
-0.9518509544  
-1.224135338  
-1.060639122  
-0.8427972866  
-1.035863681  
-1.040965338  
0.6060716639  
0.1961380046  
-0.3774556601  
0.1230119292  
-1.261047287  
-1.511160288  
0.9172776997  
0.5980528148  
0.1402420618  
-0.07519844366  
0.01482398964  
-0.1918687002  
0.04025506622  
0.6534142965  
0.3278177253  
0.7016388731  
1.463654375  
-0.06335528535  
-0.041768409  
-0.7429188068  
-0.5775625844  
-0.1520343128  
-0.3187732946  
-0.5336938558  
0.04517242381  
0.8178060699  
0.238296822  
-0.5913726135  
-2.469587308  
-2.297753508  
-2.551783979  
-2.488055869  
-1.733310315  
0.7035573232  
0.1505301774  
-0.2669907916  
0.9281029939  
1.558783585  
0.5419994885  
0.7963152273  
1.919825069  
0.2688883189  
-0.03843821119  
-1.229235519  
-1.552972619  
-0.6603402366  
1.411817578  
0.9108050077  
0.4562966435  
1.174815471  
0.713093333  
0.4319321891  
1.066414827  
1.059493337  
0.7223076124  
0.4945210658  
1.714474258  
0.1857567988  
0.2220749514  
-0.4317720789  
-0.3258267288  
0.1688659886  
0.4226414674  
0.6102090521  
1.116206897  
0.7386175787  
-0.02776036949  
0.008979279482  
-0.2603610246  
0.6088909816  
-0.827014292  
-1.65097471  
-0.8071861372  
-1.895458447  
-0.2342663882  
1.554428145  
1.438930886  
1.031323832  
1.073671198  
0.5701289624  
-1.155561591  
-0.5343844716  
-1.076996953  
-0.4773027615  
1.512332471  
1.269504497  
1.393568841  
1.653424283  
0.1584048495  
0.1729036632  
1.075911114  
0.408564739  
-1.819045889  
-1.953944305  
-2.361528854  
-0.6377933996  
1.583251372  
1.877262959  
0.7665807425  
-0.2909919981  
1.090443561  
1.428484165  
0.1460797111  
0.1011851404  
0.05300554679  
-0.0263825277  
-1.361580745  
-0.2261598792  
-0.7062651323  
-0.7625221938  
0.2796208851  
0.3480320654  
-0.8183145022  
1.245763234  
1.299334812  
0.6391947726  
-0.06017654364  
-0.2839081938  
-0.01585574617  
-0.3262304618  
0.4722947334  
-1.179754085  
-0.5880625432  
-1.281354393  
-0.7901779884  
-0.1569385675  
-0.5293624108  
1.623880747  
0.8377143264  
-0.3172699815  
0.2883397455  
1.411899345  
-0.03453030776  
0.6129082208  
1.045821288  
1.178469085  
1.199993626  
1.412063765  
0.3795816746  
-0.8914408426  
-1.032223088  
-0.3670611331  
-0.5454983898  
1.369457957  
0.6516151386  
0.5488522485  
1.427783125  
1.316832514  
0.7800562128  
1.073996997  
1.567242574  
0.0467490193  
-1.512898761  
-0.4911422433  
0.5895690692  
0.7736516805  
-0.653239943  
-0.590331414  
-2.027693023  
-1.178988744  
0.3781258126  
-0.7118538276  
0.6277401845  
1.067112683  
0.6154742884  
0.9611939576  
0.9470776654  
0.5602381321  
-0.5774162146  
-1.011051944  
-1.762858375  
-2.841918529  
-0.5038294422  
-0.4481753782  
-0.6846612513  
-1.155550471  
-1.423130917  
-1.776999942  
0.2429418853  
0.8100659005  
-0.7916704019  
0.002204354651  
0.1027541959  
1.263719762  
0.157160767  
0.441501428  
-0.2210970487  
-1.307546409  
-1.061602503  
0.615992057  
0.1878460834  
0.1713180461  
0.3815004226  
-0.2194827317  
-0.9867811276  
-0.7504049766  
-0.6728722984  
-0.6398109246  
0.2306496907  
-0.2617151603  
-0.7656643634  
-1.177262586  
-0.03697630093  
1.40528642  
1.736366755  
1.816544248  
0.7249537021  
-0.6836984444  
-1.917596338  
-1.434242785  
-1.045941613  
-0.7580223954  
0.1736211402  
-0.0206006143  
-0.7966500225  
-0.877190975  
-0.3241354853  
0.7708721878  
0.6388844219  
1.188675683  
2.071625624  
0.4152649186  
1.158627014  
0.05117279925  
0.4128660075  
0.130746211  
0.8848487177  
0.3566692827  
0.430745175  
0.04802988921  
0.9959924849  
0.06603986113  
0.5131005343  
1.456591114  
1.551391867  
1.722388289  
0.5393901926  
0.7192485552  
0.7608793805  
1.085106771  
0.4307757335  
-0.7771168367  
-0.2356490407  
0.1063628556  
-0.5422299322  
-0.4370767587  
0.07806541502  
-2.235017264  
-0.7465864341  
0.5736231218  
0.831651262  
-0.1519923115  
0.9822816906  
0.2061916315  
-1.098736136  
-0.5841896455  
-0.08876473531  
-0.4506045827  
0.9907430414  
1.127494487  
1.259512112  
0.6743978932  
1.822399618  
0.6841012485  
-1.239307442  
-0.6130172893  
-1.117673359  
-1.311110578  
-0.8739799604  
0.6506802362  
-1.069487373  
-0.5215781888  
0.1857909302  
-0.2914474229  
-0.1692631916  
0.7074005336  
-0.712245212  
-1.184670423  
-0.8275090689  
-0.2996007907  
-1.528440306  
-0.0281501594  
-0.3734595815  
-0.8268259092  
-1.214650566  
0.4270032941  
0.4792780104  
0.6502688719  
0.297994173  
1.86596789  
-0.4381784229  
-0.8288356586  
0.4524066777  
0.7776751839  
1.006945496  
0.8540373773  
0.05384986927  
-0.7508207429  
0.4612192271  
0.5599684861  
-1.125012438  
0.3372912059  
-0.3189362951  
-0.6702240608  
0.009035530634  
-0.9587692517  
-1.442053497  
-1.016730055  
0.2521600195  
0.5169209802  
1.135932624  
1.184514683  
1.632928391  
-0.2608736539  
0.1116017625  
0.8748096206  
-0.003736648313  
0.02317184658  
1.445173748  
1.043387231  
0.1592621053  
0.5224414279  
1.107391741  
0.1325655358  
-0.6782989397  
-2.045987522  
-2.92987753  
-3.239153726  
-2.804392704  
-2.524622471  
-2.435611849  
-0.05663197236  
0.07120762192  
-0.5374011508  
1.33582876  
1.377045492  
0.4773083602  
1.72505223  
0.9524063016  
0.3973663612  
0.6772452041  
0.8399732421  
-0.5876127537  
-0.2536023491  
0.3511426683  
-1.238858623  
-0.424033336  
0.3801695018  
-0.1484708404  
-0.255036978  
0.5963798907  
1.110224748  
-0.7287169052  
0.6958542008  
-0.1352327483  
-1.260168605  
-0.7917974587  
0.1421109937  
-0.3236515559  
0.7031978248  
-0.2211308021  
-2.074049737  
-2.255511502  
-0.398765422  
0.3505388523  
-0.2669284089  
-0.6470074996  
-0.7291689638  
-1.023810836  
0.5442724003  
0.4324854983  
-1.317721823  
-0.9175328742  
-0.6201871446  
-1.3095974  
0.1837178674  
1.661078172  
0.6950016391  
1.244372414  
1.718092179  
-0.6978805419  
-1.273351232  
-0.01093120898  
0.5367727116  
-0.1948386859  
0.577945927  
-0.07963987378  
-0.3198907568  
0.7712124472  
0.6709283826  
0.1601989305  
1.058940559  
1.628238328  
0.1315950452  
-0.06124077269  
-0.6646104416  
0.6609971928  
-0.02125197596  
-0.4030413951  
0.3370241927  
0.9087225291  
0.9151822934  
-0.108629763  
0.2308159457  
0.4312850523  
0.2380304383  
0.7588011321  
-0.1500187952  
-0.4019783818  
-0.8955755192  
