-0.1424121019  
0.1547617194  
0.1207897012  
0.8488515404  
-1.300698929  
-0.8731439898  
-0.5361479996  
-0.5828969639  
0.3126120276  
0.5989916482  
-0.02168143851  
0.0783066833  
0.2319809446  
0.7046509054  
0.6527956404  
1.207112791  
-1.124607859  
-1.131540646  
-0.1372371303  
0.767498047  
0.73686941  
0.5551888173  
-0.7638674054  
-1.537162626  
-0.6430251558  
0.1757029642  
0.670054188  
0.8250109784  
0.2316594242  
0.3824089101  
0.7345391549  
-0.4040782087  
-0.0171259474  
1.137831281  
1.87166196  
2.597446776  
2.372552181  
1.596820699  
0.9881456093  
0.6570605168  
0.1202813223  
-0.816128768  
1.07815717  
-0.2107625148  
-0.037716729  
-1.504166621  
-1.538707955  
-1.164981046  
-0.295470791  
-0.2538935031  
-1.202923981  
-1.975538898  
-0.04377128197  
-0.4469892439  
-0.2130542484  
-1.808424003  
-2.089767599  
-0.7284954078  
1.055642837  
1.603914004  
1.66194061  
1.08086854  
0.1524284254  
0.08166084005  
-0.4115539944  
0.1978811434  
0.7790866346  
0.5032737736  
-0.4117247432  
-0.7387837418  
-0.728862886  
-0.4193084677  
0.03894426405  
1.190845769  
1.386801076  
0.2993136309  
-0.1271378155  
-1.271392368  
-0.5668058043  
-0.4967172856  
-0.4294359284  
-0.119588162  
-1.685644997  
-0.9512956314  
-1.114570294  
-1.370200532  
0.904794195  
0.5156010248  
0.640427625  
0.06150349182  
-1.001594375  
-0.005281749224  
-0.1107406402  
0.6830864861  
1.314439482  
0.08057020706  
0.1475078749  
-0.01307435328  
0.2111283637  
1.063843575  
-0.02166123899  
-0.664836523  
-1.265448009  
-1.567105666  
-0.3556459896  
0.1496358951  
0.3339555064  
0.4532541961  
-0.1956171039  
0.2975846591  
0.5980305163  
1.208777138  
1.864769224  
1.496138754  
0.1708207251  
0.03308244744  
-0.6008287648  
-0.9464771713  
0.8614651431  
1.662390424  
1.662290044  
0.6484578004  
-0.37963923  
-0.7588097734  
0.3312456908  
0.6039136493  
1.387372741  
0.3585438793  
-0.575883925  
-0.8914670911  
-1.82102076  
-0.7043354944  
0.438514848  
-0.04102633784  
-0.3638440447  
-2.144212685  
-1.657019799  
-1.745691418  
-0.2020719095  
-0.2865984188  
-0.8893782008  
-1.320476161  
-1.697318973  
-2.533889741  
-1.213616869  
-0.7621743037  
0.2827833674  
0.4967155456  
-0.2955752774  
0.6285277072  
0.3220202664  
0.2816084728  
0.6745309787  
0.1604148249  
-0.5897900027  
-0.402420254  
-0.134489985  
-0.3004995504  
0.3621090254  
0.2466368149  
1.317965981  
1.9515019  
1.646293701  
0.6158445593  
-0.3463102349  
-0.7242813906  
0.567161063  
1.294639996  
1.250931458  
0.5880296484  
1.216992693  
1.161542867  
0.3248399434  
0.7822555235  
1.127012396  
1.268123356  
0.9877966933  
-0.495835582  
0.223251369  
-0.178493378  
0.7660744585  
1.256893546  
0.8635408577  
0.6318044821  
-0.2208022459  
0.3030479925  
-0.9413976201  
-0.4010901953  
-0.5120795166  
-1.333538156  
-1.24780821  
-2.342384739  
-1.347637612  
-1.36871481  
-2.61184928  
-2.27999911  
-2.228731189  
-2.235602662  
-1.15808711  
-0.3312402456  
-0.4774827502  
-1.237900085  
-1.372436225  
-0.09320123518  
0.170473833  
1.711016844  
2.027980471  
1.572186943  
0.9266009349  
0.2253832145  
-0.8139331243  
-0.1790667698  
-0.1349447108  
0.2000642016  
-0.4966851785  
-1.067428712  
-0.6925892907  
-0.6504007806  
0.1805321891  
-0.1481794804  
-1.533674412  
-1.078843109  
-1.419996937  
-0.5974128486  
-0.3142974867  
0.5122345215  
0.8810602077  
-0.5548476254  
-1.020674442  
-0.7813031524  
-0.5920665367  
0.03216353072  
-0.177193331  
-0.1356747019  
-0.5688922191  
-0.230921252  
1.218022692  
1.245736675  
1.284627838  
1.60809471  
0.6448364959  
1.445969195  
1.538074927  
1.640149748  
0.840688022  
1.013725146  
1.532007666  
1.272899842  
1.43930891  
0.7587814853  
0.2696361725  
-0.4771014185  
-1.066227594  
-0.7958018964  
-0.3812829807  
-0.771781278  
-0.4561605977  
-0.9849184651  
-0.7774986619  
-0.9756262312  
-0.576600965  
-0.003696273634  
-0.2152854597  
-0.5609892781  
0.1644972415  
1.11340889  
1.478341755  
1.542174945  
1.207293959  
1.504997872  
1.438214185  
1.357561795  
2.056751237  
0.5152013951  
-1.132717376  
-2.003708314  
-2.47778399  
-1.919691289  
-0.1530517728  
1.257908155  
1.169835494  
0.6628378781  
0.03341641575  
-0.6609512839  
-0.8796302672  
-0.1255631854  
0.3669188895  
0.2188024627  
-0.2761036471  
-1.493035751  
-1.676330023  
-0.5736002166  
-1.092800037  
-0.4650227039  
-0.3541716612  
-0.9714489588  
-1.337224462  
0.5346632322  
0.1660729794  
1.92221713  
1.907279138  
1.482061428  
1.395325275  
-0.5598961012  
-0.2818741539  
1.015350396  
2.110178378  
1.648809434  
1.063246039  
0.02840754335  
-1.674977678  
-1.506255015  
-2.503850427  
-0.5433350151  
-0.3875194792  
0.03119263804  
-0.9827141066  
-2.628949924  
-1.103054972  
-0.3210561318  
0.4123545162  
0.9424847282  
2.115834207  
1.048062397  
0.04133064719  
0.2607432918  
0.5550923294  
0.290881062  
0.5902127184  
0.8142764196  
0.8095817517  
1.180545059  
0.6943996156  
-0.2356440134  
-0.6947726154  
-0.1697890773  
0.1683900561  
1.122303735  
0.3965036511  
0.2890152427  
-0.9333103737  
-0.5607512687  
0.5062694382  
0.8309576921  
0.4284135139  
-0.008030387354  
-0.2956427888  
-0.6229164238  
-0.8671290012  
0.3415064906  
-0.2534007693  
-0.2586620514  
-0.8326257906  
-1.311566481  
-0.1641584832  
-0.1275012733  
0.2561426496  
0.08882152018  
-1.490604164  
-1.26353042  
-1.268823635  
-0.4586513195  
-0.5240685156  
0.5462533736  
0.5765101717  
0.90422665  
0.9727411021  
0.8728894814  
0.5956789475  
0.2810692871  
1.037298029  
1.54093358  
1.069038189  
0.3445762613  
0.5325568848  
-0.2261136884  
0.5568908149  
0.03234362531  
0.8549701397  
0.399173426  
-0.3610123318  
-0.7827460019  
0.1379984866  
0.566525415  
0.651772734  
1.334361823  
0.5327910737  
0.006177023706  
-0.3089135918  
-0.7878453136  
1.088278259  
0.5202179257  
1.273392002  
0.9757002821  
0.6204785892  
0.409294631  
-0.663672209  
-1.416214051  
0.1242192876  
0.1166801058  
1.048966111  
0.8639422198  
1.028204373  
-0.6018081471  
-0.9920944885  
0.1598827491  
-0.2882708674  
0.135299021  
-1.608086699  
-0.7362417139  
-1.878840523  
-2.249894209  
-0.5553772184  
-0.05344979183  
-0.8161651232  
-0.9247364806  
-1.732435433  
-0.06246790331  
-0.005574573699  
0.340702319  
