1.853464896  
-0.8037695043  
-0.4948196213  
-0.3289593988  
-0.3450059615  
0.464539165  
-0.6245992544  
-1.215454375  
0.3437923435  
-1.895979983  
-0.6834705476  
-0.8429690559  
-2.477341905  
-1.198555528  
-0.1689482694  
0.9007852646  
0.4535964568  
0.2299635087  
-0.2249278286  
-0.3472058687  
1.025835228  
0.9550098058  
0.3836186743  
-0.08112903166  
-0.8527450747  
-0.08509126293  
1.061238002  
1.162033556  
0.5834492609  
0.1838294263  
-1.18629309  
-0.4676302753  
-1.456223071  
-0.02393601937  
-1.50397632  
-1.914223578  
-2.481955477  
-0.5013819154  
-0.250008826  
-0.6960905769  
-0.5387678212  
-1.497242716  
0.2761494476  
0.6687031896  
0.06340465292  
-1.258077852  
-1.162028383  
-1.103534963  
-1.666681109  
-0.8213157162  
0.1164366821  
0.363440797  
1.817451677  
0.06702534082  
-0.6102792267  
-0.6970861746  
1.218228705  
0.5899941988  
-1.178326704  
-0.5369936814  
-0.4402716243  
0.4074683854  
-0.1922431794  
-0.6470140856  
-0.335183928  
-0.7765185658  
0.02414706056  
0.2905164316  
1.469782786  
-0.01359501187  
-1.983641546  
-1.023429642  
-1.527721646  
-0.983691052  
-0.4672355645  
0.2671199141  
1.420128952  
1.646597182  
1.724408178  
2.339302636  
1.095500447  
0.2213371598  
-0.7790760028  
-0.8598728542  
0.6361997557  
-0.6374623647  
-1.012674355  
-0.9117116975  
-1.158559975  
-0.1409690312  
-0.928284549  
0.1713267526  
-0.2958821083  
-1.329937348  
-0.3756079817  
0.06209588604  
0.386078233  
-0.0757374823  
0.2079372927  
-0.4083094681  
0.3552527492  
0.5764365548  
-0.4738378855  
-0.7032956631  
-0.4212711322  
-0.6867680051  
1.7071569  
1.49278887  
-0.5472357582  
-2.10867184  
-1.209951295  
-0.393872648  
0.4008711479  
1.417265575  
0.5463851741  
0.09877114317  
-0.5537049719  
-0.5610286806  
-0.3996715544  
-0.4817517995  
-1.051898695  
-0.1827644343  
-0.4411899989  
-1.550819911  
-0.4916297278  
-1.127113782  
-0.6530083348  
-1.179294624  
0.07144004638  
0.4708023058  
-0.1543880904  
0.641333102  
1.17924417  
0.798579387  
0.2867735501  
0.4215377467  
-1.0546528  
-0.1206791873  
1.198176981  
0.4805459895  
0.5974915626  
1.907531529  
0.843311477  
1.519630547  
0.817818826  
-0.7975041935  
-0.6547445938  
-0.7714898502  
-0.9872202164  
0.02420502713  
0.9499442551  
0.6889943434  
-0.06395626836  
-0.3902813387  
-0.05591002977  
0.3181540692  
1.302711805  
0.8572969124  
0.1007359444  
-0.03191384339  
0.7549908841  
2.216656389  
0.5154801175  
2.549571272  
1.824834254  
1.107114662  
0.6725886402  
0.719075844  
0.7933168835  
-0.5796666387  
-0.3881671421  
0.1550287425  
0.6018180161  
1.206561926  
1.137444251  
-0.7445156197  
0.05711603753  
-1.76651186  
0.4650321383  
1.188938641  
2.31772865  
2.390442447  
1.49749094  
-0.1075924198  
-1.801300728  
0.6172097828  
-0.1269474398  
-0.2500814853  
0.3838357212  
-0.8334859987  
-1.107947655  
-0.7329134483  
1.516946636  
2.064702039  
0.8125547932  
1.0835149  
0.614552075  
-1.074033691  
-1.383051939  
-0.8519873102  
-1.376101407  
-0.7488064597  
-0.3886751999  
1.080605417  
0.418317442  
1.519137737  
-0.2977596272  
-0.02634619911  
0.2473803571  
0.318077042  
1.514341464  
0.7918571976  
0.8624433787  
0.7759786523  
-0.0477503245  
0.8059663155  
0.2223659023  
0.3259688585  
-0.03798748035  
0.1030360174  
0.1730583038  
1.41169017  
0.5835008263  
2.27023001  
1.299396044  
0.7929107811  
2.33058804  
1.625430976  
0.4746442259  
-0.162852756  
-1.607044011  
-0.7738419179  
-0.7196566064  
0.8539523477  
1.238729156  
-0.1203238567  
0.4467015596  
0.06584012896  
-1.902638884  
0.1746663979  
0.1830839039  
0.5569429417  
-0.1444700668  
0.9384942646  
1.249566853  
-0.01953157041  
1.181278498  
-0.1958185766  
0.5285748864  
0.3130361819  
-0.3649735328  
0.04699496474  
0.2695596527  
1.527898361  
0.0007408879222  
-0.8820438368  
-0.6801022685  
-1.502186973  
0.5716131829  
1.943882234  
1.35484117  
0.266887958  
-0.02769839568  
1.830558154  
1.235817288  
0.8166236331  
1.19842384  
-0.7509530939  
0.598921423  
0.7803348762  
0.949375315  
1.465801887  
3.031600939  
1.817289068  
-0.3439007662  
0.6093997964  
-1.049050375  
-1.912440053  
-0.9203684244  
-0.1722345949  
-1.502000552  
-1.282876119  
0.6503102196  
0.3979253158  
-0.7743275976  
0.3434848439  
-1.225439513  
0.4898587755  
0.7572195002  
0.8087197264  
1.263137143  
0.5555004867  
-0.03933167764  
0.496206868  
-0.2720510488  
1.378942758  
0.5188747807  
-0.4732561515  
0.02127972531  
-0.8525339395  
-1.195768526  
-0.1807125165  
0.7525285796  
0.2345960195  
-0.8436643512  
-0.339399708  
-0.4372666223  
-0.06907438622  
0.4439210412  
0.5118501256  
-1.531814939  
0.2143068606  
-0.8569934329  
-0.0631542711  
1.084484275  
0.163466895  
0.330629855  
-1.888051015  
-1.016879637  
-0.3513850568  
-0.3968885042  
0.7909943112  
-0.2004993673  
-0.8999324039  
-0.7420088656  
1.863617963  
1.171927583  
0.4402541909  
-0.6712930527  
-1.487212535  
-1.742361194  
-0.04566167106  
2.244099244  
1.199518918  
0.9784108238  
1.486184926  
1.084228573  
1.069336098  
0.879607471  
-1.176732348  
-0.5130645688  
-0.01130797784  
1.581130124  
-0.1456737848  
-0.5402598066  
-0.7928404656  
-1.548526471  
0.4214336738  
0.5009444409  
-1.191622052  
-2.283147708  
-1.657432112  
-0.9899528347  
-1.331065429  
-0.07129314247  
-2.09895896  
-1.5080719  
0.1287405062  
-0.5329987588  
-0.8450486298  
-0.5398158064  
-1.379765601  
-0.8237163293  
-0.141129753  
0.5627876841  
-0.7948151829  
-0.8323604003  
-0.02395118674  
-1.87438792  
1.455936195  
1.676253335  
0.1346500263  
-0.4701480429  
-0.1724933862  
0.3124239799  
-1.39630931  
0.6807771777  
0.3903827082  
-0.2873736361  
0.1622522083  
0.5539160898  
-0.3657625113  
-0.7620925338  
0.02316171907  
-0.3492026369  
0.976300053  
2.020962202  
0.3219695121  
1.394213804  
0.7860094105  
-0.2191417679  
0.4229066565  
1.051122462  
1.008976015  
-0.08495934058  
-0.2662656187  
-0.08112796781  
-1.656709394  
-0.2368381742  
-0.9454042766  
-0.8916945364  
-1.79037469  
-0.5292167731  
-0.4688288846  
-1.888661409  
-0.4517536564  
-0.9747795607  
-0.5584275298  
-0.3860255975  
-0.5792020564  
0.120479107  
-1.956034412  
-1.451485068  
-0.3320640855  
0.2282837224  
0.7925484966  
-0.153319135  
-0.9353366324  
-1.974014661  
-0.4182499323  
