1.785878722  
0.1860360312  
1.69108093  
0.4991029323  
0.4056400097  
-0.4735111606  
0.5564447173  
-1.96660371  
0.4295498335  
1.894179957  
-1.081981056  
0.1371498978  
0.7130137918  
-0.6540897935  
-0.9604914245  
1.183630454  
2.209234308  
-0.7644930129  
0.8806306568  
1.333435833  
-0.1983654971  
0.8644200477  
1.723785384  
1.162885382  
1.348989773  
-0.8389776352  
-0.1922125242  
0.1846231565  
-0.03309742157  
-0.3404122012  
0.3735610169  
-1.030706825  
0.2114730127  
-0.5700195911  
-0.8551489809  
0.9357921255  
0.3897068419  
0.09282653534  
2.132309264  
0.5980327576  
1.537421986  
0.728207767  
0.7803071506  
0.810737438  
1.359120511  
0.5934292528  
0.6940548304  
-0.6291485869  
1.008374072  
-0.3366049239  
0.1711817657  
-0.09205892751  
-0.9548246376  
-1.843579621  
-0.4110145269  
1.125525261  
0.02158264699  
1.699505107  
-0.02896300333  
0.4300580294  
-0.1335468334  
0.4093532066  
0.4026238845  
-0.7753796364  
0.8977385619  
-1.276722099  
-2.333479686  
-0.08575323156  
0.2505654537  
0.1001353119  
0.6914995784  
0.3947996458  
-0.07462222328  
0.0436104094  
0.9311515127  
-0.6631470975  
-0.9408223382  
-1.042830115  
-0.3555298348  
-2.26253501  
0.9902984265  
0.5502061202  
0.09517636465  
0.9530114493  
0.3150849608  
0.2358695609  
0.4425923349  
1.259063382  
-1.469617477  
0.8382778019  
0.2410104952  
-0.2395133386  
-0.7493887483  
-0.4709589004  
-1.647621706  
-1.324967343  
-0.611115261  
-0.1322441991  
0.03598046435  
1.309326025  
0.5021285283  
0.2726687169  
0.57603625  
-0.7177732149  
-0.7592430286  
0.3073226488  
0.03944134746  
-1.64530857  
-2.215775654  
-1.465054014  
-1.341138989  
-0.6985937736  
0.2604522416  
0.32977454  
-1.252376479  
0.821111188  
0.5003107253  
-1.605670762  
0.8212562474  
-0.09804748461  
0.008130295032  
-0.6416684599  
-0.5522860456  
0.1226202635  
-2.31395568  
0.576691569  
-0.4962509044  
-0.7951489597  
-1.67264514  
-0.7132208775  
-1.543141082  
-1.689089619  
-1.083525274  
-1.535373181  
-1.557655578  
-1.927725033  
-0.9985309164  
-0.9985517359  
0.2739782487  
1.276110057  
-0.2779492288  
1.10804948  
1.024703507  
0.6991090722  
0.7885301691  
0.004805055909  
0.9533283718  
-0.1080129919  
-0.9286709205  
-1.441732873  
-1.38742808  
-2.179529639  
0.5500347853  
-0.421698692  
-1.426575411  
-0.7606037018  
-2.747388309  
0.3198075342  
-0.4966819677  
0.9966410614  
-0.8336498859  
-2.824279841  
1.056451091  
0.6177463708  
-0.3281538404  
-0.687242858  
0.02945923272  
0.270419279  
-1.024666469  
0.8079897645  
0.06936400182  
1.537888025  
1.249481574  
-0.02745907567  
-1.166960693  
0.1157728291  
-1.119172037  
0.03256425905  
-0.2302569938  
-1.034484156  
-0.8145299907  
-1.134816946  
-1.688863553  
-2.150662949  
-0.4455023091  
-0.05021569667  
-0.3436069329  
-0.4469797773  
0.09140294822  
-0.8861928428  
0.2064091859  
0.5336762268  
1.698690593  
0.4499463004  
1.810977952  
2.108795286  
1.882180772  
1.741280025  
-0.0251107478  
0.8954539409  
-0.007100964899  
-0.7637010232  
1.388181531  
-0.1169854211  
1.474350065  
1.218324135  
-0.638364944  
-1.033357342  
-0.04384599769  
0.1325024436  
-1.902550815  
-1.300534093  
-0.3547023553  
-0.468164148  
-1.573868892  
1.654806695  
0.6755690256  
-0.4886415156  
-0.9912952121  
-0.9720534354  
-1.2589645  
-0.5238302983  
0.7431870688  
1.685245122  
0.3139085948  
0.2474376273  
-1.767052563  
-1.147521011  
0.4619975238  
0.3468697157  
-0.06724751296  
0.1840438015  
0.3702130912  
-0.5439120569  
-1.083630828  
-0.06491207566  
-0.3168008299  
-0.6965594148  
1.504162436  
0.06523449799  
-0.5586791922  
0.3583188571  
-0.2566743071  
-0.3274038192  
-1.394647291  
1.371409045  
0.9487215794  
0.3134572775  
1.562610165  
-0.02130503032  
0.7903427537  
0.1823592173  
1.148548009  
-0.05021581959  
1.613687962  
1.388544442  
0.8741990558  
-0.1729429594  
3.132464205  
0.2936176488  
-0.08233485263  
0.4801150503  
0.2390045601  
-1.218916276  
-0.1506184359  
0.8292972032  
-0.4872037579  
-1.116011472  
-0.3098292533  
0.366422142  
-0.7570701728  
0.8337305089  
1.439521672  
1.299461293  
0.2017406133  
0.3865009819  
-0.5144296341  
0.4991741698  
0.919248933  
1.645338254  
-1.034781019  
-0.5548092933  
0.1392243507  
1.407153852  
-0.7368090043  
-0.3675801828  
-0.7592077719  
1.995986187  
-0.6974756737  
-0.3185098746  
-0.6437325147  
1.420013076  
-0.6056423197  
-0.07625254984  
0.1635698023  
0.3738440166  
-0.0737472505  
0.4708047518  
-0.5569286977  
0.388053938  
1.110718433  
0.75024487  
-0.1362675552  
0.1596330433  
-0.7815128042  
0.18928291  
-1.597206019  
0.587029075  
1.677708246  
0.2964587884  
1.103548221  
0.3885626741  
-0.1132089028  
1.165121115  
0.2036611443  
0.7797801472  
-1.217286963  
0.7405201971  
0.09792499317  
-1.636199406  
0.5511407244  
0.3664872818  
-0.8478374794  
-0.8981324404  
0.0409659  
-0.6885796647  
-0.3219782814  
1.866653478  
0.9134806713  
-0.3669971408  
-0.5425402311  
0.6508229223  
1.34285417  
2.123047826  
1.289155967  
-0.3792430549  
-0.4049564841  
0.684102874  
0.7610302335  
1.538115786  
0.7371466441  
0.07206494587  
-0.03680125121  
0.1659128906  
1.563117949  
-0.8544666521  
0.6437909518  
-1.264015552  
-0.9936523661  
-0.06192424819  
0.8451611729  
-0.2818698105  
-2.225750249  
-0.1396818264  
-0.7056397258  
0.2289567447  
0.7373400663  
1.10102997  
-0.50228313  
0.6660571074  
0.9014034436  
0.7293657764  
-0.4018521185  
-0.1714493849  
-0.7300997417  
-0.1688800404  
1.295261343  
0.8505306343  
-1.530356865  
-0.5207891488  
0.1049226837  
-1.137903701  
0.1188651764  
1.447107422  
-0.6483917749  
-0.4646451605  
-1.067149293  
-0.4166336246  
1.90299575  
0.5672810209  
0.4767860497  
0.2022018207  
-0.4270689458  
-0.1599817416  
0.03317535892  
1.737189893  
0.6101846085  
0.9314479666  
0.3959693655  
0.6107580993  
0.8436401245  
-0.5292048096  
0.242268195  
-0.3904738414  
-1.679460586  
-0.2106898778  
-2.042600365  
-1.116539997  
-0.08444028773  
-2.254672847  
0.7411489414  
0.8055382787  
-0.1044424409  
1.781011185  
0.3098100269  
0.732873245  
-0.1697226498  
-2.337575203  
-1.371300657  
-1.098787116  
-1.594769128  
0.4334543125  
-0.1305641065  
-1.225101219  
-0.5071138692  
-1.344047047  
0.683105393  
-1.81578548  
-0.4276367752  
1.671715862  
