0.2816965425  
0.3377304778  
0.5319483238  
0.9595219665  
1.93215433  
0.8738327141  
0.2170385685  
-0.456977686  
-1.094523569  
-1.029408766  
-0.9876725315  
-0.9375779427  
-1.615370256  
-1.536705386  
-2.282194727  
-0.9086949803  
0.3317619235  
0.894605386  
0.5299719792  
0.1319331411  
-1.05724493  
-0.135888819  
0.4763784324  
0.6615938984  
-0.2758033459  
-0.2217550242  
-0.8135478367  
-1.581950543  
-1.775738853  
-1.643397404  
0.008158318845  
-0.377201806  
-0.6211439781  
-0.05340601723  
0.5046321013  
1.546082952  
1.309282672  
1.818565429  
1.18837251  
0.5590445929  
-0.09753506536  
-1.282788496  
-0.9128488504  
0.3798180849  
1.52901911  
0.6695788965  
0.7375491369  
-0.9600582658  
-0.2422661785  
-1.215538146  
-0.7821907329  
-0.2147474333  
-0.2975698062  
-0.0675047994  
-0.4171917963  
0.2043462485  
0.7749807075  
0.6774618011  
0.00844191376  
0.6098730168  
-0.2673279378  
0.1458971095  
0.1667574037  
1.120689059  
0.4383630012  
-0.5421902462  
-0.5164978949  
-0.4187078945  
0.1704319528  
0.6707848063  
0.4083533645  
-0.1841110659  
-0.5238036618  
-0.5661268549  
-0.118683092  
0.5398338653  
-0.3913731758  
0.4230666655  
0.1094358666  
0.007778891794  
-0.4689964428  
-0.5472246523  
-1.849626389  
-2.689188928  
-1.820453741  
0.04664391519  
1.490566068  
0.8246380757  
-0.02403391923  
-0.2546931792  
-1.102010657  
0.5162583105  
1.016718601  
1.151222965  
1.035576261  
-0.527643951  
0.8477084263  
1.461961312  
1.13279184  
0.6216907658  
-0.6190836884  
-1.164092873  
-0.6876608234  
-1.222322582  
-0.6769950603  
-0.5706631932  
0.3408798577  
0.605554075  
1.506086461  
1.39552388  
1.440163285  
0.6493192105  
0.8900095385  
1.01075227  
0.89672628  
-0.9925848089  
0.03964449411  
-0.772516981  
-0.9264086171  
0.4765582181  
1.357213474  
1.341387226  
-0.0286769603  
-0.8882937497  
-0.7124491833  
-0.5571972419  
1.032567392  
-0.02663852656  
-0.5274329554  
-0.1317766729  
0.7967116504  
0.3508361333  
-0.827271704  
0.09978872071  
0.2116357906  
0.8312254156  
1.56982885  
1.215599423  
1.459537253  
0.7445017515  
0.4278004968  
-0.4265133425  
-0.481962821  
0.083531739  
-0.2477327219  
0.5899495821  
0.8592577137  
0.1105604406  
0.2125076905  
-0.7250436197  
-1.065418953  
-0.7327976393  
-0.6212506013  
0.1252059334  
0.1819204505  
0.7595376091  
0.8120577747  
0.2499987061  
0.6546785929  
0.9583212141  
0.8860450201  
0.1382317556  
-0.7897686194  
-1.255342544  
-1.748544261  
-0.5542166518  
0.572280658  
1.230554013  
1.122757717  
-0.1046051464  
0.2245143173  
0.5318511528  
-0.1532534389  
0.1712913014  
-1.580564463  
-1.286652585  
-3.532322468  
-3.893579118  
-3.440575522  
-1.041695056  
0.5196670758  
0.5607985565  
0.1912659975  
0.5826603398  
-0.2826368657  
0.2007271308  
-0.3007218629  
-0.5717005572  
-0.06282481104  
1.307073014  
1.361862309  
0.673270868  
1.507651505  
0.768009744  
0.4153493591  
0.3286119945  
-0.3512646971  
-0.396039631  
0.1022732648  
0.5415035403  
0.6919247006  
0.6676134213  
0.7458371898  
0.2722938363  
-0.1175189165  
-1.022593592  
-0.5145529191  
-0.08812404036  
1.164507251  
2.572510801  
1.626326651  
1.706976588  
-0.04762212932  
0.6191254178  
0.2708916439  
1.116180945  
0.9523013463  
0.2041584169  
-0.09387623869  
-1.253119526  
-1.535780787  
-1.079389401  
0.5578293647  
1.548538633  
0.792286777  
0.3819648877  
-0.2235649475  
-1.494814076  
-0.1495657859  
0.04944202645  
-0.8505192566  
-2.027082792  
-2.750531802  
-0.4511788215  
-0.2679440131  
0.5519742934  
1.286348192  
0.2538268483  
-0.3573981761  
-0.1012683153  
-0.1265600691  
1.381041443  
0.838618205  
0.3464386963  
-1.048971567  
-2.887215798  
-3.124941655  
-2.914331887  
-0.231290512  
0.7771035902  
-0.3531111735  
1.222667349  
-0.009389605597  
0.3549023893  
0.5470173216  
0.5830920138  
0.6626315992  
-0.2728358528  
-1.048548191  
-0.3209984682  
-0.9722538673  
-0.2370871584  
-0.04687293805  
-0.5264366678  
-0.9202949787  
-0.3304103876  
0.01279994006  
0.3762694172  
0.3850757311  
0.8357153075  
0.5626917158  
0.8589830973  
0.1283318582  
-0.4203699922  
-0.3725235413  
0.3169853042  
-0.255153607  
-0.9244450612  
0.7054533157  
0.8047597626  
1.341325536  
-0.1472018101  
0.3828643541  
-0.3662151018  
-0.02940850382  
1.023622356  
0.5615707592  
0.8744073384  
1.271429315  
0.9441602154  
0.3894169967  
-0.5670923381  
-0.5032749502  
-0.8031906141  
-1.27472189  
-0.9573542317  
-0.1501220459  
-0.5301982054  
0.6845607  
0.8330780679  
0.4308439116  
-0.2752945071  
-0.005479409128  
-0.4863949358  
0.4107089791  
1.351959315  
-0.5161846176  
-0.4673729017  
-1.049269985  
-0.8083286853  
0.9908873149  
1.414657856  
1.023394085  
0.8122124731  
-0.353323244  
-1.120935328  
-1.203275072  
-0.8581631939  
1.099600999  
1.484326505  
1.007465551  
0.7600091881  
1.143295302  
2.002464121  
1.095815831  
1.222785193  
0.5728282066  
0.5810060549  
0.4724303026  
0.3472611943  
0.5412722729  
-0.2685604638  
-0.1593220648  
0.003025023594  
0.8331309931  
2.410585779  
0.5947187857  
0.967646279  
-0.7533413753  
-2.034918602  
-3.680095266  
-3.928027798  
-3.224105483  
-1.353982017  
0.753082868  
1.073230542  
0.7148484456  
0.3437359615  
0.0247522404  
-0.5733734921  
-0.1753803705  
-0.3934664251  
0.3286198567  
-0.2781265617  
-0.09315849716  
-0.06717932302  
-0.6171032957  
0.659245585  
0.3931529849  
0.380404471  
0.5860313084  
0.5920734482  
0.1784070549  
0.3475722625  
0.9038498206  
0.2654167243  
-0.3348387145  
-0.8835473931  
-2.310880221  
-1.657856544  
-0.8750290201  
-0.4595969481  
-0.2963940299  
-0.150647984  
-0.1643930063  
-0.5147237975  
-0.7718425659  
0.5380522787  
-0.1259864622  
0.6057990335  
-0.2809100853  
-1.010974235  
-1.898469689  
0.2536500295  
0.7600338151  
1.392902719  
0.9151604925  
0.03537649303  
0.04329289313  
-0.08294858788  
-1.279601127  
-1.509278352  
-0.258672818  
0.02537114212  
0.1824219742  
0.1248191032  
0.8108379486  
0.5128850831  
0.606069376  
-0.1488125105  
-0.4505068667  
-0.3507039546  
0.4901685151  
1.08168943  
0.8724521998  
2.718322625  
0.6511160805  
-0.6901732794  
-1.05251311  
-1.225959402  
-0.3212409422  
-0.2933247103  
-0.1326903794  
0.4174333494  
0.6811946997  
0.9885631238  
0.8322361913  
-0.491183238  
-1.379500923  
-1.021786253  
