-0.5399874786  
1.311689822  
0.7276601182  
-1.436167418  
1.133097705  
-1.160208934  
0.2197059826  
1.550072999  
-1.148014826  
0.5000437996  
1.257818064  
-1.136886894  
-0.8771258787  
0.2465123935  
-2.074037284  
0.1891600869  
0.8466509852  
-1.181302839  
-0.9856873389  
-0.2179116772  
-0.493294602  
0.6819856578  
-0.0927357886  
-0.3766244693  
0.7295706993  
1.813906952  
0.8443133457  
0.4877023592  
-0.3112363328  
0.7814249488  
0.9523083553  
0.5132190598  
2.205197372  
-1.197916271  
-0.08112924518  
-0.2779046424  
0.9580330312  
2.237462537  
1.611909669  
1.406291499  
0.0500528731  
0.07123647302  
0.3098441668  
2.10401907  
-0.3809852301  
0.01158130843  
-0.9237000876  
-1.115653487  
-1.163514211  
0.790370951  
0.2039011399  
0.1445206193  
1.13436084  
-0.1929162785  
0.2974169839  
0.9830539016  
0.1678991037  
-0.495589394  
2.087561398  
1.034258601  
1.726340496  
0.7878781407  
-0.06527566238  
-0.06223364627  
0.5633792867  
0.725293006  
1.137192194  
0.4790456378  
0.735782199  
-1.718302929  
-0.2490123759  
0.7970146768  
0.4216948986  
-0.2742481396  
0.04069666658  
0.1638639568  
-0.7428343256  
-0.7918945748  
-0.8610668984  
-0.008013685079  
0.835340944  
0.6101647628  
0.8617672179  
-0.2896550452  
1.478743758  
-0.9730309928  
-0.2687203353  
0.2460316514  
1.455065135  
0.068442288  
-0.5116849355  
0.463733764  
0.8155593812  
0.5200385953  
0.9018939192  
-0.6471275377  
-0.5478745551  
0.3943071571  
-1.131924748  
-0.591649806  
-1.888785249  
0.2180939069  
-0.8512407733  
0.3011734303  
-1.039388187  
-0.6943379835  
-0.4642426161  
-0.5012070285  
-1.199396172  
-0.3634988788  
-0.6004562865  
-1.032602308  
-1.480655922  
-0.2095823943  
-0.4293295623  
-0.8423433676  
-0.2922133271  
-0.6477964662  
0.3004770969  
-0.4122762131  
-0.8343986117  
-1.704577981  
-1.61697589  
-0.8944170584  
-2.15447779  
-1.235957054  
-1.229678646  
-0.9437313305  
-0.760391299  
1.05255685  
0.5485762619  
-1.779715112  
-1.228010136  
-0.7965076565  
1.462676538  
0.09831139005  
0.5617608877  
-0.6458160337  
-1.468146726  
1.325517849  
2.212228521  
0.5759712641  
1.408289613  
1.370160397  
-0.4953388383  
0.3953284441  
1.112275088  
-0.04166380601  
0.1192776886  
-0.150075726  
1.028549661  
-1.815438195  
-1.040949375  
1.417307696  
-1.888516825  
0.3339576859  
0.270464647  
-0.5489835523  
0.5617637668  
0.1635263911  
0.5323129528  
-1.453190059  
0.5705957759  
0.8453909619  
-0.5612428522  
-1.702966702  
-1.760880485  
-1.194626757  
-1.826425088  
0.03852862955  
0.7106316993  
0.600656075  
1.085555025  
-1.492662312  
-0.579147189  
0.8071020673  
0.2508686741  
-1.314314369  
-0.2976276265  
-1.728293954  
-3.052170867  
0.1463394398  
-0.3048784659  
-2.008285776  
-1.444831677  
-0.9672605091  
-1.197279046  
-0.2919931326  
-1.291078215  
-0.283695108  
0.3971205841  
0.07983757896  
1.053957781  
-1.234453277  
0.4574395892  
0.4879653912  
-1.482521881  
-0.1241013647  
1.062241677  
0.6775379169  
1.217737158  
0.6471764808  
-1.75196878  
-1.596929263  
-0.2798229413  
1.657157167  
-0.55508938  
-0.2422050897  
0.1092613169  
-0.3072412384  
-0.2653239513  
0.1074992962  
1.623742755  
0.5447388499  
-0.4887166985  
1.221069251  
-0.2250045026  
1.217276139  
0.2242469833  
0.1027145687  
-0.4329498825  
0.01638159727  
1.096536648  
0.6943733886  
-1.093745522  
0.6804589435  
0.8048501551  
-0.08166168335  
0.4834506562  
0.07076998903  
-1.652866318  
-0.5462321589  
0.3153100973  
1.113471774  
0.5050324177  
1.521093872  
-0.1738682742  
-2.405027748  
-0.2787523121  
-0.245071544  
-0.5845419941  
0.3141933912  
0.5483457934  
-0.2441009054  
-0.841734782  
-0.1795373357  
0.4771080449  
0.82050932  
1.149449464  
1.394639119  
-1.365669245  
-0.9336331063  
1.428558477  
1.224088942  
0.2341844815  
0.007915853659  
-1.500124811  
0.9094049554  
-0.5712573454  
0.1999363269  
-1.230597209  
-0.2356792849  
0.07407331771  
-0.2931345524  
-1.22808355  
-0.3955177388  
-0.3219222928  
-0.634686411  
-0.3904352484  
-0.4809052728  
-0.916445111  
-1.972252815  
2.372852817  
-1.670889061  
1.03898614  
1.942965904  
0.9300120565  
-0.1583467411  
-0.06903740826  
1.390066976  
-0.2804082246  
-0.06431494728  
0.4248156482  
0.1650825479  
0.1541525952  
2.527315261  
-0.1486772745  
-0.2168534712  
-0.8821105437  
-1.41938454  
0.004617207859  
-0.8223096192  
-0.8243052931  
-0.2724609578  
-0.3907358186  
0.04614935861  
-0.001407436453  
-0.5712456761  
-0.006564506422  
-0.2313853986  
0.06132313167  
0.4311544637  
-0.9620832478  
0.09406604302  
-0.3553394157  
1.202270426  
0.3473250848  
-0.2939545927  
3.069264975  
-0.2389352712  
1.590074776  
0.9026352778  
-0.7368479712  
0.4384780441  
1.641540933  
1.339716857  
1.775047248  
0.1633587447  
1.073504841  
0.1063460381  
1.449953188  
0.9115629667  
2.22298122  
-0.7195751681  
0.3664181735  
1.411678885  
0.07533028026  
-1.500122492  
-0.5993068566  
-0.7202032961  
-0.6781449842  
1.873486705  
2.185072068  
1.171584716  
0.1057521272  
1.031884327  
-0.274966787  
-1.327259697  
2.047257379  
0.6234088428  
-0.1857880445  
0.01408767796  
-1.058553602  
-1.814858722  
-0.4312604489  
0.8101098047  
1.508314226  
-1.00706448  
-1.013678713  
-0.5740856388  
-0.2623188174  
0.3285678346  
1.441508237  
0.5752699048  
0.4225083992  
-0.2555428373  
-1.003739809  
0.4834646832  
0.9548509488  
0.8691719861  
1.055010908  
-1.007124818  
0.420209426  
-0.1830654341  
-0.1763086466  
-0.5044754467  
1.06990527  
0.04968253123  
0.5315353377  
0.4559087104  
-0.01121248284  
0.6674453419  
0.1579539711  
-0.2488039584  
-0.876488229  
0.1017335454  
-0.3654417826  
-0.9456462907  
0.6454040306  
0.8682668504  
-1.401064929  
-0.08734626473  
1.066806424  
-1.105563182  
-0.928671078  
0.4013432881  
-0.4934587944  
-0.3275106053  
0.3477426086  
1.146355907  
-0.4128790156  
1.966755336  
1.290671566  
-0.2459663745  
-0.3594448991  
-0.1241181841  
-1.268124878  
-0.7714512613  
0.7353772196  
-0.3610538183  
0.008084158825  
0.7975817251  
-1.618435375  
-0.5284479978  
0.9630181181  
2.312830011  
0.6306073502  
-0.0525025358  
0.9924180848  
-0.2919409865  
0.2104102754  
-1.499837045  
-0.7432292049  
-1.054081186  
0.1851982483  
0.1363929313  
-1.36693282  
-2.319548241  
-2.918294982  
-0.5587628917  
