1.24483439  
1.147941712  
1.282832831  
1.139845492  
0.8871960739  
0.9217644276  
0.2419463705  
-0.9731235792  
-1.007731006  
-0.5561006849  
-1.268418862  
-0.7061407648  
-0.6631934054  
-1.569641631  
-1.594709457  
-2.219110539  
-0.686415727  
-0.4604589884  
-0.2116769965  
-0.4484150161  
0.3413997173  
-0.1041701991  
1.105833819  
0.9659496538  
1.66984134  
1.266229496  
0.258120797  
1.919499598  
-0.510775525  
0.203182315  
0.4877388052  
-0.2942141259  
0.7883056713  
-0.5166295914  
0.6383180504  
0.8170241289  
0.6152692528  
0.3606051805  
-1.014390791  
-0.7870563069  
-0.842692682  
-0.8490440883  
-0.4052681971  
0.09842826577  
-1.209422351  
-1.422325073  
-1.09945709  
0.2425566066  
-0.4604453674  
-0.9259503565  
-1.419496606  
-1.905887774  
-1.139915831  
-0.8162625412  
-0.2401214314  
-0.350122909  
-0.6254452677  
-0.2638477573  
-0.3833587377  
0.7904165893  
0.9953318939  
1.084238273  
1.881745151  
2.817609332  
1.634417536  
2.242272663  
1.70898525  
-0.3470744661  
0.2094386972  
-0.7691636133  
-0.22140256  
0.1769929057  
-0.4986022309  
-0.4893464251  
-1.236233903  
0.410269299  
0.8474178298  
0.2173613161  
0.2032154617  
-0.1636941478  
-0.8804641875  
-0.5629134742  
-0.7192854284  
0.0926920924  
0.3215816384  
-1.351711238  
-0.4711504485  
0.964708518  
0.8255417406  
0.5282134094  
0.6519205332  
-0.07984330015  
0.3946035439  
0.733421469  
0.3253444756  
0.3554130529  
0.2774596678  
0.2647004255  
-0.02190665464  
0.1292725222  
-0.1545780158  
0.05020779457  
-0.6168270978  
-1.387837826  
-1.115214959  
-0.8272048226  
-0.3637186852  
-1.925621975  
-2.399249551  
-2.409187922  
-1.541730241  
0.08879176493  
0.452662191  
0.6219376982  
-0.9117893056  
-0.9292583701  
-0.6252313075  
0.2654196977  
0.5692033222  
0.8246965778  
-0.05681116717  
0.1913003341  
-0.7531820225  
0.2029235346  
0.9731665569  
1.315845414  
0.684284972  
0.02039868946  
-0.3523109747  
-0.3946404021  
0.215693219  
-0.4306991365  
-0.5286696458  
-2.061681098  
-1.896339596  
-0.9051191828  
-0.3999110399  
-0.3684027627  
-0.254067326  
-1.088584  
-0.7723330858  
-0.2543543792  
0.2879888978  
0.7866944194  
-0.3415889521  
-0.3637342259  
-1.36653344  
-0.8553244472  
-1.195872836  
-0.3547667042  
1.690381826  
0.01355234717  
-0.1221924138  
-0.154923854  
-0.8716508932  
-0.02909064369  
1.199836899  
-0.1133948186  
-0.115563137  
-0.7408166716  
0.9966159891  
0.4677285872  
0.6072399863  
1.206875609  
1.110195059  
1.131173994  
0.5184444859  
0.6719788832  
-1.285954198  
-0.8694724977  
-0.6429196756  
-0.4564216104  
-1.730756389  
-1.165490119  
-1.017614266  
-0.505655466  
1.062745534  
0.2248725373  
-0.05458449649  
-1.904894901  
-0.7460539582  
0.08398228113  
1.604433598  
1.372746556  
1.104892131  
0.2621839318  
0.6801983024  
1.692092292  
0.8921111136  
1.061279056  
0.7777466515  
-0.4148267438  
0.5643016477  
1.999667173  
1.836865681  
1.938801021  
0.3891917819  
-0.276434756  
0.4452922723  
0.9910305286  
2.43673853  
0.4453188514  
0.4099191539  
0.05778923538  
0.292692913  
1.338368989  
1.256057678  
1.852844388  
-0.3513488922  
-1.023061085  
-1.620503023  
-1.118384809  
0.1380806136  
1.849278796  
-0.7801076398  
-1.868968944  
-1.49327571  
-0.04266554371  
2.246147709  
2.119126074  
1.496593578  
-0.4064638822  
-0.8711017322  
0.6030173616  
1.798738583  
2.520076266  
1.442979692  
-0.2720509534  
-0.1724151373  
-1.709317506  
0.209956858  
0.8146743742  
0.5015783589  
-0.06553688  
-0.2822360673  
-0.7154819523  
1.106381955  
1.403182283  
0.8791008169  
-0.06663709159  
-1.41027951  
-0.9527563539  
0.5666148566  
0.7288468222  
0.6545212964  
-1.222941347  
-0.04065041605  
-0.08135479852  
-0.2194758184  
0.126073055  
-0.01607755857  
-0.438756533  
0.2417503756  
1.906242871  
0.9754025854  
1.02919679  
1.584720555  
0.3347375207  
2.052479007  
1.330024602  
1.208515976  
0.5911452875  
-1.184861184  
-0.6333579127  
-0.6804380792  
1.261009281  
0.7408539802  
-0.5943828715  
-1.781812579  
-1.228698142  
0.1852427882  
1.187127652  
-0.506642278  
-0.7110205327  
-3.062560756  
-2.767866581  
-2.007805701  
-0.8829965171  
0.431621751  
0.8971781005  
-0.5280070006  
-0.8460575154  
-0.2937399417  
0.1949938134  
1.702026323  
2.409475333  
0.4525566942  
1.219964992  
0.4848576576  
-0.04964555127  
-0.5458861463  
-0.8156205896  
1.144831628  
0.2734014003  
-0.6440617236  
-0.6873011385  
-1.658137257  
-2.285505801  
-2.060812092  
-0.8642865437  
-0.2399772637  
0.6149095072  
0.9873797781  
0.3023030565  
1.229725042  
0.741302035  
0.3503755122  
0.01593946196  
0.3405619833  
-0.1159014654  
-0.3543367196  
0.2298474219  
-0.2765665362  
0.05612638201  
0.1771603047  
2.216606304  
2.575000405  
0.7141208676  
-0.2029109757  
-1.180052786  
-0.7619192463  
-0.1099970677  
0.5377209097  
0.5670058479  
0.6376663516  
1.668349793  
-1.356402515  
-0.9608536567  
-0.7446953981  
-0.3484482833  
-0.4575152224  
-0.9582773725  
-1.493238662  
-1.512952666  
-0.987448048  
0.4269629985  
-0.6894628363  
-0.7788348776  
-0.4153886438  
-1.3417362  
-1.06183212  
-0.4837200695  
-0.1380144992  
1.169448925  
1.136366029  
0.5450160278  
0.6868090735  
-0.1924389125  
-0.3248875195  
-0.1233463415  
-0.2710170349  
1.047354326  
0.5884750491  
-1.335606879  
0.4667920701  
-0.2659944571  
0.2856079276  
0.5883224788  
-0.1410699753  
0.5966322983  
1.223987097  
1.043546394  
1.468198605  
1.140770424  
0.9794716846  
0.09426073083  
-0.6746310901  
-1.395774602  
-1.073400284  
-0.3222219555  
-1.128061013  
-0.5084812501  
-0.5835319551  
0.541865987  
0.6280952413  
0.5206703754  
0.2227819624  
-0.677216255  
-0.5189489995  
-0.2495720872  
-0.174609805  
1.347498111  
-0.07174911043  
1.784868251  
1.370318313  
0.4092204878  
0.8248033232  
0.4563156738  
-0.2108214805  
-0.2672608132  
-0.8666505081  
-0.8314725178  
-1.644676847  
-0.2213464539  
-1.070025178  
-0.2449799387  
0.3435551794  
-1.138439058  
0.2414297749  
-0.6244393096  
-0.1673779809  
-0.5239281454  
-0.7548575958  
-1.647343189  
-0.3741366571  
-0.8196974058  
0.06638259913  
-0.5212398734  
-1.149028346  
-0.4013750301  
0.04545300822  
0.4909506153  
1.544258477  
0.3130539102  
-0.9555803554  
-1.065372936  
-0.510635428  
0.6747128857  
0.2570279413  
0.2160352828  
