0.8361763849  
2.240497812  
-0.5844453592  
0.1202322085  
1.786632485  
-0.8296425687  
0.06743951947  
1.645076636  
-0.7146281502  
0.163972328  
1.365126971  
-0.8391968349  
0.4374493325  
-1.492378057  
0.5126018037  
0.9666580816  
-1.458941344  
0.106673296  
1.330743757  
-0.8210750935  
0.5375581001  
-1.684663444  
-0.05426219897  
0.7642848189  
-1.372570957  
-0.2335628755  
0.4537004331  
-0.1253230626  
0.7474954121  
-1.222254844  
-0.32488381  
-1.120543252  
0.08934380718  
0.8120112397  
-1.282216772  
-0.08678323221  
-1.482605728  
0.1018170379  
1.566189857  
-0.1640232261  
0.9131471694  
-1.129710619  
-0.06373721262  
1.13835721  
-0.3237898796  
0.7135171693  
-0.9683363583  
0.2509725578  
-1.110661873  
0.512431505  
1.515197228  
-1.216884596  
0.7668143879  
-1.147364094  
-0.1284280323  
-1.704050518  
0.1457409589  
1.7040479  
-0.5640738334  
0.7661779993  
-1.223905158  
0.1304023231  
-1.467226023  
0.1460859419  
1.843150085  
-0.5246816003  
1.181093856  
-1.315855085  
0.0283609257  
1.898290761  
-0.8872053788  
0.9066578741  
-1.28724165  
0.09671961656  
1.013527542  
-1.019920315  
0.2066861118  
-0.9520874143  
0.1816838453  
1.121062917  
-1.166506688  
0.2919280037  
-1.370895054  
-0.00251155927  
1.528970005  
-0.8732959015  
0.5059133745  
-1.496750459  
0.207643406  
1.810044302  
-0.8346445544  
0.74969812  
-1.431318538  
-0.008159092461  
1.720254233  
-1.047573957  
0.5165640623  
-1.50519776  
0.139446909  
1.669940664  
-0.8470837508  
1.055564883  
-1.456440593  
0.1694708604  
2.038055763  
-0.8166976637  
0.7830345737  
-1.28073777  
-0.1239783816  
0.884979875  
-0.4796483269  
0.9169853214  
-1.299015303  
-0.007175103761  
1.549166951  
-0.3370056829  
0.9904000206  
-1.131297287  
0.07027988923  
1.822434795  
-0.7381500841  
0.5693829167  
-1.665763418  
0.3085459226  
1.37795829  
-0.9773764103  
0.4323854774  
-1.28186912  
0.193343899  
1.103365703  
-0.8831127235  
0.7819034287  
-1.43822082  
0.1972543858  
1.835238541  
-0.9494183502  
0.4924717571  
-1.076509246  
0.5535085272  
-1.41996476  
0.1967436717  
2.012725743  
-0.7807969673  
0.7803112122  
-1.165388596  
-0.3081267839  
-0.05725394239  
0.2960168338  
1.117853428  
-0.9541933811  
0.1548036464  
-0.4716999764  
-0.1603477827  
0.9761812288  
-1.338980826  
-0.373016401  
1.016287821  
0.09052623775  
0.7108194315  
-1.434022429  
-0.0920382328  
1.618297952  
-1.095198629  
0.4588455  
-1.220766763  
-0.01956855558  
0.5022058133  
0.02904469159  
0.9455143553  
-1.063832421  
0.08183664356  
0.1551348197  
-0.1956895233  
0.7440787042  
-1.231217779  
-0.1726946838  
-1.417538579  
0.4500567306  
1.189167439  
-0.9171255637  
0.8185273466  
-1.499203767  
0.2993405355  
1.710528516  
-0.9628597062  
0.5387584029  
-1.381167017  
-0.1897573316  
1.781017155  
-0.7902361219  
0.485835304  
-1.680383673  
0.1264251451  
1.385050238  
-1.034894994  
0.5741804237  
-1.27382398  
0.1962678502  
1.636097191  
-0.8616024003  
0.4989296076  
-1.506308583  
0.2680060745  
1.174547037  
-1.235885813  
-0.05695434346  
-1.32085318  
-0.09507188833  
1.345507515  
-0.9403845986  
0.3151073732  
-0.6976352397  
-0.1715947874  
0.8245052961  
-1.305103688  
0.006545455236  
1.879970051  
-0.461209554  
0.9105707208  
-1.095102839  
-0.1707528264  
1.486849095  
-0.6387048578  
0.9977155334  
-1.162814906  
0.1454220093  
1.659225398  
-0.8973193074  
0.366589821  
-1.494697145  
0.6971239311  
1.359526873  
-0.8916716673  
0.02678496559  
1.464384915  
-0.7291251227  
0.8466781985  
-1.357693825  
0.08002916149  
1.619679625  
-0.9279927184  
0.6542846381  
-1.249703075  
0.2053051509  
0.8962091003  
-0.1088279251  
1.061226756  
-1.333921913  
-0.2830083945  
1.395829162  
-0.2380703523  
0.5769145799  
-1.197844918  
-0.1242603625  
0.3500370958  
-0.1467050489  
1.040461156  
-1.144016485  
-0.2315554325  
-1.162266989  
0.3850253261  
1.240891266  
-0.7089905358  
0.4921105119  
-1.528677346  
0.3702303368  
2.149367278  
-0.7235157752  
1.077331567  
-1.170810749  
-0.0654622051  
-1.442847002  
0.7335493172  
1.337734795  
-0.917902032  
0.5025102928  
-1.512180606  
0.3709757426  
1.113842305  
-0.6605305589  
0.4457280899  
-1.441235297  
0.4963411306  
1.864846611  
-0.8714295467  
0.7606654108  
-1.448028296  
-0.2878960301  
1.566205618  
-0.195346614  
0.6742212901  
-1.054420924  
0.01172446709  
1.216689285  
-0.3131313372  
0.7598836086  
-1.275578126  
-0.2139698856  
-1.600007982  
0.513768437  
1.919403271  
-0.53392181  
0.779723755  
-1.078547867  
0.4625433282  
-1.178366017  
-0.07806694506  
-1.313446882  
0.4103088398  
1.290262881  
-1.043943001  
0.7738264572  
-1.156716603  
-0.2907728683  
-0.9192415263  
0.4098230017  
1.119668794  
-0.8830494496  
0.3417095969  
-1.286096414  
-0.09103153225  
1.730933207  
-0.4380918337  
0.897232999  
-0.9587836397  
0.637728948  
-1.383925339  
-0.2058289972  
1.425812027  
0.107602345  
0.8614904475  
-0.9271511359  
0.2960244805  
-1.799696615  
0.69587292  
1.428416624  
-0.9563340695  
0.6149863691  
-1.144515921  
0.09348765731  
-1.66826794  
0.3890094789  
1.718208754  
-1.049613291  
0.1134780146  
-0.7725412251  
0.02507843748  
0.9969080673  
-1.038439057  
-0.06951795723  
0.1603277382  
0.7353400549  
0.9457003919  
-0.946806697  
0.454866616  
0.09844759919  
0.2477102552  
1.191431884  
-1.068037477  
-0.1252240866  
-1.389470109  
0.2822211566  
1.312232459  
-0.7930725046  
0.3518566499  
-1.701803992  
0.2760046596  
1.94763528  
-0.6179434676  
0.9769439875  
-0.8635064169  
-0.009802315796  
-1.65274801  
0.3914687865  
1.987905217  
-0.9175219115  
0.9526965177  
-1.489826204  
-0.2225785469  
0.3150762252  
0.6013904396  
1.063952764  
-0.8881562922  
0.3922648178  
-1.609960989  
0.1184858195  
1.97192105  
-0.8440789698  
0.6921512182  
-1.34179321  
0.3918661363  
1.446142833  
-0.8019461244  
0.4147957568  
-1.646421188  
0.3274880717  
1.493427247  
-0.9433667906  
0.4246242097  
-1.237917048  
-0.2529162198  
-0.820424677  
0.2352888148  
1.405073941  
0.1429074896  
1.161138422  
-0.3942149637  
0.9459404345  
-1.279332832  
1.024867485  
1.500005303  
-0.6821076766  
0.6536628275  
-1.278014125  
0.06200853466  
1.236097891  
-0.8271267783  
0.6575497691  
-1.35515873  
0.1506220216  
