0.4459005486  
-0.691521978  
-1.322318484  
-2.237674319  
-2.224219434  
-1.936679914  
-1.645200512  
-1.884688413  
-0.8524245044  
-1.4247698  
-1.264402733  
-0.2696520037  
-0.8669733097  
-0.04301431981  
-0.02893100382  
0.2907603213  
0.7796875643  
1.169373036  
1.530265101  
0.7283113668  
-0.1496038795  
-0.7531749277  
0.2565561814  
0.6612908733  
0.7584911973  
-0.09664068198  
-1.423009347  
-2.186747638  
-0.8612034853  
-1.185275721  
-0.4552658154  
-1.02658525  
-1.942823985  
-1.366274424  
-0.9622866515  
0.7530732175  
0.1331930118  
0.3939294329  
0.1394998144  
0.9605604987  
1.59265581  
0.4261124128  
0.4594954031  
-0.303202954  
-0.03601245382  
0.4019148762  
0.0808983025  
1.288241587  
-0.2024695932  
0.4945420882  
0.2404541517  
0.05221345609  
1.133435812  
0.653333723  
1.053672016  
1.146637874  
0.9279343397  
0.2391520922  
0.6126396492  
1.842933427  
0.8723602076  
0.1537056705  
0.3166931979  
1.066982527  
0.6108904266  
1.245979083  
0.1360880682  
-0.6377625656  
-0.3655689446  
0.7276592536  
1.297565801  
0.4166902103  
-0.2157052263  
-0.3978424368  
1.181111222  
0.01519367389  
0.994091069  
-0.151710511  
-0.112789195  
-0.6768507189  
-1.477971481  
-1.28293032  
-0.9035858162  
-0.8612487488  
-1.306977318  
-1.242250723  
-0.2276384718  
0.4664625528  
1.164533929  
1.159378893  
-0.03893846568  
0.2138206112  
0.06914361154  
0.1368886858  
1.144074176  
0.8232008002  
0.6967502161  
1.345239261  
0.853818005  
0.2133415718  
-0.07035388889  
-0.6751263216  
-2.046756025  
-1.29330356  
-2.098215593  
-1.550113617  
-2.352966625  
-2.084392503  
-0.9774500801  
0.1757474891  
1.258156615  
0.6316255749  
-0.1425810884  
-0.2092196817  
0.1099516702  
0.442383511  
0.01609321101  
-0.1649810923  
0.7444499072  
0.0004059803538  
0.2794446675  
-0.7108015605  
-0.8671377002  
0.9523545839  
1.108254806  
0.8555807605  
0.5533494007  
0.9555039666  
1.327731058  
0.9203558899  
-0.09374525114  
0.7736848144  
1.124672049  
1.762285546  
0.8544977162  
0.6637546271  
1.811296711  
1.015179233  
0.3869274386  
-0.006114031385  
-0.9185520692  
-0.71372149  
-1.501908216  
-0.9462878674  
-0.1071660341  
0.4645757578  
0.2937345794  
0.4080284683  
0.4417539292  
-0.009653895513  
0.2658831245  
0.1833478898  
-0.2469109786  
0.08963696965  
0.05491248621  
0.03771739432  
-0.1497050163  
-0.05746250365  
-0.5491557921  
-0.8326059801  
-0.51300869  
0.5035413393  
-0.8082342502  
-0.3341181431  
-0.909997789  
-1.469298516  
-1.263706215  
-0.2882065161  
0.8395586417  
-0.08750407167  
-0.5678362397  
-1.188765228  
-0.1952903215  
1.005029788  
1.040028688  
2.391553187  
1.499255981  
1.769460104  
1.83984675  
1.522111915  
2.363677441  
2.252625891  
1.289646158  
1.185615406  
0.6489388175  
0.974438126  
1.401544791  
0.6581409891  
0.5677910562  
-1.680122363  
-2.509792573  
-1.747434622  
-0.5711067656  
-0.3485775573  
-0.906214425  
-1.413077844  
-1.888508017  
-2.239598387  
-1.433629974  
-0.4853531431  
-0.3743267403  
-1.302865017  
-0.9766479679  
-0.4106564022  
0.09834326488  
0.6559728351  
0.3164507012  
0.04585953266  
0.6209873571  
0.2578843685  
1.608889383  
1.473154522  
-0.07189207285  
0.09848450854  
0.5944979226  
0.4544971813  
0.1639223686  
-0.2144912277  
-0.07353290302  
0.8705387342  
0.3048750476  
0.1101395263  
-0.6175386396  
-0.57189505  
-0.342106391  
-0.5371472941  
-0.7740953239  
-0.6018626316  
-0.8503041568  
-0.08249558416  
0.9726322616  
0.7836601409  
-0.7137536995  
-1.649476562  
-0.9272156653  
0.3505807904  
0.5723254881  
-0.09950000733  
-0.4106109423  
-1.253760224  
-1.20551787  
-0.5230774853  
-0.7204822383  
-0.2833714022  
0.4629697754  
1.147866123  
-0.8905831396  
-0.8838133428  
-1.469140787  
-0.5050769485  
0.4459258888  
1.590149424  
1.253925654  
1.634738721  
2.026615543  
1.112406745  
1.52980929  
1.404898825  
3.06665808  
2.247619898  
2.967341654  
2.389032279  
-0.05703132045  
-0.1423824573  
0.5050388485  
0.6562522229  
-0.007720790456  
-1.191038471  
-1.151822073  
-1.328056091  
-0.9288228503  
-1.165854375  
-0.5716265252  
-0.3972923028  
-0.9238769878  
-0.2756077335  
0.3599230597  
0.5117255391  
-0.6612525444  
-0.9445674884  
0.4082386184  
0.2148602807  
0.1995063564  
0.5292080493  
0.769622901  
0.4657805983  
1.501923821  
1.380720063  
0.4697573115  
-0.4908837211  
0.2113373587  
0.7388931375  
0.04774243355  
0.2283732008  
-0.2731635123  
-0.6641551671  
-0.518172317  
-0.00549398781  
-0.7200150591  
-0.4412163088  
-0.7629524019  
-2.032423541  
-1.535183558  
0.2609394939  
-0.5567815878  
-1.05477331  
-0.1576031252  
-0.2169225193  
0.7817439772  
0.9205468387  
0.6431672805  
0.6902244342  
0.8368529677  
0.4466055495  
0.8534041873  
0.32555081  
0.9792156857  
0.2860410975  
0.498836541  
-0.1225856422  
-0.2250363388  
-0.5300270247  
-0.1576538469  
-0.1058541688  
-0.4144058965  
-1.610027988  
-1.005906159  
-0.8848799165  
-0.6885919186  
0.06703158807  
-0.7721756564  
-0.9434857642  
-1.100449131  
-1.679551104  
-0.9440978447  
-1.415283962  
-0.3874943858  
-0.1014429114  
0.9199122885  
2.242759053  
1.008937546  
0.1503617039  
-0.08067964446  
-0.623342631  
-1.003948506  
-1.141199926  
0.2444334768  
0.228992535  
-0.4925574295  
-0.1342963075  
-0.7504927363  
-0.4208249863  
-0.2916114767  
0.7359759218  
-0.4423827617  
0.5118686053  
-0.08637891738  
0.5514138028  
0.8196998351  
0.2536013315  
0.05533686684  
0.507129874  
-0.7303180566  
0.002631826845  
0.2428359874  
0.4132783237  
0.04575328295  
0.6538313869  
-0.1290454231  
-0.720868831  
-1.566053339  
0.0888001699  
0.5526127554  
0.5791950287  
0.3617854164  
0.6594448146  
0.9539144538  
1.162183362  
1.871322317  
2.39724126  
1.933366149  
0.5096617817  
-0.07366788985  
-0.749528016  
0.4173423131  
0.4139381991  
1.279559255  
1.944916163  
1.833169144  
1.110812587  
1.427797615  
0.8742425483  
0.3555777561  
-0.2630351452  
0.4209613646  
-0.2254540802  
-0.2365591477  
0.2415545581  
-0.8300855468  
-1.183485333  
-1.166036224  
-1.88726609  
-2.47494482  
-1.108936614  
0.3506903295  
0.08236599582  
0.7639071793  
-0.2028206153  
-0.447245225  
-0.6904235937  
-0.555257074  
-0.5543296472  
-2.536370444  
-2.400439078  
-1.154704881  
-0.3666438512  
-0.362582059  
-0.6958943293  
-1.194095191  
-0.9374650893  
