0.8562194345  
-1.258554341  
-0.2793234968  
-0.4977698515  
-2.34605639  
-1.472233494  
-0.7147764873  
-2.256385484  
-1.832512544  
-0.1688537144  
-1.061040152  
-1.514412486  
-0.9513348849  
-0.7727709234  
-1.433038338  
-1.678289429  
-1.47984207  
-0.8542533597  
-0.7048850583  
0.2081814996  
0.1831037507  
-0.01759526368  
-0.1073513065  
-0.2468505442  
-0.08153489974  
0.6633399788  
1.671249972  
1.437506238  
1.088800827  
0.3325407779  
-0.3913773461  
0.4169018349  
0.05096103265  
0.9752535261  
1.265625901  
0.6169433799  
-0.2119309566  
-0.4261155133  
-0.6091143187  
-0.8014325163  
-0.6152122855  
0.4692678758  
-0.5154747034  
-1.30450873  
-0.8457312223  
-1.479529504  
-0.03536884351  
-0.4783529211  
0.4401768039  
0.2322544753  
-0.5364937379  
1.600763931  
1.169724678  
2.022419288  
1.518596692  
0.8096542874  
0.8759194605  
1.8038122  
0.8601763681  
-0.9385073298  
0.8670209407  
0.9808787379  
1.388766707  
0.7210303474  
-0.1733474876  
-1.095652705  
-0.3793411272  
0.1318520174  
0.9527631554  
0.6165392731  
0.2108685295  
0.3130089407  
-0.7406621032  
-0.1228256704  
-0.8089107898  
-0.1282048956  
-0.5273540405  
0.6677030984  
0.2064168311  
1.110780312  
1.057055653  
-0.9391114759  
-0.9163926868  
-0.9605700853  
0.2819037095  
1.510699804  
1.80963519  
-0.3013468981  
-1.578150111  
-1.886117036  
0.3358422861  
0.4961111346  
0.9812245476  
-0.6865246171  
-2.607433299  
-1.206156508  
-0.6457002182  
-0.3284213204  
-0.005704989854  
-1.011209624  
-1.733944846  
-1.477549445  
-1.245863201  
-1.546772962  
-0.2540912929  
-0.03562810102  
-0.08038454414  
-0.4241227114  
-0.8281246703  
0.06279835916  
0.1151420496  
0.4141741985  
1.618613205  
0.6334271722  
0.8545869859  
1.468743472  
1.105168936  
1.304349572  
0.8777434971  
0.5187650585  
-0.1192519383  
0.5753217545  
-0.6078050032  
-0.5731550793  
-0.5099843585  
0.4892974802  
0.4329806889  
-0.5995497581  
0.7019380912  
-0.6441423309  
-0.8514556899  
-2.368858704  
-0.6577112294  
-0.2287474011  
0.02168764114  
-1.288693402  
-1.554319708  
-0.6882329538  
-1.626924989  
1.971686001  
0.5968503124  
0.7526749057  
-0.8629984103  
-2.413749341  
-0.3541475814  
0.9695846448  
2.412960276  
1.916254434  
0.6311545665  
0.3081106907  
-0.3260544747  
1.639696737  
0.9121539151  
-0.5216288568  
-0.84094921  
-1.145301709  
0.8751624856  
1.807108751  
-0.9551645179  
-1.410706117  
-1.59181276  
-0.6827158091  
-0.1551930908  
-0.4002077408  
0.2234624102  
0.01934646541  
1.230537281  
0.3015916652  
0.5204720778  
1.44396592  
0.6462885472  
1.282645069  
0.9808402667  
0.7475332276  
0.9303213505  
1.511700428  
0.8613481388  
2.098608685  
0.2337625755  
1.209372021  
1.531995035  
1.796676126  
1.092439909  
0.1845418802  
1.046195558  
0.1965106872  
1.965356008  
0.5148616105  
-0.6383871199  
0.9045488449  
1.516273758  
1.243679538  
1.281244546  
-0.1121157766  
1.056684436  
0.3740567776  
0.6617413071  
1.723469387  
0.4070073131  
1.031395121  
0.0004681343898  
-0.658137043  
-0.6514645848  
-1.1005663  
-0.1950391246  
-0.3979311582  
-0.1530074142  
-0.3721453235  
-0.1469584973  
0.4045453793  
0.580029367  
0.4136139217  
-0.5103722411  
-1.678777971  
-0.8197837953  
0.3555956546  
0.5867802947  
0.5336605641  
-0.375003446  
-0.5453402954  
-0.7523219254  
-0.601909032  
0.2920729495  
-0.9124138396  
-0.8222822854  
0.1272054603  
0.7540089682  
0.2709559171  
-0.2427668238  
-0.99702637  
-0.2423011785  
0.9768021082  
1.901355329  
1.992051877  
0.6302167561  
-0.7254307927  
-0.4903054028  
0.8691733249  
2.211359862  
0.5907700721  
-0.1145449241  
0.2537103414  
-0.1532568042  
-0.4265924932  
-0.03376119406  
0.1598120055  
0.0183968359  
0.02513778942  
-0.1336131124  
-1.466798965  
-0.2123076059  
-0.1873338877  
1.025214307  
0.9630687682  
0.4848956559  
0.8816365833  
-0.6167486807  
0.1681397822  
1.005054234  
-0.3771073557  
-0.3840912678  
0.1623409818  
-1.267885946  
-1.758038676  
-0.1842658445  
0.4479279534  
-0.5503246893  
0.5381997878  
0.4059617052  
-0.08620469436  
0.2449726885  
0.6787967567  
-0.05841810606  
0.2415369716  
-0.2131685949  
0.1634651027  
-0.1342830771  
1.676618258  
2.694828605  
1.808955716  
1.547671373  
1.26687599  
-0.2903315847  
0.1230185192  
-0.09777121947  
-0.6234884107  
0.6183507887  
-0.2558488721  
-1.320347698  
-0.1228032747  
0.06452425946  
-1.068783531  
-0.7732346881  
0.6178965314  
1.001173089  
0.09925922348  
-0.2454024641  
-0.5023801109  
-1.255962968  
-0.7284549052  
-0.2628231883  
-0.3164835688  
-0.2997841188  
-1.040019045  
-0.3884024934  
-0.5987707535  
-0.6926620433  
-0.6704382537  
-1.255968567  
-0.7090920773  
0.8739675311  
-0.01121290678  
1.478954451  
1.282298585  
0.07480320588  
-0.1908059631  
1.613593801  
3.064858416  
1.951264735  
0.812730151  
-0.07986411975  
-2.181952256  
-0.8629292548  
0.8763166295  
0.4227671042  
-1.049162787  
-1.97788522  
-1.822717103  
-1.498255302  
1.07104616  
0.8964585751  
0.2485939267  
0.1244325599  
-0.5790585283  
-0.8721471131  
-1.405701645  
0.6035995515  
0.203344987  
-0.5057028277  
-2.1205958  
-0.659591073  
-2.029677897  
-1.649896181  
-0.9509580026  
-2.023155346  
-1.753552775  
0.7562060746  
0.2902709567  
-0.6389217134  
0.8801117243  
-1.453092358  
-0.7763052195  
0.8100306062  
0.2835470182  
0.5187504196  
0.9044092852  
1.422272832  
0.08002744218  
0.1894917303  
0.1079859509  
-0.2126513062  
-0.946603098  
-1.076278416  
-0.007869060592  
0.395471829  
-0.04324516781  
-0.6385799782  
-0.7793101357  
-0.1005390747  
-0.3253202777  
-0.5136931431  
-1.207099508  
-1.137099569  
-0.7991482496  
-0.7993713237  
0.7264252168  
-0.8667240616  
-0.3979971107  
-0.9079023626  
-0.08060398094  
0.1840915656  
0.3047872229  
-1.403157578  
-2.751071016  
-0.7481700973  
-0.1739221133  
-0.2218890702  
0.339449884  
-0.1195787406  
-0.1029233989  
0.7919949889  
1.344654997  
0.4226768857  
0.04251314097  
-0.3181246743  
-2.240595763  
-0.4773460306  
1.654412588  
1.162816945  
1.490317635  
2.107956301  
0.8080511756  
-0.1647298093  
-1.262849812  
-1.189944046  
-1.211768473  
-0.4763646967  
0.5147800775  
0.9141848514  
-0.2863972308  
-0.3433742682  
-0.04872591014  
-0.2891250931  
-0.4504546045  
1.188176753  
1.006645103  
0.122742425  
0.368735586  
0.1686220485  
2.059519752  
