1.127229885  
0.5209385649  
-0.5750726516  
0.9158627575  
-0.5922719846  
-1.103830585  
0.05255347579  
-1.065538988  
-0.7003673686  
-0.3597726148  
-0.5968433617  
0.5530648685  
2.032677112  
-0.2869115723  
0.02263143676  
-0.2390490177  
-0.3907540858  
-1.103815181  
0.2903177439  
0.2068424743  
-0.2169877212  
-0.681243873  
-1.45480486  
-1.052084316  
-0.2145371742  
0.08084592182  
-0.9242280899  
-0.9872121378  
-2.511756144  
-0.5635786494  
0.689913523  
0.8248749634  
-0.1637712214  
-0.7300465985  
0.6695172516  
0.5401995592  
0.8050728332  
1.021632013  
1.412624815  
-0.5905194911  
-0.8498185429  
-0.09199864059  
2.443530802  
1.404769034  
0.3465737321  
-0.2339591955  
-1.012659343  
0.2717846018  
1.349430651  
1.841709637  
0.9644296965  
0.3552536049  
0.2682982756  
0.9724993598  
0.9809180095  
2.430984352  
1.628872557  
1.281634189  
1.481368554  
0.7029999545  
1.158699093  
1.11158132  
-0.3034122254  
0.004159300312  
0.9606622985  
1.310115932  
-0.4893559216  
0.2422775317  
-0.8023512789  
-0.717668452  
0.6988854071  
1.037785433  
-0.660843255  
-1.375556667  
-0.8297988452  
-2.213328198  
-0.3483760702  
-1.163796763  
0.04647463029  
-1.667652931  
-0.6776504324  
-0.8083897099  
-0.4299748685  
0.2115802151  
-0.8296063912  
-1.238166791  
-1.93765556  
-0.4918969922  
-0.9438285865  
-0.4220301041  
-0.3263258601  
-1.270382245  
-0.580037774  
-0.6360457172  
0.07949488167  
1.264301071  
0.053582745  
-0.9412858725  
-0.8199771033  
-0.5664855743  
0.1569995257  
0.6640352536  
1.778961852  
-1.207333975  
-0.8143785215  
-0.1199693812  
1.018782482  
0.7894245107  
0.3857666326  
-0.2656867192  
-0.7977678126  
-0.1309081824  
-0.6645533247  
-0.8142129428  
-1.65711894  
-3.302892143  
-2.030433645  
-0.724143754  
-1.045389658  
0.3264494482  
-0.3310118858  
-0.5848459023  
-0.3023431214  
-0.1987366337  
-0.5621839154  
1.256152589  
2.399181649  
0.4664214107  
0.1504698476  
0.1933853618  
0.1339590839  
0.926728664  
0.8868346266  
-0.1483671394  
-0.08870329919  
-0.8145168636  
0.6432353442  
-0.1437073071  
-1.072063073  
2.548184804  
1.094278369  
1.172472514  
1.815870612  
1.647800863  
0.9055489824  
1.547313749  
0.2935710781  
0.5735895499  
-0.5611308987  
-0.6411030711  
-0.5815255615  
-1.94256913  
-0.5537813307  
-1.451526825  
-1.241316246  
-0.4036806456  
-0.9298708169  
0.03222371317  
-1.288039035  
-1.03360174  
-0.4968560938  
-0.4466884467  
1.275220071  
0.297890385  
0.08400109354  
0.2464485855  
-0.03108672703  
0.7948716017  
-0.176204558  
1.569866446  
-0.1984125  
0.3450029469  
0.8434593754  
1.172121642  
0.7317218899  
-0.9446468644  
-0.7948617554  
-0.4526787156  
-0.649994528  
0.02212401653  
-0.2407524885  
1.616018472  
-1.048835907  
-1.141057989  
-1.000035798  
1.223810457  
0.7521385113  
0.2340635715  
-0.7675094917  
-0.3283768272  
0.2732034417  
2.93614958  
1.095571298  
1.486175745  
1.006990611  
-0.6274375122  
-1.964608009  
-2.548099298  
-1.072876747  
-0.8431180608  
-0.1511138361  
1.940750532  
-0.4375228649  
-1.393904404  
0.2479364022  
-0.1500978545  
-1.006483427  
0.5049734785  
0.402044837  
0.7250819404  
0.3624390006  
0.7166392984  
0.416971187  
0.1962567099  
1.26708671  
0.6704194764  
-0.2488425116  
-0.6397407937  
-0.926775038  
-0.3743658581  
-0.138687936  
2.031473889  
1.426270693  
0.3170301911  
0.6610317155  
0.4972721822  
0.3057865392  
0.3159602773  
-0.08503840772  
-0.9038682593  
-0.4759688514  
1.081321254  
2.420776165  
1.474150034  
0.2040333782  
0.08672316416  
-1.399751757  
-0.004026675564  
0.9656884261  
0.230770349  
-1.135991098  
-1.197957763  
-1.621145521  
-1.901165553  
-0.5445796109  
1.093698347  
0.6006460263  
0.008232154484  
1.455746  
0.2224375012  
0.3501667835  
0.09669268035  
-0.4564425564  
-0.8078724474  
-1.731933147  
-0.5601716348  
0.07178586622  
0.4656185215  
0.9015551611  
-1.436247786  
-1.286508254  
-1.8196106  
-1.688837421  
-1.845503644  
-0.2182379317  
0.3206029613  
-1.201182178  
-0.1265258707  
-0.3742833284  
0.08053522969  
-0.5306241725  
-0.8491754411  
-1.427952559  
-1.212845983  
-0.5432252426  
-1.413167086  
-0.288409456  
2.021792588  
1.761270375  
0.2192878327  
-0.2423762433  
0.9315650875  
-0.8298755275  
-0.1110305844  
0.4928322314  
0.6638465453  
0.874977719  
2.396159165  
1.444386857  
0.2819908363  
0.3085373745  
-0.3392112441  
-0.1334507522  
0.1725738085  
1.240633013  
0.3690899627  
0.1495982974  
0.8443252268  
0.3901839182  
0.4933382718  
0.01445743002  
-0.3970178595  
-0.8335963638  
-0.7992381276  
-0.691673978  
0.3411165296  
1.469793851  
1.098758734  
1.50652883  
-0.7742664834  
0.774681701  
0.04744421987  
0.5474704667  
0.6882074304  
-0.6046469041  
0.3306079606  
-0.5515047625  
0.1915503109  
0.6934195294  
0.4297917889  
1.064854337  
1.311141778  
0.3748139906  
-0.08439773121  
0.2185464439  
0.1106975218  
1.00376128  
2.180789094  
2.384497569  
2.237162014  
-0.2060569985  
-1.099956975  
-1.277015873  
-0.5828392591  
1.953794007  
2.635973802  
0.7384762344  
-0.3805348485  
-0.5553120068  
-1.594267677  
0.3146259198  
0.1945938339  
0.4163521243  
0.7538620539  
-0.07932745091  
-0.4881649154  
0.4010913317  
-0.5400152032  
-0.4111970773  
-0.7197105916  
-0.1572657998  
0.8836374048  
0.07338304266  
0.8291014002  
-0.4989500579  
-0.4937246792  
-1.373163284  
-0.2652178211  
0.4163942995  
1.024454869  
-0.4313720214  
0.2558781903  
-0.1941721477  
0.5624064757  
0.8506149002  
0.3383014261  
0.68061434  
-0.7652642641  
0.8247335976  
0.8606719798  
-0.06817563964  
-0.8952001878  
0.949875353  
0.1677142664  
-1.173043154  
0.4451822071  
0.5059157882  
-0.9883165517  
-0.4656020989  
0.2209231791  
0.1764922548  
-0.903496334  
0.07438191435  
-1.284733287  
-0.9203332587  
-1.009085518  
-0.94076282  
0.1607929424  
0.6247767205  
0.0232971046  
0.2113295322  
-0.7137331302  
0.2194171724  
0.4083400141  
1.939396574  
-0.09972071913  
-1.591962607  
-0.5753456998  
-0.578337278  
-1.371844382  
0.3790454368  
0.1101227325  
0.3708957826  
-0.2641487484  
-0.7970270019  
-1.200246338  
-2.984636068  
-2.557188374  
0.1325078371  
-1.204965638  
-0.2414120585  
0.2660788988  
0.7825792773  
-1.509322322  
-0.2220697723  
-0.8815053503  
-0.1485694052  
-0.6954922735  
2.170651138  
1.309028979  
