1.733749888  
2.097346395  
1.12839789  
0.8039469641  
0.3909876303  
0.1170674388  
0.5304089946  
0.4535940763  
0.2461539709  
0.1467857377  
-0.01802458738  
0.3798795358  
-0.8360588595  
-0.3936698851  
-0.002804086364  
-2.144772981  
-1.304412593  
-1.482843758  
-1.967306416  
-1.770093371  
-0.9672397713  
-1.02875508  
-1.273179789  
0.1530387224  
0.3611250839  
0.243839446  
-0.9629772322  
-0.8207736346  
-0.4174512539  
-0.4820617887  
0.7681003141  
0.6580792119  
0.2394967583  
0.06971219075  
0.2203174174  
-0.1652117082  
-1.03445697  
-0.4408807776  
-0.6439884978  
0.2416536928  
-0.2849809675  
-0.1188928941  
-0.1318816982  
-1.005437696  
-0.7980541029  
-1.403610688  
-0.870495092  
-0.4205993852  
-0.01851072035  
1.046783709  
1.17413617  
0.7974772648  
1.445293971  
1.550358748  
1.516596403  
0.9053769178  
-0.1346100523  
-1.049784456  
-1.583599214  
-0.2390192505  
-1.372132735  
-1.074951697  
-0.3890606106  
-0.1256554566  
0.3952968253  
0.9075286574  
0.6921197609  
1.346935038  
-0.07373845704  
-0.7073783987  
-0.5577995358  
-0.9347954483  
0.5746671525  
-0.3857624452  
-0.7300948997  
-1.131709444  
0.8226846239  
1.110137342  
0.9809713818  
-0.2868576261  
-1.616172434  
-1.527910493  
-0.9477469822  
1.422911014  
1.363796417  
0.09659323179  
-0.4105634289  
-1.087667398  
-0.4453996081  
-0.7262761257  
-0.631556484  
-0.07769141448  
-0.812801309  
-1.10056291  
-1.263950451  
-1.798448266  
-0.4224500469  
-0.5731574217  
0.4017148722  
-0.3150216602  
-0.5183058742  
0.176324367  
0.2124446306  
1.133118975  
1.80228776  
1.69086322  
0.8213436995  
0.163256008  
1.379659148  
2.638964854  
2.433439391  
2.676568596  
1.211577972  
0.7394332118  
-0.417779688  
-1.057752137  
-1.389770676  
-0.716877344  
0.8921351839  
1.613417878  
0.9308594487  
0.1053637255  
-0.1828719675  
-0.932680737  
-0.4514951226  
0.766922921  
-0.4547195698  
-0.5933876956  
-2.061480563  
-1.845256943  
-1.064906807  
-0.215535683  
-0.3774328572  
-0.03441280618  
-0.8222297292  
-0.9817201432  
0.2922700014  
0.5945306713  
-0.06223507673  
-1.362368413  
-0.996506907  
-1.09777882  
-0.7164464172  
-0.3715911444  
0.8246102222  
0.06576798882  
0.05002574094  
-0.6996029692  
-0.5075313249  
-0.8593729646  
-1.119374473  
-0.2184547747  
0.1086621383  
0.6176026129  
1.498742051  
1.861800803  
1.574564442  
0.133438718  
0.5471942734  
1.232988146  
1.533960521  
2.318057894  
1.423000562  
0.5210820602  
0.3394559641  
0.5048277506  
1.526221922  
1.302160686  
0.8835478658  
0.0167315657  
0.09423574872  
-0.939695918  
-2.412603432  
-0.9579894685  
-0.929037215  
-1.047084384  
-1.236925497  
-1.229290114  
0.3000394231  
0.2853562503  
1.067857741  
1.329352202  
0.1429890421  
-1.011108651  
-1.275458469  
-1.575634089  
-0.823735946  
-0.8908797786  
-0.9055084251  
-1.264320538  
-0.7807097574  
-0.5773122283  
-0.352837179  
-0.5023433498  
0.4236367861  
0.2016383675  
0.798149489  
0.8375606552  
-0.3693255404  
0.03945786299  
1.359555802  
1.779718973  
1.811876564  
-0.05247761186  
-0.1722971379  
-2.074818503  
-0.8875109043  
0.2778225607  
0.3639540567  
-0.6421957694  
-0.4735313026  
-0.06679853975  
0.9744171079  
1.701778326  
1.399394841  
1.082685509  
0.2109325763  
-0.621459318  
-0.7615751506  
0.3538783738  
1.367038013  
0.7691322758  
-0.1764462971  
0.3340209474  
-0.2601238964  
-0.6723979738  
-0.5721941588  
-0.5094032701  
-0.1052609116  
-0.007198422483  
0.3571722579  
-0.2120322692  
-0.09158950354  
-0.8597349192  
0.04416187818  
0.1685388913  
0.09974984959  
0.1331775252  
-0.2039274214  
-0.1598380257  
-0.510953019  
0.264552471  
1.670481524  
1.145970443  
2.040453348  
1.705149432  
2.283632779  
2.80321326  
2.316992887  
2.665691739  
2.800118471  
1.733324194  
2.309391092  
0.7822949082  
-0.4743575802  
-0.8039429082  
-0.8282642205  
-0.4632960993  
0.5161698539  
0.33661034  
0.2899108884  
-0.8011542238  
-1.004768672  
-1.357447407  
0.006792565567  
0.7357920982  
0.6189529148  
0.5513269685  
-0.231161885  
0.2964581625  
0.2888888926  
1.376600527  
-0.03407907808  
-0.3419951268  
-0.1474449597  
1.45408167  
1.599069421  
0.1701114024  
-0.9726627618  
-0.2643908713  
1.076799278  
0.4812597558  
0.1637172997  
-0.2049413401  
-0.1120033404  
0.04388875008  
-0.326917865  
-0.3978491163  
-0.104656117  
0.6654776412  
-0.3246576861  
-0.03701302399  
-0.7624160019  
-0.6041044114  
-0.2644971273  
1.100007454  
-0.08246296335  
-0.8248341436  
-1.776895127  
-0.4715999046  
-0.5548182824  
-0.7594455144  
-1.136160348  
-0.2797887024  
-0.2329475726  
1.914894062  
0.6010449604  
0.394455568  
0.5180769528  
0.2245920002  
-0.211939415  
0.2142848499  
0.8565757441  
-0.02055004811  
0.8747484228  
0.6909748967  
1.47912724  
1.324883018  
0.9825096842  
-0.6392736015  
-1.837975527  
-0.5679636582  
-0.4442907832  
-0.2630570395  
-0.1243960125  
-1.105012973  
-1.112651718  
0.09937996405  
0.7686348494  
1.44299148  
0.8674454181  
1.383063277  
0.07548628232  
-0.4314848591  
0.06001593442  
-0.511378678  
-1.897165073  
-0.9371409812  
-0.0217866957  
0.9660035935  
-0.5301412247  
-0.121902338  
-0.9882138289  
-1.563929261  
-1.805965236  
-0.9624758977  
-1.275173555  
-0.4249303009  
-1.449240583  
-1.266938901  
-1.853208898  
-0.5570978832  
-1.843009278  
-0.5400331287  
-1.250577342  
-0.5750158614  
-1.867112052  
-1.549696587  
-0.04010563072  
0.843135621  
1.660188457  
1.046877894  
-1.330893227  
-1.517723221  
-0.8389849448  
0.390417219  
0.3625451874  
0.4976804817  
0.4159569389  
-0.4777070282  
0.1853136809  
1.581636322  
1.534405578  
1.202067749  
1.581609638  
0.1867346632  
-0.4242778012  
1.462609789  
1.826737879  
1.178479188  
0.01791847835  
-0.7458106374  
-1.813773015  
0.1141147826  
1.663098712  
1.027552408  
0.5764882704  
0.07931644565  
-1.153789637  
0.1510678963  
0.5989400581  
0.6638060313  
0.2433494706  
-0.3826896297  
-0.1556757986  
-0.8370254282  
0.5264110672  
0.2612061636  
-0.6260904298  
1.002220641  
0.5157614421  
0.5695244346  
-0.2015914179  
-1.284715033  
0.1223621067  
-1.062850222  
0.5112951254  
-1.290953452  
-0.6517821151  
0.1512184199  
-0.2618698474  
-0.05818593783  
0.1912520505  
-0.441612274  
-0.8068827871  
-0.5981706925  
-0.60366702  
-0.6882294131  
-1.504508835  
-1.396771813  
