2.363022085  
-0.09140827477  
-3.394488726  
0.4048431498  
-0.07784480479  
-3.000738849  
-0.7142408079  
0.1851137345  
-1.152818299  
-0.8106179612  
-0.3137552052  
-2.019672105  
-0.3906772361  
0.190485937  
-0.8346676096  
-0.343367446  
-1.123179239  
-1.319623753  
0.6670150852  
-1.435120774  
-0.3235338778  
1.306159865  
-1.23508853  
-0.07608134572  
0.03093174364  
1.233396927  
-3.063642173  
0.4274227041  
1.078664796  
-0.3933809721  
0.2689243129  
-0.8157728775  
0.6302548644  
-1.25086787  
1.027793898  
0.3638780148  
0.1459023462  
-0.5332878705  
1.510855247  
-1.037043194  
-0.08160318273  
1.219673062  
-0.01406671111  
0.1042915884  
-0.7172310658  
-0.3906539171  
-1.318099926  
-1.27545067  
0.9642393309  
0.1446933776  
-1.100464316  
0.6537447801  
-1.590032715  
-0.3017590771  
0.3878178332  
1.814682662  
-0.755487079  
0.9364280517  
0.4498605849  
1.438864399  
0.898832872  
-0.5625100568  
-1.389716163  
-0.6026933253  
1.143248972  
1.254650256  
1.03847496  
1.974208383  
-0.2124319754  
-1.489257612  
1.342546254  
0.1722033664  
0.06032629323  
1.171339722  
0.7825210574  
-1.122903622  
-1.896938625  
-0.8027777278  
0.2679434412  
-0.4912135657  
0.3680372617  
0.6909853227  
-1.835753212  
1.315863004  
-0.1467121638  
0.04978308948  
-0.1311120208  
-0.7714828379  
0.1286666648  
-0.1753864894  
0.03286581822  
-0.6513761307  
0.1013794668  
0.6438391442  
1.304296763  
0.2744470095  
-0.1545625463  
0.01285670382  
-0.3646247661  
0.7952920759  
0.3864414505  
-1.235183402  
0.9776742923  
-0.410601586  
-0.5148711218  
-0.9005290273  
-1.182863847  
-0.7438187604  
-1.331380219  
0.9344390079  
-0.5574346249  
-1.402785332  
0.7798574234  
1.574038386  
0.4266856107  
-0.1398640529  
-0.6332473422  
-1.386391007  
0.2511746736  
0.7924840656  
-0.6470645846  
-0.1132187617  
0.7684194908  
-0.714775188  
-0.8791219483  
-0.1873037661  
-1.199597083  
-0.6125670019  
-1.329796916  
0.1485870371  
-1.226042075  
-0.1008122308  
0.1284053959  
-0.4608787786  
1.217502581  
-1.862146675  
0.9668751519  
0.4449608184  
0.4906247122  
1.128937082  
0.0851949814  
0.8602992457  
-0.1340820976  
0.2179172818  
-0.1079462993  
1.223118169  
-1.44779919  
0.5218031588  
-0.2689652154  
0.7204912818  
1.900088524  
-2.563938388  
-0.5990676395  
0.05272418689  
-0.5969229966  
0.9539287533  
-0.6111113219  
-1.931321038  
0.4668854889  
0.2960985203  
0.01309358477  
-0.4812715887  
1.067449077  
0.842332019  
-0.2915817238  
1.203568582  
1.166121593  
0.455231198  
-0.6683068762  
0.6820257166  
-0.1567735794  
1.248940826  
-1.194229896  
0.192533733  
-0.6318303959  
0.3740249  
0.620842607  
0.5257002629  
0.1691694292  
-0.721965233  
-0.3772368666  
0.1042135698  
-0.7974614338  
-0.7474730292  
1.703586406  
1.567984368  
-1.452006948  
-0.4083028027  
-0.02234653985  
0.0330659231  
0.4219612226  
2.25878331  
-0.09564123909  
0.03126500684  
-0.5372624544  
1.176852916  
1.255460771  
0.4786832824  
0.8995202013  
1.000574657  
-0.07857601094  
0.7998461705  
1.09885854  
-0.05001073242  
2.526706874  
-0.06279287257  
0.2275423642  
0.4672068092  
-0.1939220239  
-0.607878622  
0.1428066328  
0.985708765  
-0.1097070858  
1.047291891  
1.331602454  
0.06381516662  
2.926113472  
1.213667391  
0.9452786569  
0.6072158154  
1.059911452  
1.704543225  
0.8906618624  
1.552296998  
0.9567197039  
-0.5082757375  
0.5650074579  
1.028717201  
1.128129233  
1.111849666  
0.03880180949  
0.1652791706  
0.3050919582  
1.543198573  
1.9398074  
0.3135852028  
1.16776682  
1.118495506  
0.4002590329  
1.118785067  
1.691507473  
0.5531850329  
0.5536836052  
-0.3456501789  
-0.2459492618  
-0.8519670648  
0.5375998684  
1.091526849  
0.7070802639  
1.987150457  
0.4316358321  
1.175386715  
1.245610439  
0.9457725081  
-0.4486087972  
-1.185982587  
0.4325746587  
0.9450776621  
0.3195431829  
-0.106078314  
-0.740818662  
0.9126605468  
0.5810228052  
0.1788314458  
0.5726078404  
-0.3005259406  
0.7406104149  
1.154257787  
0.7850470706  
0.3870888742  
0.7483869489  
1.084760534  
-0.2360872675  
-1.178653512  
0.9450254172  
-0.07598654004  
1.159851717  
0.4698158594  
0.3292772463  
0.5717646538  
-0.9487712772  
1.198122007  
-1.385373728  
-0.7610267715  
-0.3444883687  
-1.368123447  
-0.145652941  
-1.232402301  
1.309951399  
-1.03456861  
-0.5010224262  
-1.398738969  
-1.125706781  
0.4447971049  
-1.027184681  
0.5454910255  
1.993316198  
-1.055846692  
0.3022202796  
-1.938602568  
-1.201193941  
-0.2204263853  
0.8765101344  
-1.354494197  
-2.258185278  
-2.467830492  
-1.242248641  
0.8789883533  
-1.685274938  
-2.18851919  
-0.2946297102  
-0.1331673386  
-0.2409474291  
0.6494984713  
-0.9187545011  
-1.403866561  
-1.199564599  
-2.317584468  
-0.6168906669  
-1.231561012  
-0.4023623236  
-1.044698413  
-2.017371321  
-0.7120170887  
-0.6615844478  
-1.15255962  
0.1927676073  
-0.8123034129  
-0.2038989404  
-2.660866364  
-1.534005737  
-0.6315390335  
-1.481941281  
1.608653332  
-0.8842111564  
-0.996826069  
0.4098889761  
0.9649096218  
-1.011677963  
-0.5379059517  
1.322795209  
-1.613898872  
-1.314254368  
1.385180279  
-0.4230822926  
0.138408579  
0.5813663472  
0.02099838735  
-0.1080799442  
0.2444015226  
0.1752481063  
-0.1399044442  
0.533271507  
0.9742981117  
-0.4201853648  
-0.5652038904  
0.413340183  
1.198507099  
1.025957493  
0.2169758805  
-0.04283392396  
0.2963306645  
-0.5384600314  
-0.8168313106  
-1.576996298  
0.9188510306  
-1.298294007  
-0.5764137656  
0.193793218  
0.4954744545  
-0.14565905  
-1.36221707  
0.09422921706  
-0.7046434797  
-0.487539755  
1.072353641  
0.5312310532  
0.7526191842  
-1.227582013  
-0.006999041258  
0.1727485366  
0.4491168543  
-0.03526768646  
0.5311139857  
-0.7819689122  
0.7626285548  
1.129344719  
0.8404770099  
1.210173378  
-0.7367337775  
0.8357960369  
0.2312171099  
-0.2983951454  
-0.2988434891  
0.5324516013  
-0.3186486056  
-1.341966525  
-0.6321977302  
0.05173328992  
-0.4481474462  
-0.460975543  
1.249338161  
-0.4854722243  
1.062768026  
1.434190305  
1.412298599  
-0.4677511674  
0.9947642  
0.8451010798  
-0.6693483555  
-1.900056064  
-0.6665187785  
-1.775734174  
0.1618121697  
0.6925646397  
0.09257623744  
0.239812733  
-0.9585366996  
0.6738316868  
-1.603834943  
