-0.1046733305  
1.217930203  
-0.6028044216  
-0.4685266135  
0.9534240555  
-0.3455312104  
0.292661821  
1.160792573  
-0.6545611194  
-0.1277258129  
-0.5263387241  
0.3079008141  
-0.2198618215  
1.579142902  
0.7652046734  
-0.5273941892  
-0.542778421  
-0.6711578769  
-0.04402147977  
0.6191960372  
0.5546489116  
0.4821094092  
-1.404309999  
0.563368015  
-0.9263816998  
0.9484788828  
-0.07370098086  
-0.4273703418  
-0.592594807  
0.02258094542  
-1.336120874  
-1.476148722  
0.8520098373  
1.372947161  
1.428367278  
-0.02939145849  
0.15277224  
-2.133057841  
-1.493265218  
-1.538115515  
2.7143043  
0.7886290359  
-0.8269095089  
2.823244513  
-0.8601786747  
-0.26499825  
1.292942343  
0.9669260566  
0.3704006286  
0.3179960682  
-0.8756365807  
-0.1649001451  
1.459619475  
2.134922122  
1.934196083  
-0.5385986609  
1.397988973  
-1.254863812  
-0.846606603  
1.281503016  
-0.8553082675  
0.3760150587  
0.1445078348  
0.1065840933  
0.5698581144  
-0.1437096683  
-0.475701323  
-1.599371121  
-0.9472500379  
-0.2006346196  
-0.05550484761  
0.1627117004  
0.4662061277  
-0.2265901653  
-0.7105826974  
2.598314829  
0.9954320076  
-0.5233253994  
-2.061833664  
-0.5028935453  
0.3356554904  
0.01595261628  
1.294666278  
-0.4491171696  
-1.389096468  
0.8150567685  
0.7485426481  
-0.8950222901  
1.372948028  
-1.262434025  
-0.7841713091  
0.2641097798  
-1.146211616  
0.7742744332  
0.7073052948  
-1.067008854  
-0.8866507441  
-0.5689874357  
0.3547705092  
0.6957967185  
0.279769567  
-0.3241194142  
-1.302024908  
0.2095965121  
-0.3302462337  
-1.00068265  
-1.380007877  
0.1894226275  
-0.8424408784  
-0.4158860515  
-0.7810305366  
0.6715062392  
-0.8369172826  
-0.5162348468  
2.514701672  
0.1634001778  
0.712130786  
0.8071919663  
-0.469704616  
0.3117518723  
1.480410707  
-0.5324011262  
0.09506459132  
-0.00783388  
-0.3794978959  
0.5242949014  
-0.2163160102  
1.349227916  
0.8892086586  
0.158144566  
1.870296129  
1.195666451  
-0.3413322155  
-1.483261374  
-1.454352283  
-0.3549781339  
0.3002742497  
2.18688026  
0.5489129174  
-0.7005726846  
-0.07799346964  
0.8716846548  
0.895740387  
-0.1240382795  
-0.3818581647  
-0.9121516249  
-1.07308068  
0.7766728411  
-0.8903538719  
-1.777953275  
0.6184504748  
-1.140615341  
-0.372956526  
1.176451819  
0.7095015724  
-1.56093373  
-1.148734863  
-1.79899654  
-0.1991894405  
-0.5970210971  
2.39607553  
0.6806865143  
0.01543779583  
0.8208855344  
0.3920457923  
1.353952475  
1.3303771  
2.200132169  
0.2037741464  
-0.3359343389  
-0.03476514207  
-1.165176529  
0.246156191  
-1.087987837  
0.1043368693  
-0.9333758745  
-0.9128796867  
-0.9758928462  
-1.163006127  
0.3241268525  
-0.2228507888  
0.5632931799  
1.848931473  
3.281346454  
1.022132562  
0.2957168166  
0.1968861398  
-0.05762429456  
-0.2487440749  
0.759964582  
-0.2106920578  
-0.1974487827  
0.6537541113  
-0.3904098126  
-0.7736801054  
0.5406616809  
0.563093861  
0.8222415248  
-0.7297486794  
-0.2320390315  
-1.820835654  
0.5710763036  
0.7987907839  
-0.4928545166  
-1.626622128  
0.06582700292  
1.419021301  
0.5956117281  
1.203389395  
0.2909647069  
-1.114446449  
-2.58151177  
-1.435241583  
0.1234148253  
1.771707571  
0.8291616689  
-0.3985208791  
-2.136219582  
-1.202005349  
-0.0946743175  
-0.3570495664  
-0.03631755039  
0.1757557059  
-1.477570995  
-0.8138375424  
-1.329372735  
0.1437962094  
0.6622273588  
0.4341159317  
-1.594913607  
-0.8882395146  
-1.596291  
-1.080649432  
2.028237444  
1.687805993  
-1.158072027  
-0.2957882974  
-1.672461666  
-0.5429183828  
-0.6740755159  
-0.1121866271  
-0.0006406046704  
-0.4122859006  
0.3289376784  
-0.4965632451  
-0.1544060052  
1.350293755  
0.6407242866  
-0.7566139602  
-0.3379254078  
-0.9010960456  
-1.25917229  
-0.7190299076  
0.5772700677  
-0.9805031044  
0.3789634255  
0.5020191053  
-1.25817939  
-2.321698783  
1.683943204  
0.9918391462  
-0.9212976691  
-0.3184127634  
-1.745072922  
-0.08168294119  
0.2842717652  
-0.06667332385  
-0.5625234214  
-1.766734395  
0.3942653566  
-1.090346675  
0.1555325513  
2.173377803  
0.9461754963  
-0.7871575553  
-0.11738995  
-0.9982634478  
-1.783019581  
-2.029751652  
2.281848394  
-0.2342003042  
-0.06560802988  
0.7655706942  
-0.9070077719  
-0.2239305249  
1.745879416  
0.9659440521  
-0.8809766991  
-0.5699721168  
0.4720816037  
-0.1895544219  
-0.5757438244  
0.1234926539  
-0.2880218782  
0.1095464748  
0.9144850888  
0.9860226102  
-0.1256109823  
-0.5451923451  
1.13463281  
-0.1546438012  
0.625660838  
0.8936808459  
1.351322058  
0.5521146241  
1.555014238  
0.4060964726  
-0.3132168867  
0.06160928446  
-0.0006685499348  
-1.752356373  
-0.3870357602  
0.6195582267  
-1.280314341  
-0.7882744396  
-0.7356176614  
0.5623608521  
-1.076090887  
0.8153880558  
-0.00684458177  
-0.5119082578  
-0.8094082883  
1.520618096  
-0.7504964391  
-2.44880939  
0.5819857112  
-0.2991930427  
0.6528099617  
1.079868251  
0.3790711187  
-1.767996248  
-0.923747526  
-0.02984263466  
0.5956816467  
-0.4037527975  
0.1230804316  
-0.2945277974  
-1.198672017  
1.475167421  
0.6239442134  
1.378669139  
0.7515657788  
-1.815298901  
-1.140500205  
-0.6192759526  
0.466579106  
-0.4273407927  
0.5653791256  
-0.3422917238  
0.4691351297  
0.5282889402  
0.4415945966  
0.05545853225  
-0.2446066409  
0.5219872795  
0.2822114393  
0.4966651853  
1.930114235  
1.186714833  
0.2984117379  
0.5936269813  
-1.954010645  
-1.345692177  
0.581329588  
-0.3771018866  
-0.1748409853  
0.1884222692  
0.3056025571  
-0.5330098979  
-0.5164752298  
0.6290042007  
-1.114767458  
0.2044015008  
1.678568529  
0.02105339104  
-0.2425522605  
0.2552113291  
1.251784633  
-1.443589935  
-0.0395565755  
1.63130451  
-0.1849859914  
-1.180636223  
-0.8668243336  
0.3036644068  
0.9871307758  
1.073359958  
1.15487209  
0.06921744046  
1.022019759  
0.8478831866  
0.3004551445  
1.771208608  
-1.109472021  
-0.1108428024  
-0.1602286477  
-0.02774779679  
-0.1996547394  
0.6411726025  
0.06340649664  
-2.358161081  
-0.8711276859  
0.8141210226  
0.8824069475  
0.209529954  
-0.284840352  
-0.1261729627  
-0.7061440817  
-0.8214029886  
1.638407394  
1.526134864  
-0.598047968  
0.6696080517  
0.4700512626  
0.05159604851  
-0.1098117223  
0.2889227572  
-0.2864494965  
-1.408058273  
2.369190859  
