1.076555397  
-0.6799951975  
0.2336902014  
0.6287631101  
-1.019625582  
-0.25749492  
-0.692175935  
-1.605603514  
0.001249358268  
0.568427308  
-0.4011572466  
-1.317633844  
-0.8067901257  
-0.9917001698  
-0.2983359011  
1.382738115  
-1.106733907  
-1.243396459  
-0.392192173  
-0.4421986229  
-0.3083366169  
0.3617834781  
-0.9726063773  
-0.7320991668  
-0.3027639666  
0.5433741805  
0.6216311169  
0.2881203782  
-0.3733343717  
-1.332935095  
-0.01585528021  
0.4059344091  
0.2754022153  
0.1561923691  
-0.7493942187  
-0.8517466128  
-0.6881677193  
-0.1341927286  
1.14182349  
-0.2142485208  
-0.2854739848  
-0.8551438994  
-0.09401801605  
0.6431469481  
0.716427967  
1.303233747  
-0.6780717965  
0.3299639126  
0.4327464863  
-0.5235506653  
-0.3624560459  
-1.124822512  
0.6706684212  
0.3773809936  
0.6199816565  
-0.08806399902  
-1.25753126  
-0.9150974503  
-0.8057026382  
1.760824216  
1.429482555  
0.5188993968  
-0.1889571399  
-0.5193201712  
-0.06756703904  
0.3638061083  
1.282496584  
-0.1808302423  
-1.172634383  
-1.290945874  
-0.1062301342  
0.7801702086  
0.2749691148  
-0.133953709  
-1.617137045  
-1.403851653  
-0.3400996915  
0.9863973777  
0.9300753692  
0.1406130925  
-1.307841147  
-0.8279837538  
0.2135965476  
1.485864071  
1.941976435  
0.6791287533  
-0.8505191992  
-0.8719755717  
-0.4969675125  
1.624328191  
1.949330471  
1.025105236  
-0.265241091  
-1.514396247  
-0.3372651178  
1.207370512  
1.955186757  
1.291633059  
-0.2536159727  
-0.6242259431  
-1.198334368  
0.139158899  
2.018324151  
0.81814012  
0.1027768689  
-1.103768165  
0.1490763821  
0.09651414046  
1.422967348  
1.86362008  
-0.4078597218  
-1.341149675  
-1.118712827  
-0.8330963284  
1.236800456  
0.6193559649  
0.5669596272  
-0.6437460376  
-1.145630444  
0.1960476495  
0.1350300024  
0.1276697884  
-0.4325755045  
-1.43269952  
-0.6114347675  
0.3880768295  
0.725421172  
0.1280429757  
-0.8507813523  
0.1220635256  
-0.1738049271  
0.9925014276  
1.891024251  
1.086101695  
0.1367951894  
-0.7766758591  
0.5433196891  
0.5417751182  
1.831962518  
2.009675547  
0.3883062608  
-0.3461384978  
-0.6328481544  
-0.4336232306  
0.2559871116  
1.017098384  
2.046679902  
0.2993549011  
-0.2183647484  
-1.019192825  
-0.3276638343  
0.6928396691  
0.4464053911  
0.5441961023  
-0.7834225391  
-2.415815694  
-1.092759098  
-1.13299334  
1.815270431  
1.612787129  
-0.3814885103  
-1.491864071  
-1.477088286  
-0.9453702206  
0.2535754748  
1.009645562  
1.571541562  
-1.923608808  
-1.056398924  
-1.103369649  
0.5528736828  
1.927027341  
-0.3177070003  
0.08225723356  
-0.4224881832  
0.6357281773  
1.429225463  
0.6634547475  
0.3101392362  
-0.5577023207  
-0.4142151424  
0.7242987697  
0.6024766734  
0.7474372675  
-0.8905231626  
-0.6562974384  
-0.5475258132  
0.7821559103  
0.61276701  
0.9465622816  
-0.01821287059  
-1.018792448  
-0.3454676499  
0.6644954574  
-0.635959434  
0.3007296104  
0.2229265277  
-0.754663116  
-0.2327718324  
-0.4324592651  
0.1324664276  
1.265290203  
-1.13003829  
-1.413100311  
-0.2499999364  
0.07101599213  
0.05015530223  
0.4136952863  
0.4726740852  
-0.3774977046  
-0.370641939  
0.09891427382  
-1.269267078  
-0.2306387688  
0.06409015144  
-0.7363129648  
0.9328333785  
-0.4583183506  
0.3014061038  
-0.4910862437  
-0.009064903102  
0.8839395513  
-0.2757056623  
0.6106796598  
1.229240958  
0.1999574018  
-0.3690494176  
-0.1230543153  
1.428868982  
1.529553143  
-0.09348567092  
-1.21083703  
-1.056887617  
-0.5653690974  
1.28197075  
0.61011742  
0.004153994035  
-1.411931078  
-1.266516403  
-0.2521445974  
0.5091374139  
1.55833756  
1.340873813  
-0.9640525174  
-0.9970750637  
-0.06678377878  
2.07469509  
2.135594015  
0.1249056352  
-0.9460739013  
-1.343471118  
0.4596620015  
1.184634698  
1.767926919  
1.13568889  
-2.12150469  
-1.247693126  
-1.040541125  
1.527039082  
1.269206749  
0.6537326466  
-1.155268086  
-1.951703446  
-0.837977346  
1.376669979  
1.267683216  
0.2120616818  
-1.611407349  
-1.911760328  
-0.8733047049  
0.4081499956  
0.6376121583  
0.2795512312  
-1.032592487  
-1.781921583  
-1.17086908  
-0.2255241475  
0.06391896106  
-0.8563022124  
-1.457152905  
-0.6432506583  
-0.7229925936  
-0.819751576  
0.9013532755  
0.9034407479  
-0.08275942551  
1.960504163  
1.135248429  
0.214899138  
0.0666972189  
0.4605788773  
-0.677771666  
0.3587733664  
0.6247515597  
0.6652085462  
0.785400359  
0.7526693614  
0.2993367428  
0.8497617895  
1.508449918  
2.659126833  
1.862882522  
0.1422051525  
-0.2484820118  
-0.1597042236  
1.273462505  
1.222966226  
-0.2039963628  
-1.011393884  
-1.800589434  
-0.5233177829  
0.2604330129  
1.112018575  
1.494402325  
-0.3295804107  
-2.219388931  
-1.870152388  
-1.185241097  
1.096200587  
1.868769658  
0.4544013422  
-1.266803389  
-1.401387413  
0.3851358506  
1.308809617  
1.307630907  
1.250075373  
-1.390641257  
-1.488722927  
-1.200254168  
0.1094804391  
1.136855537  
-0.1535358186  
-1.066723465  
-0.9379048804  
-0.2493606538  
0.9461441437  
0.007306011402  
-0.6034637592  
-1.666034421  
-1.873459087  
-0.2164568458  
2.106377077  
1.989654795  
1.472287406  
-1.116340109  
-0.8400666186  
-0.7026750963  
-0.07223673548  
0.7429941774  
0.4331809297  
-0.318885136  
-1.161371373  
0.734513354  
0.7880356444  
2.638688884  
0.7062810251  
0.371308474  
0.3974297724  
-0.4160928659  
0.2781654776  
0.8471787121  
0.1122801332  
-2.128472831  
-1.952449695  
-0.03176809984  
0.6922191637  
1.196934982  
0.6370372741  
-1.208341202  
-2.359614027  
-0.4438785031  
-0.2524729194  
0.7029534195  
0.5375570635  
-0.4224273769  
-0.8572613669  
-1.130543902  
0.8744180073  
1.774695886  
-0.3417567242  
-0.877966385  
-2.142667131  
-1.318005423  
0.9827935877  
0.3265089327  
-0.5547393799  
-1.693213337  
-1.956958036  
-1.346945241  
0.6960224323  
0.9283208903  
0.3075769494  
-0.1980028296  
-0.4495956271  
-1.17751116  
-0.4382983265  
-0.09319651382  
0.08571808061  
0.4293182698  
-0.7067990423  
0.1379073924  
-1.754457964  
-0.2886802141  
-0.1417182645  
0.5676044621  
-1.077969613  
-0.8529768904  
0.1984883162  
1.016687579  
0.4396965682  
0.1692773953  
0.06173635589  
-0.8635650204  
0.2869351914  
0.217882142  
1.23356952  
1.728941748  
0.8646599147  
0.7109823694  
