1.536655173  
0.06685136003  
-0.881692412  
0.006225406839  
0.05253023275  
-1.35354258  
-0.06145086981  
0.05005134776  
-0.7175882495  
0.1752569286  
-0.1386436776  
0.9722461749  
0.1384752046  
-0.7085637834  
-3.124104276  
-0.4397987909  
0.5170397101  
1.035991106  
-0.6524054486  
-1.253272123  
0.9360042519  
0.1578555987  
-2.320500559  
0.7939860328  
-1.344278164  
0.0292105136  
-0.6271417058  
-1.798283834  
-0.835039625  
-1.439685182  
-0.6613749814  
-0.3218109882  
-1.6710719  
0.3106404803  
-0.8626991727  
-0.8375873383  
0.2401081222  
0.8698629688  
1.601187486  
0.6522689161  
0.2573141264  
-0.6279914647  
-0.3931859377  
2.251422621  
-0.01526561561  
-0.1564955832  
0.8213183281  
0.3438637843  
-0.2247180836  
-3.570809809  
-0.5172077589  
0.2367537164  
0.03497747736  
-0.5018728639  
-0.5259540363  
-0.586175823  
1.717354296  
0.2586434479  
0.5005282678  
-0.1141562738  
-0.7473040802  
-1.028989348  
-0.164771007  
-0.5346773635  
0.3294649463  
0.6327335823  
0.1359310245  
0.1169864406  
0.5867821846  
0.5798732758  
0.6108687251  
0.5789160313  
-0.7024745711  
1.678433676  
0.6236521085  
0.3360389925  
0.5018598744  
-0.01529034027  
-3.184871701  
0.2871816645  
0.2653628909  
-0.2253723132  
0.2154159303  
0.4343118827  
-0.2231317806  
0.5132434093  
0.5398383272  
0.04760933087  
1.895764928  
0.3805382906  
0.139634723  
0.3255860823  
-0.926903878  
-0.3133606241  
-0.09655360554  
0.6052457376  
-0.139391804  
0.007448980632  
0.3655521295  
1.60042402  
0.4710104539  
0.1937231358  
-0.4188830026  
0.4030962261  
-0.2990105204  
1.183179437  
0.8052856188  
-0.3033978588  
0.1031303359  
-0.2616916877  
0.7815181793  
0.3500526383  
-0.7994751372  
-1.4849735  
0.1427266163  
1.897289415  
0.3969128271  
1.234167425  
0.1680591721  
0.5292581322  
-0.5892313587  
0.8285599503  
0.5611503729  
-1.762316257  
-1.620623964  
-0.5912223418  
-0.3186979442  
-0.02812740854  
0.6836869993  
1.091785999  
-0.5981498175  
1.22580831  
0.4674441668  
1.147776173  
0.2365991131  
0.9980058629  
0.1014871939  
0.8015880452  
0.2877635128  
-0.1661226335  
-0.6115044846  
-0.4899151346  
2.168128743  
0.07487107432  
1.183239989  
-0.5970533749  
-1.065833377  
-1.496729394  
1.746530005  
0.7432892525  
1.037998526  
-0.8081639863  
-0.5099902467  
-0.5795358823  
0.5221789675  
-0.1583749765  
1.023535406  
-0.2775258298  
-0.9813788374  
-1.0742672  
0.2695783772  
1.223729999  
0.8391847102  
0.08846928838  
0.2755893424  
-1.317609588  
0.1117015662  
-0.3554238546  
1.085078526  
0.7541721924  
1.150469601  
-1.300251492  
-1.048275374  
0.1654698679  
-0.06516743217  
-0.3958950618  
-0.02455123112  
0.3484575429  
-0.2356781451  
-1.456037828  
-0.1576855883  
0.3301066933  
0.8583948016  
-0.4333695691  
0.6685671611  
0.01017559679  
-0.05832740707  
0.8889867837  
0.9669032381  
-0.3328852662  
-2.139993367  
-0.7445456065  
-0.5017452107  
0.2010175374  
-0.01548396043  
-1.225400375  
-0.8736781847  
0.9862310293  
-0.4200246244  
-0.05987825402  
-0.9585828326  
-0.4113780852  
-2.551830578  
1.132517091  
0.839265635  
-0.1810206411  
0.6531083914  
0.7575525018  
0.2335430839  
-0.3996391734  
-0.04408400645  
-1.154510448  
1.25965805  
1.379960166  
0.5945831484  
-0.5264531606  
1.072199559  
1.919053652  
0.3024692123  
-0.1502431221  
-0.134061053  
0.2726377575  
0.01074186415  
0.6184053657  
1.473951622  
0.4200856019  
-0.1796610759  
-1.069684261  
-0.4552559524  
0.5496962389  
0.9380515537  
2.171203684  
-1.050827776  
0.04790797317  
-0.09802608833  
-0.2146479042  
0.3867602989  
-0.1271482986  
0.2226446519  
0.5319550967  
-0.04368798562  
-0.3258077454  
0.6255186628  
0.3466211564  
0.6686013061  
-0.003866631682  
0.5523867389  
1.028030765  
-0.7963508482  
0.820258976  
0.9325060619  
-0.6182051228  
0.1343909444  
-0.8929843153  
0.2809870288  
-0.201905854  
1.415362636  
0.5400383671  
-1.036494985  
-0.6023569056  
-3.790503854  
-0.4388553653  
-0.3883295604  
0.277121135  
1.500027292  
0.6255147767  
0.05941281519  
1.533370776  
0.2700062147  
0.3371553907  
0.0344025939  
0.08930137477  
-3.816273027  
1.33319342  
0.3699023825  
-1.429153856  
-0.3629818819  
-1.6258402  
0.4404559663  
-0.581023768  
-0.7124114355  
-0.4725994128  
0.4885526541  
1.84750497  
0.1189280739  
0.261955907  
1.473152747  
-1.287590433  
0.700059809  
0.6818632091  
-0.4412424622  
-0.312371327  
0.6049351908  
0.9239614862  
0.9385687787  
0.1078359751  
0.5295573333  
-1.337739062  
-1.232790945  
0.2717916624  
1.577379296  
0.390504774  
0.03171900145  
0.4022937861  
-0.3677331079  
1.363547523  
0.01084079326  
-0.1094062552  
-3.558304735  
0.3889400217  
0.9404307105  
1.507543232  
1.761232641  
-0.61456054  
0.8101396391  
-0.2398334312  
0.9229413187  
0.6012663776  
-0.03696672518  
0.5773105876  
-0.1092924915  
-0.2691595586  
-0.007853114085  
0.02501689484  
-0.7848633028  
-0.5247832056  
0.02958265957  
-2.482852704  
-0.09453444838  
-1.224348333  
1.405413287  
0.1802605086  
-0.3681751607  
0.7868478142  
-3.939542542  
0.6752040837  
0.5772366224  
-0.9513427739  
-0.5188531583  
-0.951783183  
0.1266857844  
0.8221023205  
2.27110356  
0.3899690588  
-0.7095521084  
-1.370469689  
-1.412419745  
-0.7692852047  
-1.01068667  
-1.385288832  
0.03762773353  
-3.595537986  
-0.3538913282  
-0.5542353089  
-0.6242228401  
-0.777818922  
-0.6905647212  
-0.1559750429  
0.7067585769  
-1.189930812  
0.6231096233  
0.2869674331  
0.2701619614  
-0.04451658709  
0.5278359702  
1.319285327  
0.1675982228  
0.4379149386  
1.449394654  
-1.01875634  
-0.1592650602  
-0.1026598826  
-0.5463815118  
0.490095827  
1.100094888  
1.119810728  
0.1505594517  
-0.3698824154  
-1.31752745  
-0.6653459435  
-4.412468836  
0.4527460398  
-1.342962098  
-0.4166607289  
0.7932599291  
0.5372281714  
0.5409008606  
0.7926499189  
-0.03760238453  
0.8499357317  
1.315222069  
1.216427143  
-0.06407480722  
0.1195249506  
0.02441570903  
0.2883333802  
-0.1102398456  
0.9397584862  
1.212595983  
-0.06380517538  
-0.4722880662  
0.5493650768  
1.130467296  
0.6506552451  
-1.382280114  
-0.508027194  
-0.8665245531  
-0.5812358027  
-0.5154532138  
-3.539299618  
1.107558416  
0.8714019843  
-0.4839980736  
-0.1554526517  
1.135936546  
0.5589934648  
-0.5047509952  
0.1899721073  
-0.2336800228  
1.565487378  
