1.088499672  
2.123292935  
-0.2125910797  
-0.5702859223  
-0.9175830108  
-0.6931448669  
0.1821394361  
0.8274452452  
1.29160455  
-0.3270306526  
-1.059658924  
0.6237711506  
1.95091924  
1.406981156  
0.221466158  
0.3079497599  
0.622801065  
2.155849371  
1.528457252  
-0.01185846559  
0.1385150328  
1.214750404  
-0.7285433551  
0.07826977944  
0.9382455014  
-0.3006192088  
0.8105407228  
0.5126585924  
1.298062616  
1.024392729  
-0.7424085754  
0.9893711448  
-1.640909742  
-0.9837295931  
-0.6589251446  
1.077214323  
-0.4594510309  
0.5088518281  
2.176425373  
1.673731661  
-0.5750805943  
-0.4575471662  
-0.1023059364  
0.5371597068  
-0.5953261183  
0.4544895989  
-0.8098687049  
-0.8288288256  
-0.3100838517  
-1.337790991  
-0.2608116576  
-0.08160537394  
-0.776614624  
0.573794227  
-0.369691378  
0.3654342566  
-1.692653555  
-0.2368822036  
1.723458546  
0.4589435266  
-0.1087960385  
0.4518712876  
-0.786522398  
0.4839853391  
0.7739976687  
0.2003426945  
1.394341557  
-1.362883803  
-2.000422943  
-2.176240312  
-0.4269306832  
-0.4398303809  
0.535636094  
-0.3655660029  
-0.5477730033  
-1.392703461  
-0.6899347683  
1.119505378  
0.6671205631  
0.978700206  
0.158709939  
0.5433588462  
1.756881343  
0.1135942751  
1.0951985  
2.100071201  
1.667550268  
0.224090629  
0.1214987003  
-0.2605079916  
-0.1814112936  
-0.9482433995  
0.3520286927  
0.7897128971  
-0.1896730183  
0.2511502744  
1.428980637  
-0.806349814  
0.9780408575  
-0.5325735724  
0.6516230263  
-0.6687125664  
0.7596775403  
0.01661536378  
-0.6373567099  
-1.638007799  
-0.6179560712  
0.8847501103  
-0.102537099  
1.124588018  
-0.7129404469  
-1.550402073  
-0.4432385494  
0.831624018  
-0.1925378875  
-1.926414801  
-2.606385819  
-1.181791403  
-1.190077739  
-0.1116505863  
-0.7018085772  
-1.120219304  
-0.2404027934  
-1.218925413  
0.5484581139  
-1.40723478  
-0.5735156938  
-1.147007337  
-1.86651124  
0.05945334924  
-0.09774730705  
-1.013353645  
-1.047703464  
-1.105611099  
-1.656499963  
-0.93154538  
-0.1943395305  
0.09977412368  
1.109527261  
1.34017911  
1.686283228  
0.571485835  
0.2277441253  
0.08397493306  
0.8540999127  
0.8087078772  
0.63286134  
-1.609804391  
-1.662220972  
-0.7093775379  
-0.8795068637  
-0.5175895505  
-1.012941399  
-0.7682561376  
-1.82575071  
-0.7124398624  
-0.6378492975  
0.6241574129  
0.4623900773  
0.391264426  
-1.513606507  
-2.206807895  
0.9008938192  
0.3982417182  
0.3780776781  
-1.53056687  
0.5367953443  
-0.6976358251  
-1.235067585  
2.813855175  
0.3587740769  
1.176986422  
-0.6079106268  
-0.8721003782  
-0.284000035  
0.9721349429  
0.813269484  
-0.5826573827  
-0.7596260048  
-0.4803924342  
0.3271873291  
0.4260390042  
1.10491077  
-0.04123657719  
1.063717528  
-0.1983704967  
-0.4546713798  
-0.9458512707  
-0.7808173118  
-2.324718167  
0.9245502135  
1.173885428  
0.1005352271  
-0.9296298537  
-0.3810732058  
1.411075103  
0.7603478233  
-0.803702153  
0.808212063  
-0.05166719377  
0.3328693772  
-0.8961904643  
-2.299242716  
-0.3178196445  
0.1823179912  
0.04867680762  
-2.010801239  
-1.13272938  
-1.003168928  
-2.086289872  
-1.293472436  
0.4637726199  
1.071397035  
-1.495916623  
-1.169047244  
-0.09892557604  
-1.137368794  
-0.403748657  
1.527774027  
0.3774917856  
-0.8111897569  
0.7968888055  
-0.05596776145  
-0.5713753377  
0.2473165775  
0.4879003935  
0.1432232489  
0.07414078488  
-0.4261977962  
0.5671152011  
-1.099712521  
0.04610066177  
1.045482152  
0.7908633982  
-0.8345543423  
-1.199300097  
-1.17894332  
1.052925419  
-0.5265478244  
-0.6057437778  
-1.781467706  
-1.349512996  
0.5039091536  
1.222384101  
1.255055062  
0.3716498209  
0.340854861  
-2.005445157  
0.2594917503  
0.8916043535  
-0.2291401883  
0.8818750678  
0.5868945684  
0.4981447147  
1.032553128  
2.433964063  
1.178563814  
-0.1146284849  
1.674191923  
0.6211231176  
-1.558618653  
-0.9250099872  
1.470495405  
0.845829109  
-0.807752839  
-0.0791736924  
-0.4805277513  
-0.8679020105  
0.6672545414  
1.078037966  
0.9453059613  
1.186556066  
-0.4323987424  
-0.6036634724  
1.59681161  
-0.2813034945  
0.9581290869  
-0.2888120977  
0.4788326755  
0.3018982624  
-0.1707848313  
-0.1395342921  
0.2575406717  
-0.9208389307  
0.6165654914  
-1.84907214  
0.09783124908  
-0.3724831308  
1.778350207  
0.3332893243  
-0.5035289663  
0.3568985388  
0.1086265046  
-0.2986608225  
1.978399252  
1.098651614  
0.3396166008  
-0.7399756383  
-1.468917074  
0.461570604  
-0.1607549081  
1.45513388  
1.35714972  
0.7444604165  
0.1728748044  
0.8966087468  
1.087893195  
-0.4548014836  
0.448753246  
0.7767009964  
1.619392018  
1.249623734  
0.5667059554  
-1.114553004  
0.1258855993  
-0.5073219093  
0.3405483287  
0.5352839147  
1.293725245  
0.9960107416  
0.1768599636  
-0.2676335879  
0.5742193412  
-1.57385447  
1.090541564  
-0.4171056566  
1.381130122  
2.544174355  
1.118455972  
-0.3657641924  
-1.82447338  
-0.8757243181  
0.1920399589  
0.2649179008  
-0.0849015686  
0.539654676  
-1.709736643  
0.04129854008  
0.1380451606  
-0.5544837439  
1.062568755  
0.008407280545  
-2.503912433  
-0.9297898988  
1.074057586  
0.04880770717  
-0.2102010102  
0.6414827396  
-0.2085241908  
0.1774602791  
-0.1544807085  
-2.148821259  
-0.9911728364  
1.543892362  
1.334474024  
1.117468863  
0.6604845637  
1.589604191  
0.6991417434  
0.3722036115  
-0.2434693076  
-1.14277622  
-0.1457972965  
-0.9366298078  
-0.406514194  
1.222612031  
2.085222052  
0.3428853496  
-0.5384237892  
0.7650548811  
-0.5052047907  
0.7345781221  
-0.05513701647  
1.161678962  
0.2301096753  
1.516285069  
0.945004065  
1.975149864  
-1.131700613  
0.2723639495  
-0.9112218916  
-1.817672056  
-0.336348202  
-0.6262549759  
-0.9052071467  
1.979043617  
-0.355479556  
0.6256008824  
-0.6906534978  
-1.907339432  
-1.485048004  
-0.7839702388  
0.6259486134  
0.546179647  
-0.4473763547  
0.4374514924  
-1.259313327  
-0.5425190239  
0.4826814  
0.7519148129  
-0.2060089055  
-2.350774576  
-0.3382120812  
-1.326765482  
-0.2487880178  
-0.2198207221  
-0.4160168932  
-0.1452379775  
1.54275006  
0.9947175986  
0.4972791184  
0.1028944479  
-0.2607656967  
-1.426435995  
-1.020219887  
-0.2302374113  
-0.06171133291  
-0.2724629903  
-0.35027  
-0.2434592915  
