1.200706238  
0.8967263763  
-0.6728032927  
0.04443264716  
0.8271215195  
-0.04517388332  
0.8382055246  
-0.8924256291  
0.4515679284  
0.6166673297  
-0.128750223  
-0.1547545841  
0.1422150996  
0.4265110783  
-0.1521835396  
0.8199290768  
-0.01574644384  
0.05185860897  
0.2676847981  
-0.1194102616  
0.2568902725  
1.781657291  
0.8442329488  
0.9947937311  
-0.2076449481  
0.01138013834  
-0.3675263268  
1.520113607  
1.502307609  
0.3661395276  
1.057618548  
0.3768109801  
2.232603118  
0.7425848415  
0.7086312028  
0.06504719769  
0.04051675949  
-0.688354051  
0.6288236509  
-0.1291502173  
-0.03383134698  
0.04724762187  
0.2506850828  
-0.9096288835  
-0.3163819793  
0.8346874515  
0.6271263587  
-0.07749450014  
0.7575421235  
0.4649167794  
0.3169532772  
1.471484179  
0.7682873853  
-0.3783442981  
0.2252589917  
0.2422840451  
0.5955686383  
1.06217696  
-0.009889423947  
1.079671481  
-0.3454689435  
1.093889567  
0.3405719764  
0.1476944695  
1.058436934  
1.779710188  
-0.682332898  
0.3163066135  
1.013623329  
-0.8710184478  
0.5926614222  
0.7371552478  
-1.116305121  
-0.7418885964  
0.6178118691  
0.5849125438  
0.4246338413  
0.9300776466  
1.473186471  
-0.07497161708  
0.5001885593  
1.80843784  
0.0635849946  
0.7676962251  
0.6940489503  
-0.4314025794  
0.559162908  
0.6692810295  
0.7597917558  
-0.08864495187  
-0.9354716109  
0.07757875178  
-0.2691017906  
0.1997814272  
0.569867478  
-0.7329307434  
0.6777430977  
0.7864013801  
-0.2929481016  
0.9409023837  
0.4232961464  
0.1409272782  
-0.4408926743  
-0.5158810646  
-1.552693133  
-0.357256697  
0.1841816841  
0.469800035  
-0.08225251835  
0.1330401973  
-0.133692984  
0.004827735514  
0.1855436427  
-0.05998185888  
-0.3570693675  
-0.2757678402  
1.768151973  
-0.08003718203  
-0.9283821553  
-0.1387420037  
-0.3231306982  
0.2498133925  
0.2617458276  
-1.030574286  
-0.2074307168  
-0.1753455893  
0.1618988072  
-1.085188607  
-0.6651744841  
0.6188156553  
1.446506894  
-0.2646451146  
-0.3978812328  
0.4867254043  
1.907128987  
0.6942822624  
1.130213316  
0.668418469  
0.9217393954  
-1.108553616  
-1.169364256  
0.8328331045  
0.2235143421  
0.6388245605  
0.02737988732  
-0.8386259733  
-0.1578006  
0.6114150277  
1.029774038  
-0.112930929  
-0.4949324466  
-0.9418800825  
-0.7618736078  
1.021362277  
0.03016516812  
-0.9436284157  
-0.1458903789  
-0.4488186743  
0.4059569187  
0.05801790664  
-0.6014220268  
-0.6207997252  
-1.327629685  
-0.2761216943  
0.638539958  
-0.4368973483  
0.4696347616  
0.6404984956  
0.7046605118  
-1.340662641  
-0.589665723  
-1.082211854  
-0.489494181  
0.6116299732  
-0.1993911445  
-0.489060857  
-1.053452801  
-1.470470771  
-0.5346759331  
-0.3750921147  
0.5908426124  
1.170832525  
0.02607566318  
-1.374587015  
-0.3977022721  
0.1953282139  
-0.4602545788  
-0.5362811479  
-0.4615573773  
0.08810089301  
-1.569471761  
-0.95511776  
-0.2445467273  
0.09989528677  
-1.154632447  
-1.188508059  
-0.9896401823  
-1.027961537  
0.06995078371  
0.8075736353  
-0.5074257107  
-0.4739508292  
-0.8727431462  
-0.7016150521  
-0.5911004402  
0.02176488661  
-1.121136498  
-0.5592756617  
-0.2796342734  
-0.02430924717  
0.2710504589  
0.7791929456  
-1.383966985  
-0.7095571066  
-0.9502585751  
-1.595866531  
-1.172235372  
-2.005883801  
-0.8985473989  
1.100853192  
-0.8991162144  
-0.08747702488  
-1.33262425  
-0.0299782521  
-0.5366365019  
0.03042866868  
-0.4309015163  
-0.7305554429  
-0.3691710609  
0.1387616148  
-0.9553284326  
0.4022868027  
-0.7920124794  
-0.8988317395  
-1.29870447  
-1.72272057  
-0.152837598  
-0.6132268489  
-1.252032647  
-0.9032485168  
-1.630842515  
0.533437589  
0.06614392951  
0.4653250428  
-0.4027351914  
-0.6405470677  
-0.02107775169  
-0.5246688306  
-0.3229006348  
-0.8367711139  
-0.8407357118  
-0.9088980201  
-1.407305476  
-1.642730275  
-0.08170986872  
-0.3055016057  
-0.4100319648  
-1.68436268  
0.0734822046  
0.5462036561  
0.2966605815  
-0.1351700796  
-0.7731417188  
-0.1192923122  
0.820157725  
-0.1930395095  
-0.9422853256  
-0.6611286812  
-1.925946576  
-1.076989845  
-1.908757278  
-1.020433486  
-2.534239784  
-2.666458039  
-0.6959387292  
-0.2347872637  
-0.6435383221  
1.304544546  
0.3552895463  
0.2263086666  
-0.9390066852  
0.007029942315  
-0.1463540632  
0.1595184527  
-0.203291705  
-1.494773163  
-2.931282432  
0.7840481309  
-0.3092675928  
-0.417484942  
-0.9288938265  
-0.8726148386  
-1.267184798  
0.9969827814  
0.32306573  
1.697624838  
-0.4120983764  
0.0992087786  
-0.2121539782  
-0.1189034364  
0.047288864  
0.4514398931  
0.726808324  
0.01593854525  
-0.2916399765  
1.627964112  
0.09319258392  
0.2952799346  
0.141228131  
-1.066469429  
-0.1396117547  
-0.07674293983  
0.4447585921  
0.01617254231  
-0.1582349699  
-0.4605643299  
0.702146672  
-1.184869844  
0.08576453366  
-0.2724834156  
-0.4314118371  
-1.235330684  
-1.466777067  
0.03573601535  
-0.2474707216  
-0.4547356888  
-2.236541218  
-0.8022949983  
-1.289275453  
0.167760187  
-0.5641661435  
-1.180012093  
-0.876446377  
0.1987346572  
-0.178853628  
-2.078916662  
-1.293686353  
-1.168800875  
-0.4746278257  
-2.061789631  
-0.6470175291  
0.1514327703  
-0.772710929  
-1.183281238  
-1.583948008  
-1.41365147  
-0.04673677183  
-1.165097724  
-1.920702835  
-2.456551856  
-1.081548368  
0.2494393381  
-0.1934028029  
-2.679063847  
-1.791988168  
-1.415691957  
-0.0007642776805  
-0.3530367828  
-2.010513656  
-2.893913376  
-2.129907879  
0.7016072755  
1.897087042  
2.617447474  
1.719835292  
1.69663443  
0.8757652504  
1.029358679  
1.215255826  
2.165993013  
2.137149973  
1.333163055  
1.015130833  
0.9246487675  
0.07536228293  
0.3979366695  
1.276046104  
1.181349841  
1.058298264  
1.474278862  
1.307840289  
0.7967261043  
0.382672764  
0.4797688586  
-0.617955731  
0.6444211928  
0.388085269  
0.4189667446  
0.6611718557  
0.07354654859  
1.462382042  
0.8260330641  
1.609972708  
2.299666618  
2.512391057  
1.966704146  
1.756869505  
0.6585716436  
2.653969813  
1.18818195  
1.715947671  
1.155591351  
1.799925187  
2.025984373  
4.312215417  
0.6475467258  
1.190181481  
0.8059531759  
1.011584615  
2.399307173  
0.2413064232  
1.295188157  
0.8459032257  
0.5257602448  
2.127313592  
1.367677275  
0.7893276665  
0.8218049341  
-0.1764128116  
1.447508636  
