2.119029355  
-0.6619284193  
0.6980507533  
1.582946408  
-0.8742660808  
0.2246315067  
1.397825129  
-1.028249308  
0.173104167  
1.378362668  
-1.026408553  
0.07499876029  
1.538560547  
-0.8277356288  
0.6639657119  
-1.643135434  
-0.4803514065  
0.8959858473  
-1.161666169  
0.1342105464  
1.444519563  
-0.933637869  
0.3837568708  
-1.584602698  
0.3518370924  
1.309058352  
-0.9341096159  
0.7755082729  
-1.829640536  
0.3889254894  
1.312318255  
-1.003192042  
0.6767529121  
-1.578678473  
0.1797739458  
1.279969299  
-0.7503940377  
0.9211149006  
-0.9957890875  
0.6604619954  
-1.295644572  
0.7939322936  
1.464253172  
-1.052872292  
0.6331510906  
-1.580252881  
0.4508782815  
1.411676794  
-0.9288045105  
0.57336012  
-0.9941923562  
0.136463053  
0.7207466996  
0.4559649091  
1.342434831  
-1.079106083  
0.3949610109  
-1.177070749  
0.2247706487  
-1.211915001  
-0.04861668981  
1.258594841  
-0.9918058442  
0.6931170695  
-1.291180151  
0.2675291644  
-1.169431446  
0.1323843698  
0.8452184656  
-1.169280396  
0.05351128203  
1.507957668  
-0.3765512959  
0.8963259195  
-1.285381103  
0.2322859738  
1.409280606  
-1.101283763  
0.3408819086  
-1.34643057  
-0.1568491836  
1.629359415  
-0.3671160999  
1.094688593  
-1.476634977  
-0.3187047936  
0.7796962917  
-0.5075912177  
1.191282021  
-0.9538318426  
-0.02473507398  
0.7102675523  
-0.4750667096  
0.8029212026  
-0.9159553828  
0.2685312439  
0.9057930865  
-0.576426618  
0.874837887  
-1.0749067  
0.04987059517  
-0.3523922184  
-0.6128057076  
1.032457062  
-1.020448165  
0.3543032451  
-1.117596769  
0.2160512263  
1.08107284  
-0.9497847211  
0.4413783777  
-1.522204076  
0.1708435907  
1.017173923  
-1.168469777  
0.6833490713  
-0.407003457  
0.1584880394  
1.049522052  
-1.524111509  
-0.03892913491  
1.411780838  
-0.953743798  
0.5310615926  
-1.222991577  
-0.1399849537  
1.396231572  
-0.766895917  
0.7524059739  
-1.206701354  
0.1019954737  
1.74540386  
-0.4201603121  
1.130141969  
-1.02681379  
-0.002683492451  
-1.450713544  
0.1641579501  
1.786380736  
-0.45280698  
1.058173837  
-1.178811551  
-0.04442145858  
-0.5324593695  
0.3800439533  
1.262827615  
-1.074177722  
0.525162996  
-1.669966101  
0.3497789134  
1.360069109  
-0.7780548256  
0.6122990191  
-1.362844007  
0.5563067336  
1.23677205  
-1.13510549  
0.5300242762  
-1.854376697  
0.03386657212  
0.8693807693  
-1.283659655  
-0.0876842108  
0.3525813433  
0.1920618813  
1.507869165  
-0.9313655056  
0.6282548595  
-1.818047956  
0.1441308526  
1.433213488  
-0.8762506002  
0.5584219734  
-1.667743854  
0.1759449959  
1.392100604  
-0.9746037519  
0.6266647086  
-1.19820091  
0.2874897489  
1.527610441  
-0.5287260036  
0.8056553935  
-1.063289709  
0.1906506404  
1.691799066  
-0.4516536384  
0.8795559415  
-1.281566429  
-0.2569231248  
0.1153195013  
-0.9300706365  
0.4559739918  
-1.040917315  
-0.0900521754  
1.581154399  
-0.6952084002  
0.8548992438  
-1.332515529  
0.04979786531  
1.629358304  
-0.8730520816  
0.5801469447  
-1.424969917  
-0.1050330386  
1.14158075  
-0.976916151  
0.5197891371  
-1.274632826  
-0.04395717327  
1.484431098  
-0.9938619614  
0.5054143238  
-0.8684318193  
0.2600923314  
1.240763173  
-0.9964697859  
0.4049409274  
-1.478262477  
0.108636857  
1.10283356  
-1.021745362  
0.4903379121  
-0.04729281738  
0.3620684596  
0.9674639577  
-1.401192794  
0.1679853655  
1.643779  
-0.7009890709  
1.001236174  
-1.550907039  
0.1274107297  
1.097223347  
-1.113956494  
0.1379390251  
0.9251628343  
-0.4206665964  
0.8411985339  
-1.360727466  
-0.1165122398  
0.6146907698  
-0.4572810882  
1.234318813  
-0.8520850432  
0.7508377051  
-1.667404937  
0.2720447378  
1.122632362  
-1.136884912  
0.4613606287  
-1.552465624  
0.183810941  
1.033527284  
-1.207710237  
0.4631211879  
-1.564369842  
0.297320138  
1.394795504  
-1.050323635  
0.6121527023  
-1.458598044  
0.1106331235  
1.450838076  
-1.056040939  
0.7129393957  
-1.067713015  
0.3546337788  
-0.110653971  
0.5968549069  
1.336070981  
-1.105428601  
0.6091371483  
-1.459730495  
0.3710393209  
1.545481728  
-0.741642682  
0.786639213  
-1.796230466  
0.2184018636  
1.569375276  
-0.7252433135  
0.9711081526  
-1.131835494  
-0.03001025225  
0.4882647778  
-0.08002888102  
1.087369287  
-0.9755568548  
0.6341340163  
-1.646840137  
0.2912194099  
1.186329346  
-1.131469022  
0.4193478084  
-1.667087452  
0.3568624228  
1.250700832  
-1.181045839  
0.7458709933  
-1.065615048  
0.1916075226  
-1.543530535  
-0.2483640811  
1.676836888  
-0.2860276358  
1.49420556  
-1.07128084  
0.4891226717  
-1.228132114  
0.04055674381  
0.5706258588  
0.6574789378  
1.338940057  
-1.09822467  
0.5539667156  
-1.30071563  
0.07564862822  
1.608563749  
-0.8576268839  
0.6483756436  
-1.250076895  
0.1650264475  
-1.410069715  
0.0460538241  
1.486452399  
-0.9245471651  
0.6023666777  
-1.408533131  
0.2016838371  
-1.606997781  
0.3627657572  
1.417918359  
-1.075025474  
0.7761890383  
-1.31900221  
0.4244260383  
1.178292042  
0.3682108081  
1.380719614  
-0.9399999006  
0.9238033637  
-1.215981926  
-0.01920484825  
1.247341792  
-0.953251522  
0.5716855135  
-1.862072144  
0.259287842  
1.247062012  
-1.077787707  
0.5501547334  
-1.719156077  
0.4423935667  
1.520040388  
-0.8374262751  
0.7763743612  
-1.647657086  
0.6152330914  
1.194424516  
-0.8575300907  
0.9125443379  
-1.180742201  
-0.0157027714  
1.376079496  
-1.017770752  
0.5862897122  
-1.206815044  
0.2515869682  
-1.403209202  
0.1978966589  
1.314755802  
-1.180431393  
0.6847710312  
-1.150121676  
0.2763887783  
1.59281553  
-0.1854143857  
1.215399048  
-1.195768426  
0.4011697513  
-1.26873962  
-0.2455165077  
1.402601872  
-0.9818115552  
0.7960295574  
-1.262459033  
-0.1699423895  
1.544179364  
-0.5835238603  
1.224898434  
-1.14704312  
0.21370032  
1.62344202  
-0.7757627328  
0.6665131625  
-1.247717312  
-0.09634402813  
1.676632074  
-0.6457815433  
0.9654410052  
-1.202229006  
0.4835868879  
-1.118264408  
0.6119806123  
-1.230882772  
0.8366003241  
1.979267643  
-0.5174870293  
0.769995569  
-1.113425678  
0.5459672034  
1.763201629  
-0.8019500299  
0.5679617533  
-1.373769525  
-0.2775161376  
1.482244249  
-0.6871265765  
0.5836406068  
