0.320484503  
2.210395341  
1.348223792  
-1.973643893  
1.598896044  
0.3231356803  
-0.6611351623  
0.3170546574  
-1.248436584  
-1.044630542  
0.4133722045  
-1.085421608  
-0.1946938345  
0.05837655008  
-1.103829444  
-0.8986938458  
0.2122673973  
-0.8967473345  
-1.432657875  
-1.098377651  
-1.17094291  
1.256824051  
0.695345377  
0.3812435273  
0.2363482038  
-1.15096091  
0.7071527179  
0.7747387196  
-0.002571124736  
0.1221094215  
-1.174396913  
-0.8223603119  
0.741289108  
-0.4840371602  
0.9869483772  
-0.3494145794  
-0.7689704319  
0.1860041212  
-0.04094461344  
-0.4811636192  
-0.7810965402  
-0.7322456072  
-0.7509950307  
2.905143581  
0.9006136705  
0.5777595739  
2.49477096  
-1.107806618  
0.7164807751  
0.584131504  
0.7012997458  
0.7648745168  
-0.09960365108  
0.1492274173  
-0.5754570761  
0.3203666336  
0.1436415961  
0.1604400535  
1.023963206  
0.0858206891  
-0.3493067985  
-1.789317208  
-0.2110646575  
-0.3727545045  
0.4704498067  
1.003247582  
0.2621898345  
-1.348488978  
-1.728416041  
-1.891559979  
0.4628292511  
-0.5085898487  
0.3370273381  
-0.4030266383  
-0.7819272632  
0.2714303453  
-0.4665589483  
0.6724503449  
-0.2253272528  
-0.929725099  
-1.14991649  
-1.76602303  
-0.1052157195  
-1.878597912  
-0.536838265  
0.9705691604  
-1.065763733  
0.2267876  
0.1566886162  
-0.5768025692  
-0.04395983291  
-0.8854660477  
-1.444527435  
-0.4837275585  
0.3653507089  
1.437921047  
0.1056789527  
2.438085446  
0.4158732111  
-0.3977876035  
0.6195302079  
0.3472428118  
-0.2848225112  
0.03694679579  
-0.3994240029  
-0.195346272  
-0.1969206658  
0.8491130427  
0.8474213892  
0.4886539124  
1.058290375  
-0.2405844976  
-0.449110356  
-2.397893464  
0.2572129919  
-0.1146571936  
0.4321907658  
0.08671902272  
-0.1060251857  
0.1322239781  
2.98247364  
-0.177304168  
0.1269042242  
1.322058461  
0.1344194644  
-0.2415966714  
-0.8850910925  
-0.9008367125  
0.2075720015  
0.08273437987  
-0.04654782038  
-0.6869199481  
-0.9327734327  
0.1053042407  
0.6927265906  
0.6192399329  
-0.6518014332  
1.727918542  
0.3599389477  
-1.381773067  
-0.155024365  
-0.6476980152  
-0.8935262186  
-0.7045343047  
0.5430778227  
-1.124461307  
1.09007291  
1.97997732  
1.299456892  
1.109169732  
0.9704938212  
1.24594453  
-0.1030105988  
0.1884573436  
-0.5666680813  
-0.4186577864  
1.162779314  
1.089904072  
-1.043576356  
-0.309984801  
0.4818814532  
-0.3036827235  
0.3180942755  
-0.2643253525  
0.6661274559  
-1.263869866  
1.061613893  
1.44717451  
-0.2109147529  
0.5606160475  
0.2016773653  
0.4689872544  
0.846156529  
0.1105213961  
0.39652761  
-2.11691374  
-0.7779937665  
0.1695266409  
-0.6754473397  
0.4622742029  
0.6571061875  
-1.011505333  
0.9618431435  
0.329005576  
-0.443291469  
0.03959528752  
0.1410971437  
0.8220623566  
-0.6801167929  
0.8256646121  
-1.229502589  
-0.1545614089  
0.5937840687  
-1.67306814  
-0.03156718479  
-1.574810467  
0.2549112281  
-0.07694440289  
0.904000965  
1.757011131  
0.2141383785  
0.2342110932  
1.346506033  
0.6975870202  
-0.04814398163  
1.320883099  
-0.3667955751  
0.6103351641  
1.522222801  
1.784821173  
-0.2179841408  
-0.1252951368  
0.3650080465  
1.498598286  
0.5174907686  
-0.2979171203  
-0.193453361  
-1.709425103  
-0.5074812044  
-0.3822671445  
0.508511222  
-0.3518495933  
-1.55663989  
0.58586782  
-0.8432393777  
1.583104573  
2.138685504  
2.286846562  
-0.3786420083  
0.3053148481  
-0.4367919895  
0.3237589063  
-0.4091475399  
-0.9487572374  
-1.427359089  
-1.53412238  
0.2265354843  
0.5031577144  
1.681841662  
2.72095417  
2.449966226  
-1.582130681  
-0.3973420215  
0.006756330224  
-0.04553295482  
-1.121916899  
1.167694958  
-0.05573035063  
-0.2103114916  
1.172236985  
-0.1083567401  
-0.7805161575  
0.05787477361  
0.2109338692  
1.299064537  
0.1770777337  
1.021721  
1.393461294  
0.3765072506  
-0.2198533579  
-0.4671519259  
-0.5403982687  
-0.4418991331  
1.333128904  
-0.6107533902  
-0.7097387482  
0.4074649946  
-1.228191981  
-0.5218891992  
-0.3902788366  
-1.476229534  
-0.1954560253  
1.616806484  
-2.377492646  
-1.580419141  
-0.4653962049  
-1.04745287  
-1.730563039  
-0.6317430996  
0.6573052517  
-0.2650799607  
-0.5599175753  
1.767148649  
0.589983505  
-0.01364097201  
0.7373926874  
-1.118756327  
-0.133408907  
1.302115004  
1.060218345  
-0.6311218721  
-0.05263907428  
-0.866317183  
-0.7403273265  
-0.1119146485  
0.9034726503  
1.37370025  
2.306255922  
0.2747989241  
1.958191614  
1.369699716  
-1.953856691  
-0.3384247546  
-0.5484860563  
0.04482185238  
1.616828976  
0.1762307422  
-1.155829172  
-0.5788331367  
-1.326176124  
-1.312563691  
0.362962102  
-1.36830945  
-0.5443861473  
-0.6224299518  
0.2916652578  
-1.618826784  
-0.266395723  
-2.341972558  
-0.6718842206  
-1.889615534  
-2.491908236  
-1.234924551  
-2.375950718  
-1.423662912  
0.05250850457  
1.077610272  
-0.8369806011  
0.7024079448  
-0.5772879895  
-0.4804142327  
-1.41311825  
-0.3175543097  
0.7084159629  
0.9285838778  
0.09156431313  
-0.3391126439  
-0.4913602703  
0.4710734983  
1.300750405  
1.483216794  
1.099181049  
0.1987759769  
0.09283014857  
0.1344402734  
-0.618768169  
-1.08132653  
-1.399289743  
-0.7229671217  
1.252748926  
-0.8936731004  
1.092800778  
-0.6640898613  
-1.13472446  
0.4700302077  
0.1440062154  
-1.277274293  
-0.5709174914  
-1.112148186  
0.8919512824  
1.280139009  
-1.104924726  
-0.2743711167  
-0.383374911  
0.5134643804  
-0.2713888111  
0.1005466503  
-0.7037961703  
-1.269297772  
-0.6050908596  
1.01248245  
1.30669612  
-0.5249015343  
-0.2236470604  
0.1923832139  
0.3394513149  
0.7910026902  
1.113104116  
1.095486192  
-0.01727475286  
0.4520709684  
1.523105554  
0.3453135697  
0.09085516298  
0.4291571784  
-0.4210317141  
0.559204467  
0.1661812911  
-1.407717872  
0.7450469142  
0.3214801974  
-0.03130922111  
1.24017  
-0.8112418336  
0.4338049451  
0.8574327212  
0.1873012023  
1.016208545  
2.026198162  
1.043198598  
-0.2075489645  
-0.4129389968  
-1.659335741  
-1.422527634  
-3.232682088  
-1.470768067  
-0.4969834109  
2.242848837  
0.7461270472  
0.4985222313  
-1.083422348  
-2.013208426  
0.4358781503  
0.3018939562  
1.432838651  
0.06464965888  
1.728099625  
1.256210582  
0.2816357996  
-0.08528841806  
