-0.2269870092  
0.3838074578  
-0.6073738154  
0.1211585544  
0.6693982987  
-1.408770602  
-0.6006618621  
0.0668455138  
-0.8633178792  
-0.4098625156  
-0.9344441128  
-1.757764302  
-1.18375025  
0.244177904  
-1.014562411  
-0.5367356833  
-0.6889250226  
-1.54454044  
-0.571523811  
0.6507904443  
0.5667508238  
0.09337867789  
-0.9693427861  
0.2103607381  
0.49161016  
0.7801953822  
2.244423586  
0.4963355287  
-0.1387661638  
-0.0720520473  
-0.2457902066  
0.3673626868  
0.1480993002  
-1.128705687  
-1.393471537  
-1.336163826  
0.9525021522  
1.693362155  
3.176399952  
0.8162477267  
0.7653069117  
0.7878692558  
-1.183276297  
-0.2141620259  
0.990467358  
2.050800034  
0.8052903734  
0.1196283395  
-0.796074401  
-0.7124824515  
0.3179683542  
1.352513565  
-0.2755059161  
-0.01158637534  
-0.8110095363  
-0.4148024863  
-0.9031081127  
0.5947569424  
-0.02971487363  
-0.3415475873  
-0.07752890806  
-0.9989746018  
0.6919926503  
0.5066486909  
1.784677228  
2.099995003  
1.883579891  
0.9095542345  
-0.3596274083  
0.7835232406  
-0.5150465598  
0.3313431108  
0.3295325689  
-0.1771993546  
-0.2774931331  
-0.3748405522  
0.2507872652  
0.4616550542  
-0.1004217685  
-0.3237015486  
-0.2833249477  
-0.6655296771  
0.288978017  
0.714178198  
0.039587353  
0.05913427434  
-0.8331639414  
-0.584105235  
-0.328627722  
0.9170022333  
0.7651494705  
0.1840009473  
-0.8689243484  
-1.876928603  
-1.064583696  
0.4440735276  
-0.3850060872  
0.3880069957  
-0.9166456369  
-0.2839344524  
-0.944361104  
-0.8483727435  
-0.3717006035  
-1.27810916  
-0.9906281606  
-1.043073981  
-1.679240216  
-1.112534159  
-1.803545836  
-0.9473009711  
-1.155200385  
-0.8726268167  
0.2674662567  
-0.4705719684  
-0.01740764925  
-0.8867885288  
-1.695974878  
0.4112931739  
0.1414529664  
0.3331475874  
0.7269219236  
1.630674919  
1.630173895  
-0.06360260251  
-0.7126066011  
1.160920263  
0.3183715475  
1.832728684  
2.146066882  
0.5231479429  
1.491275317  
0.2027539856  
-0.4384043332  
0.7078359703  
2.303774713  
0.9253964279  
-0.4768266021  
-0.9107187324  
-1.200948008  
-0.2487773159  
-0.2603178971  
0.3862544744  
-0.8183186919  
-1.244706071  
-0.2977717311  
-1.039329394  
-0.8870940524  
-0.6828603698  
-0.7273564259  
-0.2975953214  
0.2803194383  
0.2430671733  
0.3102795229  
0.6597723432  
0.4754095634  
0.6395043899  
1.425497567  
1.646386212  
0.9400496872  
0.1692578958  
-0.7002368902  
-0.3289470306  
0.6945822443  
1.167587188  
2.106853042  
1.122324865  
0.5919840554  
-0.3396151697  
-0.374733254  
-0.2669872222  
-0.1327418042  
-0.3200095998  
1.103208437  
-1.301600772  
-1.606496458  
-1.387236833  
0.08402942753  
0.8519563551  
0.166003575  
1.270818518  
0.7739251855  
0.5965715476  
0.004567603159  
-0.4643562516  
1.324270463  
2.448274274  
2.065176112  
-0.03085639006  
0.1573741886  
-0.167465623  
-0.09935889058  
1.230744439  
1.368525862  
0.4317160433  
0.8089757116  
-0.3735400888  
-0.2724973046  
-1.19575066  
-2.138685904  
-1.564238649  
-0.5699836149  
0.3519732871  
1.328023799  
0.5268700217  
-0.1926147098  
-1.751734603  
-1.19735739  
0.1387010867  
-0.7949156444  
-0.2121836828  
-1.150453843  
-2.009404348  
-3.650392015  
-1.596956175  
-0.9411393298  
-1.224705309  
-1.122792389  
-1.020845674  
-1.406571988  
0.932433233  
1.00283243  
0.5292316913  
-1.189752935  
-1.364510043  
-0.2247538531  
0.4231883505  
0.9480908601  
1.081898885  
1.950830796  
1.005854227  
0.6059865426  
1.330151396  
0.7044907201  
1.192311579  
0.5450889574  
-1.040793295  
-0.02811209519  
1.184895787  
0.3817605912  
2.076776587  
1.818070002  
0.8256548908  
1.068898044  
0.9678876204  
1.213078981  
1.205170362  
1.056499112  
0.8635700237  
0.606150686  
0.8318827689  
-0.2664162023  
-0.3435633659  
-1.246073931  
-2.238418056  
-0.1351046258  
-0.05984554368  
-0.8702943416  
-0.7690073548  
-2.303238208  
-0.3639703763  
-0.3593034997  
0.9765228472  
0.1346328789  
-0.947923124  
-1.382046388  
-0.7149153183  
-0.06349058338  
0.3268321511  
0.2333131314  
0.9968946922  
0.2737783993  
0.1829132085  
-0.6884561857  
0.6296597036  
1.307468221  
-0.2228452831  
-0.9412526103  
-1.823101101  
-2.556895224  
-3.129707055  
-0.7627886814  
0.4625536771  
-0.1307402496  
-0.1035529698  
-0.5384046879  
-1.44091277  
-0.1812156039  
0.103664268  
1.48068756  
0.4031859182  
0.3522000643  
-0.2061705562  
-1.362072896  
-0.8226266707  
-0.2867023991  
0.1859750837  
-0.4008057415  
-0.8163507053  
0.2552260963  
0.008050947981  
0.8600730101  
1.347595756  
0.7244251864  
1.421048214  
-0.1533493146  
0.2828980467  
0.5399256556  
0.8332763265  
0.2286566487  
0.1177478313  
0.1728258572  
-0.5691636332  
-0.3896475642  
-1.285377729  
-0.6978321446  
-1.274769132  
-0.5144640572  
1.271719453  
1.021885597  
0.2772344706  
-0.2282202754  
-0.2103046413  
0.7639540055  
1.526379561  
2.077149548  
1.38274118  
0.1852896478  
-0.1096823459  
0.6961298324  
0.457878592  
1.407281044  
1.43774238  
0.07082927086  
-0.1340476448  
-0.6433698029  
-1.208837978  
0.4684802647  
1.062252462  
1.023496228  
-0.003488762087  
0.9373768076  
-0.5994660799  
-0.8743242868  
-0.9587425883  
0.1675046387  
1.062927811  
2.471332264  
0.9596982896  
0.1714036285  
-0.6460921347  
1.278235084  
-0.2251220651  
0.443120174  
0.02231818025  
-1.87608802  
-1.742487205  
-1.231949913  
-0.4954970428  
0.2544181215  
-1.189651948  
0.3456485099  
-0.4873933393  
-1.408304468  
-0.06470736066  
-0.6027222789  
0.7509766424  
1.119714784  
-0.5460952119  
-1.163813536  
-0.652991245  
-1.861132798  
-0.4955834049  
0.7176591932  
1.142185006  
-1.003337198  
-0.4264716715  
-0.01521096691  
1.529471064  
2.297298996  
2.887118407  
0.3603502831  
-0.05428121967  
0.6503304967  
-0.09771157092  
0.6366294508  
1.14158984  
0.2870972504  
-1.425313036  
-0.8511897776  
0.1559106688  
-0.3570976046  
-0.2676430376  
0.4110969859  
-0.8327312422  
-0.01404221931  
0.9534641841  
0.5847480296  
1.376566528  
-0.8464312348  
-0.2737135757  
-0.3653676265  
0.1602278134  
-1.035505125  
0.8994941749  
-0.209826122  
-0.9608942792  
0.1689027884  
0.1491821951  
-0.1018895627  
-2.009567525  
-0.7910793969  
-0.5330103706  
-1.175383714  
0.4152695721  
0.7868774963  
-0.4595142507  
-0.7811418762  
-1.593282533  
-0.7933515999  
0.6435582645  
