2.200244003  
-0.13037334  
-1.291279553  
0.7505452386  
-1.335296568  
-0.3229729347  
0.7679282719  
-1.163724234  
0.1599087968  
0.6973681838  
0.4336756953  
1.166166763  
-0.6512546567  
0.2549839675  
0.2853055264  
0.1045580784  
1.558779672  
0.1398101969  
-0.5317121784  
0.5638683176  
-0.6466308123  
-0.1329225332  
0.159002137  
-2.045358882  
-0.6763282691  
-0.9176926457  
-0.4801321693  
-0.001278905487  
-1.569109719  
2.325044143  
0.6280591952  
-0.1990405752  
0.6616579672  
-1.256136686  
1.422483215  
-0.662297074  
1.922220571  
0.848875401  
-0.8474739558  
-0.1690684338  
-1.460296478  
-0.1420393105  
0.2102470313  
-1.265679612  
0.5869337392  
-0.1884077945  
2.32320479  
1.125836823  
0.3502332003  
1.183310979  
0.3347570093  
-0.8298669264  
-1.910096486  
-0.1427113631  
0.6183900984  
2.185130816  
0.5049792544  
-0.2755656628  
0.02908095151  
-2.375507144  
0.626162257  
0.355543696  
1.252152213  
1.076084259  
-0.9938203978  
1.90081091  
0.4216979626  
-0.4867897667  
-1.00860627  
-1.295103017  
-0.08413630464  
-0.7460711327  
0.01100993177  
0.9966507741  
0.4273481788  
1.855395349  
-0.6565249987  
-1.205459685  
0.9558330073  
-1.767974984  
-0.2271144575  
-1.080905273  
-1.022948084  
-0.6059568963  
-0.02687916483  
0.8950927613  
0.02996461153  
-0.6781913233  
-0.8718104079  
-1.926989167  
0.7873643475  
-1.291201852  
-0.5140409904  
-0.1075618762  
-1.838716024  
-0.1350621175  
0.4077108453  
2.072731038  
0.1618333187  
0.0001343542166  
1.56941926  
0.09813170451  
0.5768624643  
-0.1588308496  
-1.454700044  
-0.2514531004  
-1.300938694  
0.3063876166  
-0.76912172  
0.5998958201  
1.731958644  
-1.958321776  
-0.2232183207  
-0.7309567627  
0.1329776214  
1.078530971  
-1.246336413  
-1.096992003  
0.428746541  
1.250867494  
2.023591422  
-0.2403143694  
-0.733387615  
1.324980822  
-1.176444395  
-0.8671115057  
-2.034411248  
-0.323434808  
0.04693653517  
0.2299499501  
1.635310353  
-1.221427605  
0.1825159691  
-0.1720992344  
-2.418180552  
-0.866720729  
-0.5742371408  
3.610466084  
-0.03320666094  
-0.4445474578  
0.002292055569  
-0.3016935982  
0.08928304502  
0.4908483114  
0.9424614216  
1.148437993  
-0.3117945254  
0.9042034918  
-0.4941274321  
1.706801518  
0.04723441431  
-0.2373128989  
-0.5811601659  
-3.187346718  
-0.1335610473  
0.7173629343  
-0.9714670994  
0.6467560866  
-0.2027813066  
0.9915502433  
-0.3740332923  
0.1173756341  
1.821287638  
0.1627554754  
1.341660888  
0.6902917293  
0.5678358911  
1.263675218  
-0.406828635  
0.223813221  
-0.04628162976  
0.4878667611  
-1.034486714  
-2.400559773  
-0.07456431549  
-0.1092035124  
-1.209281436  
1.554309744  
0.2795150445  
2.047058348  
-0.5250965724  
-0.3488484004  
-0.2865540427  
-1.293240066  
-0.01309388283  
-0.09791798066  
0.4232223801  
0.6911623287  
-0.3631104674  
1.749669447  
1.051172772  
0.9870391199  
-0.1325838758  
1.150248135  
-1.217644048  
-1.245082868  
-0.8221795727  
-0.2621438751  
1.241314456  
0.652592375  
-0.8841865774  
-2.602568187  
0.0005708857131  
0.01071127551  
0.329845754  
-0.7108201042  
-0.4538849056  
0.7422580018  
-0.1102201425  
0.7984178318  
0.3506151819  
0.7987642325  
1.212984804  
-0.9320587129  
-2.00040263  
-0.6070223486  
-1.10512664  
0.3432119562  
-0.7148693853  
1.2904542  
0.03035842393  
0.9296562214  
0.3509455223  
-1.293295662  
-1.499596249  
-0.4613443497  
-0.140416503  
1.055783128  
1.095282735  
0.1552280284  
0.8607103562  
0.6964913287  
0.4402784647  
-0.2270653265  
1.162310704  
0.4763365025  
-1.276067088  
-1.80038656  
-0.6522883134  
0.4071197822  
0.270691339  
1.783370521  
1.000177941  
-0.7548530289  
-0.579687335  
-1.07913355  
-0.7429097176  
-1.327603814  
0.9312243652  
-1.245097666  
-0.2433276  
0.2463602472  
1.531249687  
1.922348532  
-0.4756936233  
-0.2456829525  
-0.9580074467  
-1.223116852  
0.1854764473  
0.2934086806  
0.2909880256  
0.5326778151  
0.5658621891  
-0.597083819  
-1.721967032  
0.362282986  
-0.8955836369  
-0.3437403827  
0.9645586311  
-0.7541963631  
0.3264211224  
-0.815080319  
0.02479642144  
1.087558671  
-0.7977735687  
-1.154320877  
-0.1546754734  
0.163641687  
-0.7215074628  
-0.1912581869  
-0.06000347486  
0.4482654475  
-0.4400359868  
0.759122078  
0.2146050354  
0.465181208  
-0.8119607909  
-1.002476843  
-0.7954368994  
-0.0658207701  
1.162497831  
2.195133781  
1.968157151  
0.6670230433  
0.8455855081  
-0.4472399027  
-0.9062095094  
-0.07199184597  
-0.8316395743  
1.628286485  
1.370183184  
1.808136988  
-0.5176191395  
-1.173111687  
0.2009564051  
0.04884521592  
-0.4146835481  
-0.4694844562  
0.05439878279  
2.630790619  
1.156648625  
2.045635058  
-1.759613974  
0.1762204643  
-1.044480284  
-1.528142041  
1.699854268  
-0.8911587183  
-0.05498831481  
-1.272412912  
0.1824044918  
0.8756218635  
-0.7003428857  
-0.08245085552  
0.7193739456  
0.3866907192  
-0.5707248639  
0.560668839  
-0.3801296228  
-0.09394231439  
0.4046601034  
-0.7031544978  
0.7693047837  
0.3068860955  
0.8626151134  
1.165904695  
-0.9660714311  
0.5904292906  
-0.476846268  
0.7242418474  
0.5760514432  
0.8298811554  
-0.5038366285  
-0.7197095698  
-1.053442447  
0.0513788386  
0.006605183068  
-0.9689280601  
-1.327544897  
-0.65704917  
-0.30022215  
-0.06305229845  
0.8761950884  
-0.4556904149  
-1.115899159  
-0.5662835853  
-0.5054434566  
-0.1800768722  
-0.5717607096  
-0.006464506433  
-0.3088683257  
1.255342442  
0.7969399302  
1.686407312  
0.3054811311  
-0.2140303572  
1.001322261  
-0.1867516179  
-0.2018392418  
0.04518492852  
0.5758657229  
1.039237509  
-0.6365939725  
0.4644023725  
0.3170015538  
-0.3934075788  
-1.348875272  
-2.315301031  
-1.81418849  
-0.03333555412  
0.04084334091  
-0.03671718957  
1.906025952  
-0.1344350374  
-0.001929501747  
0.8512757966  
0.163066238  
-0.7588778369  
-1.12920874  
-0.8275733316  
0.5640606432  
2.911576109  
0.6358590824  
0.7134125905  
-1.544993845  
0.1337953749  
1.365821422  
0.4647956739  
-1.412543262  
-1.451079893  
-0.3612448231  
-0.6344265823  
0.8808951802  
0.1167292896  
0.3316044736  
1.480049019  
-0.4351999921  
-0.512400102  
-1.801391344  
-0.2240621792  
0.9574502881  
-0.7729534073  
0.3526280788  
0.2735917396  
0.2490357084  
1.389387078  
0.1493169293  
-0.5716963947  
-1.071283809  
-0.2998154264  
