0.6444760002  
1.965382549  
-0.6635146275  
-0.5246280036  
0.3855154689  
-1.093224811  
-0.2240325142  
0.7093580692  
-1.375925582  
-0.4248510807  
0.1673972672  
-0.5485732655  
0.2663371601  
0.1961990442  
0.7108348125  
0.1642150726  
-0.456169185  
-0.03770205141  
0.1974889027  
-1.021170834  
0.3462786116  
0.3819356885  
0.4734979279  
0.2780195487  
1.859612855  
-0.4358487715  
-0.5577409308  
-1.05983462  
-1.2062645  
0.1530939716  
-0.3973280967  
0.6839375023  
0.6556066469  
2.900324931  
1.208046768  
-0.2142429312  
0.02291931484  
1.217978297  
0.8536882857  
1.443163378  
-1.606177408  
1.437275732  
0.1869275337  
-0.2170339077  
0.08390116724  
-1.28138052  
0.4973826874  
0.6540915593  
1.129160593  
0.01353601521  
-2.162446082  
0.6696122878  
-0.06712319221  
1.267678204  
-0.7520963757  
0.03927540386  
-1.811277346  
-0.2337351835  
-1.454662995  
2.899582616  
-0.2558464761  
0.02312712468  
0.854448375  
1.455311426  
-1.019857353  
-0.3337010975  
0.132063265  
0.4257604689  
1.756378874  
-0.5831767648  
-0.3654673277  
-0.8272840511  
-0.3661781938  
-0.7748910994  
2.479649722  
-0.7136803856  
0.5396320901  
-0.01600290612  
-0.2319536961  
-0.09287470454  
1.328208025  
0.07399287921  
1.71824947  
-0.9583789351  
-0.4304006583  
-0.8449512708  
-1.249999177  
-0.7402195228  
-1.61773335  
-0.3956479816  
-0.337579854  
-0.1531569278  
-0.05172567918  
-1.082201776  
-0.8122025397  
-0.06528512581  
0.257037271  
0.6628830156  
0.4345906766  
-1.746328871  
-1.750903523  
0.499906093  
1.316169071  
-0.1560516633  
-0.5169756139  
-1.299892652  
-0.7710000012  
1.480175513  
1.287903618  
0.9849493863  
-0.779476179  
-1.367357923  
0.3968769106  
0.590282954  
0.1324139536  
-0.5418491227  
-0.1510529795  
-0.1629116299  
-0.344440883  
-0.3318197505  
-1.591670122  
0.02239238756  
-0.7667422489  
0.2722697072  
-0.7094826493  
0.08517560506  
0.2047559841  
0.4442769383  
-0.8793996563  
0.8688263193  
0.4190249087  
0.2891037252  
2.305286949  
-0.4401764925  
-0.4128086643  
0.2449655683  
-1.450706682  
-0.2918446666  
-0.1432027941  
0.7095285734  
-0.3969368361  
-0.3771608495  
-0.2297071819  
-0.2587330818  
-0.1061686941  
-0.6278217652  
-0.8162068951  
-0.60121908  
1.642400905  
0.3793662178  
-0.4374311437  
0.5849809364  
0.09388971271  
-1.627100228  
-0.3677806341  
-0.9549181382  
-0.8400371186  
0.1270956299  
-1.568980461  
-0.7250781678  
0.06115254779  
-0.0279957279  
0.896065551  
-0.1045764044  
0.1220014344  
-1.574870755  
0.5688076322  
-0.4115988907  
2.084992049  
1.046728781  
-0.5107268774  
-0.6381737931  
-0.04816518458  
1.841473401  
0.6618677363  
-1.094849587  
0.04162724637  
0.1348894466  
-2.881341273  
1.170285968  
-0.8032225874  
-0.8551795374  
-0.00633800329  
-1.34113062  
0.8964572856  
-0.3976377359  
0.8163359585  
-0.7274731273  
-0.9906286898  
0.80305354  
0.1913532612  
-0.3862648888  
-0.8634493139  
0.04945021239  
1.209395243  
-0.04747584542  
0.03019779237  
-1.501450569  
-0.467686048  
-0.4734700995  
0.2815192276  
0.302188394  
0.4456392254  
2.460443127  
-1.250910996  
-0.008711350383  
-0.5529650597  
0.4867792899  
1.343544463  
-0.3342573714  
0.3537990458  
-0.849901797  
0.6003951792  
-0.6229884917  
0.5832191653  
-0.1532687827  
-0.2856285172  
1.014322317  
-0.02653544721  
0.8851396753  
-0.3040401795  
0.02926846195  
-0.7933918867  
-0.2618882351  
-0.1144795611  
-2.164844109  
-1.150678841  
0.3400337158  
-0.4139870563  
0.2781849941  
0.7239726545  
1.482795181  
0.2450365463  
-0.6873429818  
0.5907991044  
0.2101570434  
-0.1405469618  
-0.0159016788  
-1.71968982  
-0.5058520675  
-0.2319905872  
-0.4471751721  
1.150489439  
0.2491701729  
0.7396471299  
0.9309648035  
-0.04129121716  
0.8714623898  
-0.8849045603  
-0.06344638937  
0.4015013723  
-1.312140914  
-0.08986726058  
1.057387993  
-0.5894060978  
0.9963685217  
3.428781736  
1.169309995  
0.6858007939  
-0.5002123294  
0.3447885059  
2.782636232  
0.2022597481  
0.480352465  
-1.134147379  
0.131986695  
-1.652780406  
-0.1637892918  
-0.4830385602  
0.4021984946  
-0.3057091966  
-0.02917516585  
1.360505316  
5.400586176  
0.6973647696  
-0.1861531286  
-0.9500334332  
0.1686075635  
1.054061816  
0.9797750384  
-0.7612377501  
0.7075713371  
-1.418153882  
-0.8489067001  
0.3523256671  
0.6998716411  
0.1374582716  
-0.5454838827  
-0.4777139455  
-0.4609723935  
-1.243979457  
-0.06208551352  
0.5581414642  
-0.6629035799  
-0.1093685005  
-0.9794715618  
0.1057228024  
0.199504112  
0.5614026614  
-0.7301945625  
-1.082244589  
0.0983239162  
3.783819563  
0.3388286509  
-0.5535133215  
0.3496271173  
0.7614800488  
-0.3406696664  
0.5505323257  
-2.382055655  
2.436506208  
0.6152702682  
0.786645201  
-0.3922116525  
-0.08567792429  
0.2191791315  
-1.937925909  
-0.2028462872  
-0.3725031666  
0.358709038  
-0.7955330768  
0.07922244605  
-0.3071494021  
3.944125515  
0.3328919493  
0.4453516665  
0.8342043771  
-1.265623116  
-1.231677652  
-0.7491232837  
1.649073644  
-0.01945143833  
-0.5348406409  
-0.306716069  
-0.4532322619  
-2.717565395  
-0.4686623444  
0.4205413911  
1.035086198  
-0.1438641042  
0.9523838622  
0.1779436176  
-0.7978686421  
-0.03498705588  
-0.1202041356  
-0.1847354463  
-0.3473501695  
-0.896232087  
0.03373322769  
-0.1956919336  
-1.410634271  
0.2731545476  
-1.465054192  
0.3692804382  
-1.042229363  
0.1544259727  
-0.4961518233  
-1.019884557  
0.2429805131  
-0.002716310625  
1.235125837  
-0.1857599596  
-0.3267714501  
-0.2759768397  
-0.605527886  
-0.6734547211  
-0.1924243909  
-0.7118110738  
-0.7522160786  
-1.460246464  
0.5167461168  
0.05696207715  
-1.008914642  
-0.007174976504  
-0.3080531861  
0.3052548504  
-0.7035710551  
-0.2709733938  
-0.981426972  
-0.4154720342  
0.1866062853  
3.678670495  
0.9750041191  
0.303739176  
-0.1033950853  
-0.6567332166  
-1.215201047  
-0.06181922741  
-0.4836888296  
1.064628674  
-0.4998152048  
-0.04634848532  
1.583308682  
0.3809986244  
-0.1150545553  
-0.609334475  
-1.503097838  
1.168842395  
-0.09476370715  
0.6162926417  
-0.3448710344  
0.05484130586  
-0.4359277357  
-1.099662171  
1.643395222  
1.248210196  
0.3006659523  
-2.171667912  
0.9848674656  
1.223453584  
1.56333893  
0.2290516178  
0.4146574538  
0.5086278533  
0.4564485563  
-1.434537626  
1.975735666  
0.1027098177  
-1.486769421  
-0.4346676487  
