1.291061423  
1.171072923  
-0.3954698479  
-1.22843199  
2.232696289  
-0.5024609627  
1.085966517  
0.8226458045  
-0.2875656886  
1.241090171  
1.12922287  
0.1887213343  
-0.09877398447  
0.04273382103  
-0.6138510477  
1.538108884  
0.3275823853  
0.1530868197  
0.2792158178  
-0.2053460409  
0.7563429637  
1.436203135  
0.7389084284  
1.164415365  
-0.2538774591  
-0.9381054882  
-0.6554035095  
-0.1101831994  
-0.1608650387  
0.4767655001  
-0.09825274263  
-0.05380129059  
2.000871408  
-0.5303594497  
-0.1565034536  
-0.329168508  
2.470463241  
0.08891555269  
0.3081924491  
0.8528952007  
0.9185610051  
-0.04703679045  
0.05169054783  
1.375136625  
-1.823470243  
0.6726720431  
0.3260196307  
1.24838815  
-0.4741355129  
-0.9697467518  
0.226058105  
0.07343607714  
0.2555215486  
-0.4698995997  
0.8314054706  
0.9184843712  
0.01853613196  
-0.6535572689  
-0.3792398017  
0.5796250689  
-0.2070028253  
0.5955358303  
0.9129353523  
-2.245528863  
-0.5143429703  
-0.9687541791  
-1.683674373  
1.142855648  
-0.02009945411  
-1.351064277  
-0.8010136885  
-1.83271246  
1.046539787  
-1.143255014  
1.346636177  
2.355808245  
-0.3220987677  
0.951325694  
0.3630704115  
1.494920376  
0.9876770029  
0.5502057781  
-0.4860136382  
1.406037089  
0.3198601556  
1.436555712  
0.9997123502  
0.05332022813  
1.126406915  
-2.195073463  
-0.9254264738  
0.08217622983  
-0.5143747874  
0.01898343073  
0.2582111919  
-1.593265233  
0.9731439715  
1.278886469  
-0.6572478198  
0.6557392254  
0.06528061487  
-0.5298333988  
0.1063376214  
-0.2491125038  
-0.9208892694  
-0.6778212231  
-1.994848546  
-0.6709628699  
-2.312143093  
0.418452655  
0.2480135977  
-0.2420225361  
-1.090452863  
-1.612583841  
-1.883041765  
-1.065929273  
-0.5539702307  
-0.1415294651  
-1.417557329  
0.8891852546  
0.6280262482  
-2.738275238  
0.8322847634  
1.406918164  
-0.6115289719  
-0.5066003361  
-1.825387892  
-0.471749048  
-0.8440519656  
1.047787879  
-0.6411725555  
-1.75939895  
-1.632266973  
-0.6170632895  
1.257085478  
-1.669606206  
-1.116430878  
0.476870073  
-0.602054693  
2.214818934  
0.7475389622  
-1.024095257  
-0.430705888  
0.1097316591  
0.09587725985  
0.7773440116  
-0.1577472079  
-0.381543685  
-0.1954391709  
-0.7723968555  
1.103688896  
-1.000137159  
-1.089463696  
-0.2221927873  
-3.808087288  
-1.587892943  
-0.08949558301  
-0.6431583795  
0.3850697849  
0.1421426632  
0.1559052593  
-2.078041455  
-0.1163668968  
0.6635411979  
0.2825771192  
0.2590225656  
-0.07112676278  
-1.160745694  
-2.409491238  
-1.71726516  
-1.932628688  
-0.29555391  
-0.06976897834  
0.9766261956  
0.1076176895  
2.470398195  
0.1890085143  
-1.187516114  
-0.8178426525  
-0.2277853349  
0.5975115175  
0.4933968585  
-0.20685468  
-0.2752166049  
0.4328304822  
-0.5087039873  
0.235454602  
-0.09572090348  
0.566035527  
-0.2994336995  
-0.9051656558  
0.3734459967  
0.6662179214  
1.569231121  
1.090629989  
-0.3640474604  
0.0006557086251  
1.000689726  
0.4207293361  
-0.4778202407  
-0.5305832433  
-0.3095697632  
-0.2207315738  
-0.2713204091  
0.06583040737  
-1.75944046  
-1.084463793  
0.5750787171  
0.2751198798  
-0.2153683216  
-1.159902207  
-1.178275793  
-1.745268469  
-1.712441797  
0.02755157702  
2.029095  
0.8967247206  
0.8544734564  
0.4210756491  
-1.528947412  
0.6719589524  
1.483002591  
0.7279378114  
1.137380527  
-1.626674547  
0.2274036193  
-0.3564304764  
-0.9764193895  
0.08962091885  
0.7158042105  
-0.7979386553  
0.3219332102  
0.4937763398  
-0.9047867204  
0.2947376873  
1.108743718  
-0.234282175  
-0.6471174602  
0.2891582238  
0.6526989308  
1.06029241  
0.4854731811  
1.484200952  
-1.724457536  
1.096685077  
0.9708706052  
0.314491803  
-1.172257042  
-0.7331695843  
0.8377698726  
-1.450801162  
-0.03374759123  
0.3508218233  
0.6684471504  
1.046347366  
-0.5232848675  
-0.007637421053  
-0.473961845  
-0.8598341639  
1.06022246  
-0.236335684  
-0.7950704758  
0.5503980522  
-0.5113023705  
0.3093491151  
-0.5023257163  
1.410281381  
-0.05249185522  
1.166168834  
0.4145588798  
0.9702493182  
1.636727212  
0.4046548311  
-0.4901115972  
0.7258780059  
-0.6385296094  
-0.2062505404  
-0.09870136463  
0.263698988  
-0.2161406709  
0.5710585789  
0.001314701156  
0.9097886333  
-0.1153380317  
0.2633193487  
0.9219143582  
-0.6360370873  
0.1822906292  
1.525877725  
-0.6781160649  
0.7590463693  
-0.4983666011  
-0.4179732186  
0.943389921  
-0.494435384  
0.3246991779  
-0.4799712532  
-0.2549159635  
0.6280725765  
-0.5395356166  
-0.8700044596  
0.04886363147  
0.3869385217  
-0.6617453566  
-1.377018947  
0.7980653953  
0.3379812404  
0.7377958251  
1.151478347  
-0.5806118983  
0.09555776829  
0.6939151961  
0.5985550468  
0.00859018936  
0.2049308031  
0.1147303455  
-1.255326055  
0.380874225  
-0.5171278922  
-1.232318231  
0.10859469  
0.736402119  
1.743157602  
2.525344346  
3.194331825  
0.05894983913  
0.2098595622  
0.399143874  
1.831195104  
1.479376668  
1.796756799  
-1.097758941  
-1.934912917  
-2.22653641  
0.2673211638  
1.316802538  
1.508982381  
1.465716063  
-0.9419707418  
-0.7657633244  
-2.341392314  
1.245878394  
1.468271348  
-2.005966339  
-0.572609274  
-1.106705826  
-0.8230138373  
-0.5867424465  
-0.9687827745  
-0.2055775483  
-0.4254246686  
-0.8293975197  
0.950585597  
0.7641486489  
1.686347867  
-0.4616260884  
0.3821005919  
-0.3332308811  
-1.028929822  
0.475897192  
0.2832366085  
-1.257417558  
0.2691347768  
0.1812331668  
-1.403143826  
0.1531141843  
-1.082843227  
-0.8177096645  
-0.6621910682  
-0.8353392346  
0.9013898892  
-0.4545420112  
1.946552048  
0.9353374066  
-0.06622345809  
0.5705289015  
0.6757990289  
0.5861056773  
0.02555229402  
-0.7159867024  
-0.9593878503  
2.012870717  
1.603609492  
0.2149114143  
0.6729953801  
-0.9833771577  
1.084302228  
0.6918984807  
1.317470482  
0.8321816971  
0.5622749585  
-1.172615754  
0.3540418204  
0.1592554242  
1.11236742  
1.097192861  
-0.159041134  
-1.036987326  
-0.3087635123  
0.1852108982  
-0.4916280766  
-0.6741102041  
-1.369682498  
-1.607788612  
-0.9765556753  
-1.121254575  
0.6394614379  
-0.7154476071  
-0.9415360272  
0.4745446844  
-0.479106781  
-0.5524168565  
1.346842957  
-1.165683173  
-0.4902258164  
-1.293158893  
-0.5492680544  
0.6229483393  
1.099970561  
0.9527031508  
