1.07465696  
-1.576807179  
0.9792750831  
-2.502777078  
-2.883736575  
1.098919518  
-1.032896495  
0.08471060063  
2.031698766  
-0.4931981368  
-1.322837447  
1.244065011  
-0.1668552007  
0.2932033293  
0.8622473366  
-0.4118434875  
0.8647685346  
0.1372158495  
0.1299165564  
0.4424099329  
-0.7082181816  
-1.940298159  
-1.350579538  
1.46851126  
0.1933307779  
-0.4024908792  
-0.6215882221  
-0.9186279821  
-1.138752257  
-0.8620406439  
-0.8223508218  
-0.1564077622  
1.162780782  
1.359547636  
-1.785316753  
-1.669440065  
0.315024478  
-0.3460830843  
-1.146456138  
-3.393891894  
0.1944325808  
-1.360112675  
-0.8022508214  
-0.8390411697  
0.4038904984  
-2.042032865  
-0.8518223822  
-0.9206109447  
0.3344954892  
-0.2148129309  
-0.2974110384  
-0.5464801869  
-0.3072917909  
0.4319747266  
0.4835820052  
-0.4011684149  
0.8471808692  
-0.5392116778  
-1.107955514  
0.6683765585  
-1.680581701  
-0.966155516  
0.1197590793  
0.08158919844  
1.025297708  
-0.02578272273  
-0.01813363937  
-0.1938462237  
-0.6023399984  
0.3182225533  
0.04194405836  
0.4607292438  
0.9845089329  
0.3635488935  
-0.9748140942  
-0.1163298693  
-0.2857373337  
-0.5966327411  
-0.05808687982  
0.5611385491  
-0.378883314  
-0.9824710239  
1.151607407  
0.6762768089  
-0.4185336418  
0.7267625479  
0.4236678015  
-0.4976446049  
0.7483411216  
-0.198215618  
-0.08304185217  
1.445855439  
0.9930327233  
0.5339211625  
1.665850362  
-1.036848345  
-1.389026942  
0.778118204  
-0.3710490174  
0.283932124  
0.7124195891  
1.891160424  
-0.07399164885  
-0.6625832253  
1.469205243  
0.2442511956  
-0.8772797446  
1.954900239  
-0.3838918514  
-0.3057482007  
0.1522651613  
-0.6015993849  
-0.3591844498  
-0.6893230955  
-0.6502148441  
0.1882912091  
-0.2372327675  
0.2093523231  
0.5867346611  
-0.06101362943  
1.166852118  
0.5961295304  
-0.2052256668  
0.3859779824  
-0.7737230103  
-0.4560005701  
-1.443141518  
0.1117580648  
0.4377410929  
-0.2854938453  
1.532257763  
1.629392465  
-0.1266359787  
1.155388776  
0.7955252942  
2.515690692  
-0.1927335174  
0.4820471692  
1.098106308  
0.02105874637  
0.06378716348  
-1.49247649  
-1.344201656  
-0.4882328925  
-1.540722515  
1.376382834  
0.9035478464  
1.551800573  
1.506920855  
0.3438516607  
1.430546933  
1.105223477  
0.8141413499  
0.730379322  
0.1611137964  
-0.2333706528  
0.3199750811  
0.7905371842  
-1.189862276  
-0.4996013675  
-0.5466488849  
1.04478473  
1.429929058  
1.150209568  
0.2401524053  
-0.3051548859  
-0.8695836764  
1.120523994  
3.386094116  
1.558666436  
2.319090446  
-0.9763067693  
-0.4149397866  
0.3642133246  
-0.1332173557  
0.1807837242  
1.144845322  
0.918440951  
-0.7886968432  
-1.734408721  
-0.7914483353  
-1.562406203  
0.7631623118  
0.3923562266  
0.3879161013  
0.5446857635  
0.7660242049  
0.2518837395  
0.7079222482  
1.135458631  
1.052977079  
-1.048940898  
2.092816425  
0.7520257955  
-1.076010601  
-1.341310961  
-0.7157288795  
1.490348765  
0.1465613024  
1.159599718  
-0.1267074338  
0.04734140518  
0.491056455  
-0.4766347517  
-0.8201271777  
0.2544147793  
0.90488015  
-0.2289842152  
-0.6421009158  
1.039114355  
0.3148742909  
-0.3948156087  
-1.040812635  
-0.5823113483  
-0.7173218628  
-1.817646723  
0.3368147159  
-0.2599302996  
0.604842192  
1.816455646  
0.9927773985  
-0.825831086  
-1.726856154  
0.5865966192  
-0.236823364  
0.6913995972  
1.069183781  
-0.2570997765  
1.210085124  
1.224576893  
1.506061558  
0.9689025332  
-0.9657900243  
1.048170524  
-0.2103092241  
2.087695251  
2.515402434  
0.3003362479  
0.005541314737  
-0.2813560147  
-0.3883789219  
0.7438530042  
0.7511450181  
-0.6712295757  
0.9454548917  
-0.5732863909  
-0.1074803641  
0.5627099618  
1.331202952  
0.7292109937  
-0.08154679403  
-1.146198304  
-0.388996026  
-0.1227513224  
0.7551343834  
-0.1931418771  
0.2142584055  
-1.461455352  
-1.727611212  
-0.2050800541  
0.2942047542  
-0.7690669463  
-0.7771458938  
-1.74516443  
-0.8308517118  
-0.8439029621  
1.662533065  
-0.813924168  
-0.8425480604  
-1.474373655  
0.0992728503  
-0.454113094  
0.9158661979  
0.4310030301  
-3.077695539  
-2.460613721  
-0.7369868744  
-1.75336717  
-0.2283066466  
-0.5382416527  
0.2207102987  
0.6526007251  
3.016554661  
0.9107844952  
0.8373954788  
1.107417  
-0.8044474131  
-1.101371037  
1.545617636  
1.753516661  
0.1320465554  
0.8190586259  
-0.5886246804  
-0.8775441243  
-0.7722931854  
0.6295291846  
1.3210747  
-1.052173168  
-0.2247403979  
-1.712705445  
-0.2533244513  
-0.1856055358  
0.5738586547  
1.737851104  
-0.2089894373  
-1.633369312  
0.8207611882  
1.216801545  
0.2767810676  
-1.152623866  
0.009389304685  
-0.6195726369  
0.3203428223  
-0.4515859387  
0.02721105523  
-0.5943604002  
-1.826650024  
0.3185371755  
1.307167874  
0.3138960835  
1.404996908  
-0.4156896645  
-1.416067461  
-0.5166332623  
-1.161617101  
0.07508885815  
0.3857607682  
0.3887267595  
-0.08455014467  
0.9407219392  
0.3971892791  
0.3143737392  
0.3154680046  
-0.03997604266  
0.905379146  
0.3144111347  
-0.5319105604  
-2.08459198  
-0.4974817213  
0.2936899398  
-1.603191652  
0.579544607  
-0.2644534358  
-1.1835069  
-0.8990122686  
-1.597861928  
-0.1825231303  
-1.45920471  
-0.5254112769  
0.2129616312  
-1.188237609  
0.09581384089  
-1.884157697  
-0.5120673785  
-0.4571759332  
0.008394013708  
0.2728036077  
-0.9262975492  
0.46118605  
-0.3004653947  
-0.2314188886  
0.1616014957  
-2.374729964  
1.55659756  
1.365181687  
0.2029850818  
0.4112504964  
-0.1154141315  
-0.2060610771  
0.1065632853  
1.691002669  
1.81718619  
0.9423592626  
-1.003259709  
0.7171767867  
0.8823979596  
0.091636286  
0.6951402495  
-0.1384460414  
0.1771574684  
0.3622951928  
-0.5265544842  
0.2004062812  
-0.1962381188  
-1.068198514  
-1.300364803  
-0.2457427075  
0.08088324632  
-0.05239072902  
-0.3024318452  
-0.9913870063  
-1.863610008  
0.1927977643  
0.3502614739  
-0.682449352  
-0.3740734091  
-0.4376625291  
-1.287115409  
0.225187109  
0.1953862798  
-0.4342035634  
-2.046398715  
1.274439508  
2.033390028  
0.01102856297  
0.9785537124  
0.5119114748  
0.8581399419  
0.5022861299  
0.809261202  
1.06652932  
-0.7151467306  
0.2567676236  
-0.09732943602  
-0.688639306  
-1.763316901  
0.5736967724  
0.2285265018  
0.0617036762  
-0.5102751083  
