-0.7888762237  
1.907783817  
0.5896355248  
-0.2853397095  
1.288758437  
0.4244730902  
0.7250718832  
1.159510691  
-0.8656055055  
-0.6245468788  
1.43757976  
-0.06538201784  
0.6094590362  
0.1164857446  
-0.6909634193  
-0.2398951461  
1.842062259  
1.212278907  
0.1239309103  
0.2165978692  
1.310122522  
-0.7545997711  
0.8044382975  
1.012672743  
-1.32640119  
-0.3543607527  
-1.575401167  
-1.607969174  
-0.1827684245  
-0.2739812913  
-0.4366506327  
-0.546700845  
-0.1095551155  
1.701047326  
0.7434003879  
-0.8218203226  
-1.639647337  
-1.23637615  
-0.4326069945  
0.4664273219  
1.805458465  
0.1123527656  
-1.165581002  
-0.3045895969  
-1.655880616  
-0.4606168415  
0.7001312896  
-1.074529007  
-0.3222587095  
-0.5995381617  
0.8844523971  
0.2292447941  
-1.488640835  
-1.607962171  
-1.87797602  
-1.356031792  
0.56032868  
-0.1893420914  
0.06120913762  
0.5235575556  
-0.7831899647  
-0.6075679698  
0.2442378444  
0.07928424805  
0.3178799698  
-0.6266047727  
0.2853496636  
-1.921389391  
-0.660657989  
0.2714561979  
-0.9655754063  
-1.805205375  
-0.4943889381  
0.2976149413  
-0.8950301776  
0.01227926991  
-0.8994473177  
-1.481810447  
-0.3735566334  
1.248917884  
-0.4017618657  
0.6528735551  
0.1207610448  
-1.338727624  
-0.5299770004  
0.3453514475  
0.6246042837  
0.6171044139  
0.01885171317  
-1.178564831  
-1.216389483  
-0.8544775313  
-1.386376256  
0.04314286728  
0.6575614535  
0.04856277622  
-0.3646522144  
-0.009715657059  
-0.7451107838  
-0.1159093412  
0.2627894544  
0.05426454476  
-1.318280847  
0.5022287865  
-0.4671370061  
0.1503837792  
-0.3932070295  
-0.2877541161  
-1.609191252  
-0.03581244388  
1.57726732  
2.154296261  
0.2750549933  
-0.07770258573  
0.7143463972  
-1.022832431  
0.9431561944  
0.9257549211  
0.2867395268  
0.8375261374  
0.2597521867  
0.9349312852  
-0.3816067724  
0.5600990498  
2.142059335  
0.1174733274  
1.365269756  
0.6134418388  
0.4181444255  
-1.21403145  
-0.5988217129  
0.8045169516  
1.520231774  
0.1901489664  
-0.1157960246  
0.03359899784  
0.1153381208  
3.061149198  
0.01630638352  
1.074977216  
-0.6461735416  
-0.04620822025  
-0.04433835718  
-0.1632078191  
1.19623487  
1.22577887  
0.631006158  
-0.2219859605  
-0.5180214441  
0.6850099488  
-0.4764760347  
0.5813706269  
-1.433982652  
-1.73263966  
-0.3435124503  
0.4036582604  
-0.1576003886  
0.2039810167  
0.9072776267  
-1.296784365  
0.1468251836  
0.2817539693  
-0.7260639379  
0.4730249597  
-0.4397745208  
-0.5955635544  
0.2159228554  
-0.4740163548  
1.40039533  
-0.6069324992  
-0.1480530213  
0.7271442862  
0.8747608817  
0.8509841599  
0.6319679174  
-0.8068032526  
0.4279588307  
-0.1223009285  
-0.1442483102  
0.3113552063  
-0.2332066094  
0.5182548346  
-0.5585754968  
-1.943648664  
-0.282220356  
-0.7884362115  
-0.1117118445  
1.128683449  
0.5567196614  
0.767258885  
1.332571106  
2.441458844  
0.9957150479  
-0.9784320905  
-1.2060532  
0.8067135592  
-0.05469716233  
-1.400641618  
0.1231079462  
2.117917737  
1.203571213  
0.07422226315  
0.3904356981  
0.6579392574  
-0.8750845697  
0.1952711606  
-1.207388239  
-0.3607508579  
-1.366131773  
-0.4457576299  
0.4494608208  
-1.178498076  
0.5986709705  
0.6270924208  
-0.2562183578  
-0.5710922687  
0.570465463  
0.0344334418  
0.05419812867  
1.952149423  
-0.1091251064  
0.5719240977  
-1.534737326  
0.2146235137  
0.09357244602  
1.002501034  
0.8773699403  
-0.8046440646  
0.01255588842  
0.04137478562  
0.8826956975  
1.352335492  
0.6227104854  
0.8809947096  
1.577812428  
-0.3182975909  
1.045549156  
0.003818231526  
-0.6282990235  
0.7058223789  
0.5276503731  
1.190675194  
-0.5197988152  
0.5916555799  
-0.08679117868  
-1.066303825  
1.934250518  
0.2298855616  
-1.660637372  
0.01835997648  
-1.311271476  
-1.651464585  
-0.163233351  
-0.6701552139  
0.472165098  
-0.6758121032  
-0.9861480292  
0.9904510532  
-0.7693605589  
2.639029819  
1.880422277  
-0.4394011379  
0.6814373515  
0.09302222208  
1.129859981  
0.8828271695  
0.1982042037  
-0.5451501533  
-0.2891738259  
1.440321256  
0.6510597939  
-0.4114160917  
1.205262173  
-1.563749688  
0.04880900311  
0.533563496  
-2.1345263  
-1.382386889  
-2.464929317  
0.9889458347  
0.4970480174  
-0.3216692427  
1.106406636  
0.1244544019  
0.5722724899  
1.081409971  
0.4432290471  
-0.6754933941  
2.493032696  
1.234624554  
-0.3439850408  
0.9973226359  
0.92956688  
0.0331731417  
-0.3546662943  
1.006748061  
1.066288953  
-1.626753546  
-1.418040952  
-1.751101778  
-0.707914932  
-0.8727580209  
0.9056297266  
-1.072412742  
-1.39775412  
0.4943906296  
0.4021115566  
2.633971918  
0.8973408758  
-1.137204768  
-1.508841329  
-0.5167255391  
-0.8433531245  
-0.7878366066  
1.101649067  
0.02330149069  
-0.8234400552  
-1.813029968  
0.7372731179  
1.639292592  
0.5979994017  
0.1744966953  
0.4128312502  
-0.5107259527  
0.4081635429  
2.080132854  
0.3090502616  
-0.4308311117  
0.2794939322  
0.5068292567  
-0.5180015548  
0.09559922164  
0.5486422316  
-1.092116837  
-1.680250995  
0.3170165231  
-0.2251879849  
-0.4452676126  
1.086305494  
0.479648593  
-1.560649097  
0.1393163095  
-0.7846605635  
0.3039992841  
-1.833747523  
-0.1363487549  
-2.090440737  
-0.9983475797  
-0.3039771406  
-1.007033632  
2.340947529  
-0.01518056326  
-1.221718973  
-0.2632578387  
0.1273043836  
2.237132  
-2.098532289  
-0.7319554896  
-1.379581328  
-2.42134852  
2.34387995  
-0.2906511873  
-1.844597241  
0.3266257648  
-0.9387257352  
-2.101913886  
-1.015133358  
-0.5171676164  
0.07579756021  
-1.198807273  
-0.8763465951  
-0.4534749324  
-0.6502070932  
1.10465646  
1.487797212  
-0.4999068319  
-0.4149969382  
-1.671709432  
-0.01825259362  
1.677521858  
2.103189783  
-1.228285622  
-0.0869738433  
-1.071971683  
-0.5552491021  
0.3938678529  
-0.6162845547  
-0.5158512075  
-1.039648594  
-0.1035750293  
0.5170888328  
-0.3467512299  
0.2655558329  
1.57854385  
0.3131514018  
0.1497742763  
-0.2856515463  
0.7500067419  
1.483622811  
1.789734813  
0.6037644335  
2.483562611  
-0.1693626162  
2.134272885  
-0.5048629905  
-1.237368869  
0.5298823038  
0.05022041417  
0.9266567965  
-0.004739019856  
-1.400268678  
-0.9865513896  
-0.9815185433  
0.2832268507  
-0.9662539508  
-0.2061853354  
-0.1774946937  
-0.2815237504  
0.09296526762  
1.588500762  
