2.166007741  
2.433751995  
-0.81030167  
0.2068244485  
2.239545902  
0.1475666721  
0.2418237215  
1.801367869  
-0.5311403861  
-0.8869635799  
-0.2467883462  
0.7756087942  
0.02556724831  
-1.102457732  
-0.1834570294  
-0.2664624365  
0.3283708181  
0.7779706297  
0.177618499  
-0.3929608771  
0.3536654714  
-2.196540627  
0.02050969397  
1.561167713  
-0.3123789044  
1.120966852  
1.514437816  
0.3223336367  
0.9352596731  
0.233894236  
1.947908402  
1.959259277  
2.20234371  
1.284416982  
-1.76232079  
0.1201888821  
1.29698662  
-0.08822994527  
-1.240983813  
-1.888679774  
-0.009845910596  
-1.448769476  
1.216795961  
2.280717044  
0.326402176  
-0.3504631502  
-1.959385187  
1.611130652  
0.9985357288  
0.724748513  
1.973411709  
-0.2019141893  
0.02971094198  
0.1691991798  
1.144961042  
0.737416239  
0.6492587784  
-1.192113513  
-1.279165765  
-0.285106482  
0.9025711393  
-0.1617571806  
0.8148147465  
2.455060925  
0.1058703085  
-0.003407856812  
-1.019324291  
-1.008908755  
0.833874376  
-1.037671029  
-0.01517008215  
-0.197155791  
-0.7832488857  
-0.3068056569  
-0.06232352813  
-1.373374833  
-0.1196032764  
0.5761566132  
-0.005599905673  
0.7397485146  
-1.392870009  
-0.1277913515  
0.4191579909  
-0.5551918415  
-1.129179627  
-1.276801767  
-0.7086272303  
0.1620153873  
-0.3273497057  
-1.339107072  
-1.136738716  
0.4139619944  
-0.1704611154  
-0.5371477494  
0.4016960538  
1.218769926  
0.1372055117  
0.7234392185  
-0.7030324597  
-0.7874523618  
-1.274188943  
-0.8800351258  
-1.137893942  
-0.4289797533  
-0.04801105039  
1.976845047  
-0.885803157  
-0.493109787  
-0.4655765425  
-0.2358531058  
1.367610662  
1.688179097  
-0.654418128  
-0.8427408677  
0.7203764099  
1.223898919  
1.565466596  
1.20401865  
-1.131681784  
-0.6920673698  
-2.203820244  
-0.3919477215  
-1.218402119  
0.5822575554  
0.5016799595  
-0.314622506  
0.02660101375  
0.05400324022  
-0.4344306252  
-1.17104419  
-1.22401411  
0.4675484865  
0.05324417249  
-0.2490122741  
0.4928223456  
-0.2749679317  
-0.9961862847  
-1.34181603  
1.633165717  
-0.3374248262  
-0.9893260612  
-0.266485861  
0.1586816948  
-0.2186961444  
-1.081231138  
-1.277524445  
-1.045446947  
-0.1583455435  
-0.2002499833  
-1.968934615  
-1.222852979  
-1.933968677  
0.078486844  
1.060370319  
-0.7366689211  
1.422314477  
0.8756487289  
-0.444542437  
-0.7030868096  
-0.3718157343  
0.9419316604  
-0.5392045131  
0.5998412727  
0.3802073031  
1.255995309  
0.5008527429  
1.006158886  
0.8951742801  
1.209041008  
-0.2973865118  
0.5611251475  
-0.5022541917  
0.1262615159  
1.879025755  
-0.1102561443  
0.1263302229  
0.2865091994  
1.296701591  
-0.1206749532  
-2.40605085  
-0.6541377117  
-2.046183575  
0.2834114778  
0.1410765901  
-1.938246809  
1.288422687  
0.657658923  
-0.04617739261  
-0.4476366889  
-0.7605194998  
0.7311179074  
1.302612922  
0.5547075936  
-0.4680195548  
-1.770676082  
-1.150816433  
0.5402357818  
0.1068358287  
-0.4254438544  
-1.395588993  
-0.5581000069  
-3.032184833  
0.8679748473  
-1.684099035  
-1.300905083  
-0.5935139203  
-0.2034412682  
0.3593420121  
-1.120633475  
-0.6176369845  
-0.7394802597  
0.05572749875  
0.6262169938  
-0.706089379  
-2.32180569  
-0.5133055223  
-0.1818278764  
0.8334391443  
-0.9255269754  
0.8218854276  
-0.08136687981  
-0.3859124479  
0.9320528637  
-0.8759303478  
-0.9460066264  
-1.376923168  
0.6962777514  
-0.9043902546  
-0.600522689  
-1.398436975  
0.5407720598  
-0.6667425266  
-1.391472765  
-0.2748535181  
-0.1555769399  
0.349486308  
-0.5997704351  
-1.616618892  
-0.7492924694  
0.2750915283  
0.4589275215  
-0.4841004237  
0.6972251451  
0.03487469379  
0.1789054932  
-1.754165022  
-1.381441825  
-1.060743154  
0.50722367  
0.48031433  
0.9879456787  
-1.115904779  
-0.5880101535  
3.091845049  
0.4918093185  
-0.3582380027  
1.264972088  
-0.05175873493  
-1.297207751  
-0.6051944829  
0.2632685342  
-1.476821707  
0.2215617969  
0.3161364645  
-0.05550128397  
0.1159264338  
-0.97158127  
0.9007884048  
-0.0217541649  
2.338485609  
0.8217323229  
-0.4624987951  
1.657176432  
-0.09511859874  
0.4255544409  
-0.09595612218  
0.1727898804  
-0.4623465323  
-0.3777305324  
1.355113688  
0.1073832912  
0.204853622  
0.5444679563  
0.5811103935  
-0.1690793054  
1.058024091  
0.1184618764  
1.129319144  
0.6103038347  
0.4359960349  
-0.2433545038  
0.8622546534  
2.003065484  
2.373835927  
0.5411626055  
0.08612302589  
0.2395065802  
-0.242877293  
1.509827696  
1.179612741  
-0.4506712244  
0.5310264956  
1.413036178  
-0.4094540199  
-0.1323529319  
0.5629172445  
-0.9454726381  
-1.214889552  
0.7324301849  
0.1994704436  
-0.9623854967  
-1.119675298  
-0.2353580381  
0.5050088283  
-1.507614638  
0.1956645172  
-0.6688392703  
-1.018562645  
-0.406907281  
1.493667948  
-0.273762696  
-2.055841668  
-1.1366367  
-1.952087744  
0.4146825577  
1.280832174  
0.9172874779  
-0.3231955242  
0.2036914087  
-0.284523519  
-1.599160945  
0.2770571041  
0.9475256153  
-0.2470650098  
-0.4102575312  
0.4231388801  
0.7471204438  
-0.3781184761  
1.390470554  
-0.2614726929  
-0.1656804092  
0.6640802122  
0.6525807735  
-0.09509167735  
-1.073615046  
0.4615905669  
-0.198730683  
0.5129066004  
0.6354959788  
0.4876396559  
0.8469944856  
0.8096834575  
-1.364698135  
-0.2669416344  
0.6320024585  
-1.573156919  
0.5221773568  
0.427239007  
1.365464805  
1.501519218  
-0.6322143215  
0.4799248704  
-1.072014575  
-1.577722402  
-0.4045966664  
-0.3050718711  
0.9990397464  
0.5326072718  
0.002585364018  
-0.66279872  
0.3476886026  
0.2695420684  
-0.7832887356  
0.721972412  
-0.1156747872  
1.882606739  
-0.716163917  
2.755678492  
1.61064598  
2.180502976  
0.02481232291  
-1.578766825  
0.6454727088  
0.6775064076  
0.3040028512  
0.8009044085  
0.5398599665  
-0.6466373832  
-1.285448559  
0.7080588961  
-0.664407291  
-0.2306231701  
-1.031703834  
0.6977619211  
0.8119932929  
0.8789164098  
0.3292580074  
0.3993586006  
0.6556572168  
1.386066186  
1.106981456  
-1.369464106  
0.2085677651  
0.05125921201  
-1.87243387  
0.04257466829  
1.488847738  
0.4749598107  
-1.98002783  
0.9032528775  
-1.276756522  
0.4826265889  
-1.443438182  
-0.6383989325  
-0.6179818423  
-0.7403533483  
-0.1219653794  
-0.9203988288  
0.7840364525  
0.8108189398  
