-0.03790171822  
0.8120195187  
1.287617346  
0.6910835554  
0.3217837973  
-0.4840017476  
-0.6836469915  
-0.08778749467  
0.700423704  
1.374224129  
-0.1983462234  
-0.4926253953  
0.1060057108  
1.308583095  
0.4360202424  
0.5978803464  
0.4187691396  
-0.4422989528  
-0.4025289126  
0.2586729636  
-1.034056259  
-1.635430502  
-1.446954787  
-1.487699847  
0.01700700276  
0.3030580288  
-0.5088230812  
-1.791612687  
-1.233940513  
0.7686407317  
1.094624479  
-0.3044921203  
-1.442109346  
-1.184473359  
-0.3221270921  
1.227554758  
1.467615792  
0.01892156336  
-0.3165698219  
-0.3472737323  
0.969577125  
2.131812115  
1.716357743  
0.7649641519  
-1.278198527  
-0.2121482165  
1.473032684  
2.700735176  
1.938306395  
-0.200027323  
-0.8846556887  
-2.114072837  
-0.3199670499  
0.9181299467  
1.479248572  
0.07276026445  
-1.046286484  
-2.124972855  
1.460130678  
0.9182285886  
1.01526822  
0.1256167934  
-0.1071398539  
-0.5412732703  
1.71995117  
1.18771008  
0.9559075131  
0.01885766915  
-0.8222521835  
-0.9188060328  
-0.9968533283  
-0.1772886609  
-0.1095665626  
-1.809291596  
-2.780128975  
-0.6518114647  
1.493387172  
1.097982953  
0.4690391855  
0.5172552582  
-1.072129594  
-1.120906781  
0.5045875879  
1.540731878  
-0.2018211477  
0.004479056648  
-1.239462771  
-0.7590933526  
0.7268207885  
0.2830337091  
-0.01459603417  
-0.3858214235  
-1.008989985  
-0.3214042139  
-1.295613358  
-0.6890365979  
0.00328579995  
0.009910631206  
-1.070482542  
-0.3643293426  
-1.167416888  
-1.849695339  
-0.9702323488  
-1.176837222  
-0.4931068996  
0.5354516953  
0.09352803311  
0.2866413302  
0.3784644081  
-0.7232133431  
0.3997890356  
1.183162739  
-0.3742335722  
0.6901697034  
-0.6446011471  
0.1089758773  
-0.8273908017  
0.5966034176  
1.173938364  
0.4245177404  
-0.08904257867  
-1.111351495  
-1.387870973  
-0.2097877522  
0.6135814269  
1.08138424  
-0.287282583  
-0.3494949453  
0.3517850893  
-0.4784693125  
0.08053040257  
0.3795749351  
-0.6077734511  
0.2535741521  
-1.251619838  
0.0961552606  
-0.7031777318  
-1.115685244  
-1.390266457  
-1.445624367  
1.607669371  
1.551759325  
0.9041851238  
-0.3898877047  
-1.893812465  
-0.7875763744  
0.5357435257  
1.610384665  
0.3571957684  
0.3153438854  
0.3007707232  
-0.006619937349  
-0.3675712633  
-0.1281439325  
-1.077251842  
-0.6555274161  
-0.1184117993  
0.7103780857  
0.5926527564  
0.8733016851  
0.1346794178  
-0.7534290337  
0.5401440791  
-0.2500445898  
0.2176222309  
-0.4767242606  
-0.5761724288  
-0.1798029681  
0.1423660095  
1.564090369  
0.9903143068  
0.02608007932  
0.6288349297  
-1.293762125  
0.2591344008  
0.6727131676  
1.318599314  
-0.371020499  
-0.8627573123  
-1.317192005  
0.2155740173  
0.8864363529  
0.5179855889  
-1.692985643  
-1.957413316  
-0.7598158283  
0.6394323753  
0.2023489049  
0.04388528987  
-0.334923931  
-0.8420412566  
1.620225091  
1.875345484  
0.6562574896  
-0.6691955768  
-2.452231675  
-0.1155795111  
1.553308504  
1.455627224  
0.4907311569  
-0.529927879  
-0.5531231099  
0.7053977669  
1.342935927  
1.639900607  
0.3482331346  
0.3286229604  
-0.1364004525  
0.03121600411  
0.9542265917  
1.059774877  
0.5639425964  
-0.5997842402  
-1.249581171  
0.1693614096  
1.665548015  
1.610765167  
2.004167379  
-0.8383426749  
-0.1729080983  
0.9618161107  
2.720333045  
2.039115772  
0.6782316378  
0.004798662201  
-0.2553809879  
-1.681840452  
-0.1724294472  
-0.7405004744  
-0.6009361311  
-1.221205028  
-2.73579176  
-0.7712110487  
-0.6950343164  
-0.1677150565  
-0.67596553  
0.1354385954  
0.4085738865  
1.480941261  
-0.1255280975  
0.6817667167  
0.8829703569  
0.9115920902  
1.742325252  
2.063460985  
0.6582862621  
-0.688279188  
-0.9546219906  
-1.230010604  
-0.6499895545  
0.5166887082  
-0.2562626749  
-0.5616220391  
-1.987973223  
-0.7839174868  
0.3735196187  
1.048200029  
0.3594102078  
-0.6233774831  
0.249682091  
0.1810623484  
0.4703792402  
0.8407922591  
0.6416818674  
1.174869116  
2.233330231  
1.792289301  
0.09842442679  
-1.901061271  
-1.308493834  
0.8390017625  
1.704498446  
1.586656076  
0.9456596484  
0.2540798167  
-0.8953145912  
-0.3929291855  
-0.184117904  
-0.4334659611  
0.01863291704  
-1.854066236  
-1.85088856  
-1.219121285  
-0.8840802073  
0.01156448738  
-0.420200219  
-1.823432966  
-1.002711253  
-0.5025402294  
1.176277076  
0.254387607  
-0.2475055372  
-1.537899429  
-1.126147936  
-0.6065119011  
-0.08386956238  
0.2668532313  
-0.6909162124  
-0.8726348671  
0.07406289856  
0.1025604164  
-0.5113934655  
-0.9834376056  
-0.3185035038  
0.0807588749  
1.696621465  
-0.252872784  
-0.08064021409  
0.4968996944  
1.010335903  
1.47683636  
1.612558994  
1.742785898  
0.7599283454  
0.008280560536  
0.09120752116  
-0.7515432451  
0.2498126058  
0.5008100984  
1.513423469  
-0.4929342969  
-1.32821411  
0.1019025508  
0.03377345395  
0.5733103624  
0.9464082209  
0.8493177205  
-0.5125935877  
-2.256322988  
-1.53050324  
-0.516093417  
0.05109041069  
-0.09533313405  
-0.3778932983  
-1.075380993  
-0.6741307612  
0.3379465103  
0.7502500818  
1.213162365  
1.04527638  
0.2871149318  
0.7883710389  
0.4812455415  
0.4911182567  
0.5225741918  
-0.6874495613  
-0.704360857  
-0.06390030252  
0.9743930861  
1.374573146  
0.8147942044  
0.1400170629  
-1.172967419  
-2.264967361  
-0.6874059887  
0.7529434507  
0.3183090673  
-0.1298700868  
-1.713726286  
-1.469137814  
-1.158493409  
-0.1802728028  
-1.186571084  
-0.3544280607  
-0.5569404561  
-0.858451649  
-0.6906846493  
-0.9209559487  
0.8009853667  
1.833919526  
0.8879014919  
-1.634629606  
-1.671045602  
-0.9834947636  
0.4933428176  
0.2409333879  
-0.08344908205  
-0.8803410795  
-1.510180593  
0.6643360127  
1.4746894  
0.3907361022  
0.2471305039  
-1.291109482  
-1.492873538  
0.2934559658  
0.4348763629  
-0.7258573135  
-0.8531824728  
-0.7682126882  
-1.823161987  
-0.8838336703  
0.9304404235  
-0.1678745094  
0.3707966137  
1.479530766  
1.025601585  
0.8920799313  
-0.4899658839  
1.868020469  
0.7224176179  
0.806311912  
1.463728398  
0.8929115574  
0.8758197745  
0.538762672  
1.359669412  
0.8107915913  
0.960576753  
-1.68104779  
-1.133226437  
-0.7025761558  
0.01006728487  
-0.7514905907  
-0.6585335027  
-0.2381695145  
0.9488933628  
1.064495286  
0.3645675909  
-0.4234144104  
