3.751670727  
-1.414074839  
-1.081952525  
1.265285487  
0.02702212767  
0.3671069209  
1.171845268  
-0.06117705233  
0.9742104489  
-0.6263182849  
-1.555495845  
-0.1448735893  
-1.78608911  
-2.735720301  
-2.17764243  
-2.380923825  
0.01333462322  
-0.3293978768  
-1.595397803  
1.418258492  
1.511463186  
-2.061225336  
0.4797598581  
0.5296559384  
-0.4980183367  
-0.09240140727  
-0.3035128508  
-0.01698106841  
-0.2671425831  
-0.395121706  
-1.018551058  
-0.409124495  
1.161332305  
2.898384055  
1.055267502  
0.5389487246  
-1.224494476  
0.4588801511  
0.4855854578  
1.919748189  
1.788867897  
-0.5834589162  
1.211292794  
-0.5275507825  
-0.5416517992  
0.4296154689  
0.3724065213  
0.6821312301  
-0.7949788649  
1.953645775  
-0.7641749012  
0.6362407875  
1.593804186  
0.2841854068  
0.2238602459  
-0.2591572923  
0.2363820208  
-0.6505965475  
1.145049299  
0.6657841273  
0.6321876887  
0.5590951382  
-0.2763901292  
-0.01411455806  
0.3532795022  
1.685756729  
1.141573261  
0.2647152444  
1.225105822  
-0.4683988429  
0.9496271132  
1.639757148  
-1.327722332  
-1.776450314  
-1.787540707  
1.370280738  
0.006172212824  
-0.9783665351  
-0.3238318093  
-0.1179479854  
-0.9446124114  
0.9324740105  
-0.6387794557  
0.3790622518  
0.08493458775  
0.3803928102  
0.319136166  
2.168940759  
0.3628360426  
-0.408275271  
2.047721408  
1.21674631  
-0.08587074619  
1.22897661  
-1.076231279  
-0.7998412759  
-0.1550569327  
-0.4476011786  
-0.2656563661  
0.2344988742  
1.124576304  
1.060853599  
1.066787551  
2.083426182  
-1.758071877  
-0.1252929133  
-0.5434943104  
-1.392295194  
-0.6463736366  
-0.8837891133  
1.10311899  
0.7966895841  
-1.824741058  
0.7532598436  
-1.380495388  
-0.6588331549  
-1.342000129  
-1.738729402  
-0.4720279303  
-0.6157963441  
-0.4994838932  
0.5662175024  
0.9177946098  
0.6259980772  
-1.315324421  
-1.027512433  
-0.8758728352  
-2.265067523  
-1.582855339  
-0.6166549652  
0.18252679  
0.5957102057  
-1.292114582  
0.1699135403  
-0.4311082238  
-0.4958801505  
-0.2449776385  
-0.04374490605  
-2.424017961  
0.2709948908  
1.776470679  
-0.1908039137  
-0.8351691815  
1.035440117  
-0.7913633175  
1.533620338  
1.697725466  
-0.3640981005  
0.1989439903  
0.6799610115  
-0.4690677577  
-0.1072805215  
1.522834547  
0.145542264  
-0.3689582097  
1.381884823  
1.001294179  
-1.146092084  
0.05129692492  
-0.2107195826  
-0.315686732  
-0.9767620196  
0.3137605975  
-0.05088510075  
-1.12805442  
-0.9291669826  
-1.316008155  
-0.452491989  
-0.5271774515  
-0.3672938146  
-0.5626680877  
0.1624354975  
0.4210233535  
-0.1311543586  
-0.4379543757  
1.039299101  
0.1372873443  
-0.8325292283  
-1.02796821  
-0.07422223385  
-0.8633283275  
0.2572898678  
-0.1153882614  
-0.01864113134  
0.1240624483  
-0.6419484882  
-0.750980412  
-1.037835539  
0.8092177505  
0.1088236223  
1.209606937  
0.6787220852  
0.4714492568  
0.1436364747  
-1.381116813  
0.03321204414  
-1.643670918  
0.2978082148  
1.201301773  
-0.2736775237  
-0.229447117  
-0.4539750095  
0.466756429  
0.8145203588  
1.174588353  
0.3889594543  
-1.422614618  
-0.3793111381  
-2.280542662  
0.1863206092  
-0.3870167471  
-1.119970332  
1.10580524  
0.4690571137  
1.366235639  
1.401265245  
0.5642500941  
1.084154527  
-0.1660421627  
-0.7080398381  
-0.2808240302  
-0.7650895853  
0.163790594  
-1.298927475  
-0.8120899991  
-0.5345445198  
-0.2824136439  
-0.5561296914  
-1.145850736  
-1.772703686  
-0.4115459804  
-0.5340705062  
0.7119120114  
0.7469378598  
-0.6016686875  
-0.4053007063  
-0.156989123  
2.51949358  
0.0515193088  
-0.7976707437  
-1.492464834  
-2.126929068  
-0.218778456  
-0.2504181658  
0.6281177568  
0.0818629148  
-0.4662937429  
1.527458359  
2.181089454  
2.384350187  
0.3095385546  
-0.2212803666  
-0.6375511837  
0.7721750684  
1.555180733  
1.041976306  
1.496214967  
-1.254208421  
0.13946957  
1.007171335  
-0.4556367642  
1.122276702  
0.9036604445  
1.226367629  
-0.3761305873  
-0.3845935234  
-0.5692060845  
-0.7575324144  
-0.5399701517  
0.8503211714  
-0.5926968995  
-0.6293830302  
-0.5518549732  
-1.065770847  
-0.865891968  
-0.09693986262  
-0.4134985667  
-0.1555298338  
0.4962958179  
0.5522636457  
0.6456768377  
-1.043329018  
-0.879744387  
-0.3156600461  
-0.9610794126  
-0.8727788786  
-1.227520812  
-1.517446958  
-0.6111744197  
-0.6014309326  
0.7633929027  
0.8316620235  
1.125595919  
1.003075248  
0.1472116977  
0.3525764184  
0.4579417033  
2.193137561  
1.919580148  
1.138312067  
0.2093036438  
1.560533344  
0.9362700153  
-1.292384094  
0.1506112996  
-0.2337800366  
0.5689266631  
1.364604117  
0.4525694217  
0.4374169454  
0.2937527797  
1.912204689  
0.3950554507  
-0.3973502415  
1.54593294  
-0.8820470843  
-0.6145622245  
-1.331028875  
0.1799787891  
-1.167955407  
-0.1730221391  
0.4739124502  
-0.8684203967  
-0.2278704382  
-2.279471506  
0.5934783205  
0.5192824363  
1.354812632  
1.56359192  
-1.900668486  
0.7211629585  
1.346853205  
0.5343826915  
-1.810537835  
0.3455352014  
-0.9289627271  
0.2475304208  
0.1041413733  
1.606500335  
-0.02756588896  
-0.4043359991  
0.134523038  
0.9199891473  
0.2397255647  
0.6183406667  
0.08139661297  
-1.268323956  
-0.671813044  
0.9598964481  
-0.2898111028  
1.292867919  
-0.3973062345  
0.3769167252  
-0.01096223639  
-0.03966650134  
-0.5254733789  
-0.9195908398  
0.7394142827  
-0.1962642692  
-0.5477078606  
-0.1620133017  
-0.5922521846  
-1.35215773  
1.36429979  
0.6135310645  
1.538791905  
0.5314297374  
-0.5709495803  
-2.371641832  
-0.9138174717  
-0.8570202285  
-0.4142506139  
-0.7072533213  
0.2999327545  
-1.028831452  
-2.016102121  
0.3492070395  
0.4637813598  
0.3941321006  
2.226328347  
0.8910389031  
-0.1426517992  
0.7252419941  
0.7365709617  
-0.09700541119  
1.043309512  
-0.2792292199  
-2.24399645  
0.2282596174  
-0.2998298251  
-0.04861649052  
0.5256217544  
0.8112362345  
-0.5829395199  
0.689424233  
0.08736136598  
0.08577974523  
-1.003932658  
-0.2048281322  
1.104721827  
-0.4776211707  
-0.4946869063  
-0.5240312743  
-1.173315889  
-0.3441160801  
0.09792889413  
-1.372430547  
0.258920195  
-0.845377938  
1.102919974  
0.2096146374  
-0.7286045833  
0.788191805  
-1.279123711  
-0.4260090424  
0.4790723281  
0.8495479914  
0.520031616  
0.814267466  
0.7760920442  
