2.297820413  
0.02320768209  
1.135264581  
1.223703109  
-0.3788159867  
1.068317786  
-1.383929946  
-0.2018066457  
0.9004546716  
-1.605036375  
-0.06412941943  
0.8364777948  
-1.337795844  
0.2666661094  
1.397783638  
-1.068960768  
-0.1305646454  
1.655447942  
-0.9465557267  
0.8945236736  
-1.530897938  
-0.03732665403  
1.133303881  
-1.147711103  
0.04518391596  
-0.6033199997  
-0.01903048937  
1.279842754  
-1.23617809  
0.07777602234  
-1.056467816  
0.03466526092  
1.255886721  
-1.020874826  
0.270038261  
-1.584621012  
0.1916458376  
1.782377832  
-0.7955189069  
1.205346308  
-1.127218341  
0.3210861153  
1.272035679  
-0.463454915  
1.155615609  
-1.109152007  
0.1127086053  
-0.8323435154  
0.08496418127  
1.343965022  
-0.9640335005  
0.6952535828  
-1.182440785  
0.152006749  
-1.336826016  
-0.07184909276  
1.38125713  
-0.8981876758  
0.8010134938  
-0.9494438612  
0.3912019535  
-1.666832573  
-0.3558971165  
1.666274481  
-0.9485393601  
0.8329995599  
-1.139091902  
-0.07391102378  
1.441317622  
-0.6483506856  
0.8894804558  
-1.281546968  
0.07466299858  
1.64717343  
-0.9907045634  
0.4769373959  
-1.337295279  
-0.02510453573  
1.261111219  
-0.9939057725  
0.4465874409  
-1.505560642  
-0.1554201576  
1.677780056  
-0.9205156974  
0.443254078  
-1.340329981  
-0.1556896256  
1.77966676  
-0.4960917161  
0.8765538445  
-1.257484879  
-0.3235992027  
1.659183395  
-0.5441653932  
1.022442543  
-1.12469094  
-0.1541895378  
1.615004322  
-0.8291000183  
0.8940558717  
-1.151595172  
-0.1712920302  
1.759407679  
-0.5436639208  
0.9682804678  
-1.143887509  
-0.09170758554  
-0.8671283748  
0.08499521697  
1.018090217  
-1.152633714  
-0.11079724  
1.136270104  
-0.3565643646  
1.239202368  
-1.046246398  
-0.02280188902  
1.587257493  
-0.9428767308  
0.811792422  
-1.466032648  
-0.2476457446  
1.252315132  
-0.9281205165  
0.6247402301  
-1.638607235  
-0.02777183261  
1.550775889  
-0.8634715527  
0.780538203  
-1.28828474  
0.1875735034  
1.996118131  
-0.5773840108  
0.7377869311  
-1.26352687  
0.1157624561  
-1.321697273  
-0.07870757508  
1.870708147  
-0.7082206152  
0.8482384162  
-1.195851907  
-0.008489930536  
-0.01615425727  
1.165967478e-05  
1.262766275  
-0.9277588907  
0.3994462954  
-0.5870225691  
0.1421906295  
1.355087224  
-1.001211759  
0.07991736171  
0.422269512  
-0.5163582006  
0.8979363526  
-1.231080853  
-0.1891102301  
1.387053015  
-0.897879503  
0.5832859552  
-1.316555131  
-0.08815963689  
-0.1435884438  
-0.03244704779  
1.300250683  
-1.178247275  
0.1646320266  
0.3507985623  
0.2736736175  
1.362982725  
-1.198129508  
0.1278896263  
-1.57845432  
0.08512792221  
1.38317644  
-0.8392296516  
0.7282594898  
-1.209107575  
-0.2661921601  
1.652286495  
-0.852708233  
0.9883699848  
-1.291188107  
-0.1179142195  
1.62153057  
-0.9603885184  
0.5640985717  
-1.467633177  
-0.404093102  
1.512380291  
-0.8611484218  
0.751866747  
-1.495072137  
-0.008112338809  
1.533269395  
-1.00493115  
0.58924878  
-1.466911385  
-0.2739117278  
1.265795748  
-1.046262365  
0.1828794643  
-1.396203602  
-0.135691652  
1.400515177  
-0.9504733612  
0.6043555111  
-1.571600596  
0.1436899605  
1.129875057  
-1.093137699  
0.03681898212  
1.659884558  
-0.6793988801  
0.9352661635  
-1.140707754  
0.09760737798  
-0.2806589671  
-0.403354508  
1.090800616  
-1.025245592  
0.09745894961  
1.734808736  
-0.7891060486  
1.197102891  
-1.330596474  
0.2492537301  
1.570268026  
-0.7932093669  
0.4855597267  
0.4463448051  
-0.5484882417  
0.8942029185  
-1.161883403  
0.04068537048  
1.702242822  
-1.137822254  
0.6535982165  
-1.43600451  
-0.3045965499  
1.185914604  
-0.4611498195  
1.150066117  
-1.182267248  
0.1205370844  
0.1459752326  
-0.5737963061  
1.161769506  
-1.10640215  
-0.05487641838  
-0.3752390718  
-0.6387109104  
1.06484091  
-1.098283859  
0.1616384791  
-1.155147248  
0.08013774827  
1.423186785  
-0.7466808471  
0.6703157636  
-1.421822885  
-0.2852404343  
1.66021389  
-0.6686931956  
1.042633154  
-1.224652652  
0.1313161479  
-0.8928941499  
0.1625551417  
1.521762499  
-0.7685077086  
0.8223549702  
-1.308955713  
0.233145767  
1.368899211  
-0.856437079  
0.5584447192  
-1.369196343  
0.2674527121  
1.892676399  
-0.8448035393  
0.7972531767  
-1.074502289  
-0.08332035198  
1.426403047  
-0.5516619837  
1.234379436  
-0.989507601  
0.2609936569  
-0.01523808538  
-0.582037878  
1.056111344  
-1.111454361  
0.1298046532  
-1.263313265  
0.09301287121  
1.662487511  
-0.800684293  
0.9202152341  
-1.367315759  
0.2675642948  
-1.314587025  
0.2198945537  
0.5935353561  
-0.009197690095  
1.245628912  
-1.197132384  
0.621170901  
-1.203362815  
0.215150312  
-0.31177312  
0.01258201124  
1.150760005  
-1.20664303  
0.7620160625  
-1.413876539  
-0.1547677106  
1.401628374  
-0.9836423425  
0.7341284894  
-1.16125938  
0.4657536058  
-1.372214716  
-0.373279433  
1.267611176  
-0.7692996068  
0.9681140971  
-1.061216182  
0.5133732475  
-1.552544648  
-0.1077479027  
1.420046976  
-0.7194512248  
1.036158648  
-1.317905022  
0.2498062222  
-1.416799967  
0.2170806551  
1.698549543  
-0.8605001473  
0.6860863821  
-1.590155998  
0.301519863  
1.241485355  
-1.029166881  
0.3989386806  
-0.8806174092  
-0.3374340791  
1.35134242  
-0.7602081139  
0.3810697468  
0.7336409102  
0.1976477604  
1.442686169  
-0.9839680422  
0.4059011737  
-0.7758098188  
0.2455362799  
1.4898971  
-0.8420164786  
0.578570497  
-1.865530983  
-0.1463640695  
1.596532777  
-0.8910256005  
0.8997475983  
-1.219112078  
0.3491078039  
-1.587497854  
-0.1710044067  
1.560716622  
-0.8919775389  
0.9124843936  
-1.217647565  
-0.2664810667  
0.8997058498  
-0.4866108286  
1.322774682  
-1.037657825  
0.4273663954  
-1.442045032  
-0.2581851969  
1.767371893  
-0.9048892449  
0.9153290657  
-1.246380985  
0.1857900011  
1.971656082  
-0.8036250494  
0.8785193976  
-1.340855609  
-0.1797214267  
1.495947187  
-0.9603913857  
0.5903198301  
-1.31541462  
-0.1458841466  
1.169814129  
-0.07523938854  
1.484619496  
-1.100014669  
1.149036478  
-0.866199371  
1.111389124  
-0.9066906765  
0.09510400519  
1.746908703  
-0.7551277973  
1.039412068  
-1.116429582  
0.3463176771  
1.303997239  
-1.064803562  
0.7347616274  
-1.193484119  
-0.1636276868  
1.435843232  
