-0.4507796196  
1.45031559  
-0.01389916308  
-1.06672158  
1.897021798  
-0.4170419953  
1.786665722  
-0.3284023433  
-0.9527743642  
-0.8826601636  
0.1798237237  
-0.3420756441  
0.6749299992  
1.175904688  
0.8156116561  
-0.9336797308  
-1.108692214  
0.3105640243  
-0.7778703978  
2.095623912  
0.4200827838  
-0.6164988804  
-0.3220931881  
1.751276623  
0.211800243  
1.419231283  
1.942753919  
0.5988065996  
-1.774828288  
-1.799420783  
1.047326128  
0.5952918893  
0.1825086692  
0.8531613006  
-0.8766491644  
-0.5892274586  
1.776030826  
1.372901845  
0.08208685959  
-0.1522377584  
0.4335711397  
-0.1857556245  
-2.325180167  
1.988701231  
-0.5271864668  
-0.05421580397  
-0.8617284924  
0.07617926545  
-1.679814363  
-0.3895877279  
0.02217461336  
-0.9420021611  
-0.2750767155  
-1.430538032  
-1.65501721  
-1.90058015  
-0.9379373589  
-1.06911151  
-1.821846688  
1.042191461  
-1.575058811  
-2.430882339  
-0.8993216641  
-1.133188686  
-1.449890392  
0.08497949188  
-1.522557417  
-1.420101929  
-0.2189218027  
-1.60708002  
0.004484165236  
0.7364639511  
-0.1911951475  
0.6615960048  
-1.86492539  
0.1704946298  
-0.08825093025  
0.2266054844  
0.3592810372  
-0.2692045349  
0.5497587963  
0.8732766554  
1.448598578  
-0.8330392883  
-0.436062233  
-0.4518842971  
0.5878680377  
-0.5229933972  
-0.2953475798  
-1.150617687  
-1.257029641  
0.2813795749  
1.012254573  
-0.70239045  
0.7314578766  
0.4569291337  
-0.2386790453  
1.088808775  
0.5669324719  
0.5642944786  
0.5596420249  
0.3045509618  
0.2717571822  
0.9623528985  
-0.2289917686  
0.005164678887  
-0.43152512  
-2.381276703  
1.323917194  
-0.9485252355  
0.4612875342  
-0.6519309203  
-1.156859653  
-1.383766317  
-0.5117630877  
0.4065475755  
-0.1711361888  
0.8555756556  
0.9896504956  
-1.491187341  
-0.1888683654  
1.503919324  
0.1555937764  
0.5778959229  
0.6793778789  
1.300743038  
0.8001280464  
0.8812288585  
-0.3971358059  
-0.1114287022  
1.663064739  
0.2546902624  
-0.6687872386  
0.2922726609  
1.690460184  
-0.1022129154  
0.2227398339  
-0.3285819818  
-0.5524684708  
-1.540085547  
0.3904389938  
1.487744223  
-0.1426968979  
0.05847235244  
0.7005608951  
-0.5304144125  
1.466949783  
1.111819824  
0.9974867164  
-1.720168411  
-0.8920957815  
-0.9292641777  
-2.954526998  
0.1069962222  
-0.1703125473  
-0.7039218907  
0.6420403275  
-0.9065394659  
-1.215201925  
0.3217995379  
0.4970800587  
0.2740875435  
-1.272051108  
-0.2178030986  
-0.5022493695  
0.8415507511  
0.8419602581  
0.3340237578  
1.434545537  
-0.200726367  
1.822522975  
-0.02527930671  
-1.07604057  
1.878100844  
-0.7866230226  
0.1930920617  
-0.1482425585  
-0.8722089742  
-0.1746295871  
1.673119928  
1.387971942  
-0.1641811095  
-0.2813178453  
0.4425382283  
-0.4697741336  
1.000956866  
-0.287547194  
0.5129107973  
-0.1487177157  
-0.3613341988  
0.5482155397  
-0.40885158  
1.668493712  
-0.3008663239  
0.04590283831  
-1.205950309  
-0.6936173483  
-1.387333211  
-0.3045623725  
1.948927315  
1.159006981  
0.3569176935  
0.2029530751  
-0.489779583  
-0.7066233703  
1.064829269  
1.2431094  
1.248330996  
0.02663427711  
1.266974078  
0.3111438807  
1.261481682  
1.054354808  
1.039938161  
0.07537830751  
-0.7348218514  
0.4834798086  
-0.6514717677  
-0.411265289  
0.03640159191  
1.279713978  
0.1168168665  
-0.7190401796  
0.6807578612  
-0.7103589828  
-0.4051219151  
1.331919743  
0.2602605454  
0.6361499727  
0.1422917549  
0.3958440725  
0.3431656808  
1.618432065  
0.8388837943  
-1.126798251  
-1.609327813  
-0.6078364894  
-0.3593700915  
-0.2249558476  
0.277317987  
-0.3946370429  
-0.4581479337  
0.8768352681  
0.998382308  
0.8967639669  
0.6539416051  
1.837018728  
0.3412530315  
0.6090334105  
-0.2370877572  
0.4334383832  
0.9209779685  
0.9220880342  
0.2311628419  
-0.1456943213  
-0.09719481594  
1.506288327  
-1.706528535  
-0.1324323825  
3.106504556  
1.034819617  
-0.07110828723  
-0.8186539  
0.8642955154  
0.7166278075  
0.8203488678  
2.142531428  
0.6611714542  
0.745408885  
0.679939678  
1.286528501  
1.099538592  
4.451582289  
-1.538026014  
-0.4051705806  
-0.7191780297  
0.01970758268  
-0.3882107981  
0.8529318275  
-0.4764487064  
0.3963397701  
-0.356565524  
0.1086070886  
1.316013089  
-1.48686979  
-1.276263397  
1.101804124  
-2.797874737  
-1.084086128  
0.5861629325  
0.8453920781  
1.138990962  
1.148312353  
-0.009644338538  
-0.7185242572  
-0.3315786298  
-2.230167269  
-0.5914586528  
0.8438854577  
1.300541977  
-1.370020136  
-1.483620197  
-0.002641696738  
-0.3035452765  
-0.03214644342  
-0.03765987142  
-1.373207703  
-2.047910447  
-1.600826931  
-0.1668921183  
-0.5301545833  
-0.396857203  
-1.141176206  
-1.048511724  
1.064846899  
-0.2289231534  
0.7021092433  
0.299369197  
-0.2945445898  
-0.1843937373  
-0.6861319844  
0.2196259361  
-0.8752249479  
-1.140888017  
-0.7793482477  
-2.366981748  
-0.4721343092  
-1.600194053  
-0.4874325516  
0.6163249199  
0.2532713298  
0.4274268052  
-1.136946661  
-2.309488583  
-1.040691048  
-0.6874316142  
0.71236213  
0.4353904407  
0.01458868852  
-0.8715595653  
-0.2956103212  
1.169922648  
0.2572436042  
-1.084775278  
-0.9413334598  
0.2256603128  
0.4767249195  
0.8229195599  
-1.373495164  
-0.5278998129  
1.543445435  
0.6961198724  
0.2787718073  
-0.1337680792  
-0.5468535864  
-0.7789560473  
-0.6834241148  
-0.0008505208415  
-1.224396503  
-0.5894596537  
1.244618916  
-0.3882897275  
0.304522726  
2.219912559  
0.5774929456  
0.5245280133  
-0.5945844919  
-0.08460282881  
-0.2667358985  
0.04388112742  
-0.2102064197  
0.5176604664  
0.02227115532  
0.6992018916  
0.3486536019  
-0.2916841111  
1.398635796  
-0.2726570725  
-0.7562400325  
0.1422802086  
0.8341243584  
0.4377154799  
0.330060557  
0.785333003  
-2.31647478  
0.09759410793  
-0.5744118726  
-0.4568204697  
-0.04375209699  
-1.194842048  
-0.3567101381  
-0.3455555549  
1.63935886  
0.7049074016  
-0.9551107574  
-1.102106218  
-0.5744604137  
-1.131652136  
-0.4610950926  
0.6263624589  
-2.321036021  
-0.6700989599  
1.328210729  
1.5643822  
0.3089836673  
2.094719282  
-0.4321782267  
-0.6266422851  
-1.061779206  
-0.8813386784  
0.6366901067  
0.7139469005  
0.06784776308  
-0.4410116534  
-0.04068438958  
0.635315186  
0.3298165741  
0.4392698625  
0.1404350928  
0.05734034424  
