1.305068  
0.0290490665  
1.060165439  
-0.03522073536  
0.6812706188  
-0.5113538095  
-0.7708990362  
0.09669295912  
0.1294324449  
0.7348397763  
0.9872997413  
-0.2290346343  
-0.7070537217  
-0.4014773913  
0.6629261607  
1.664532215  
1.814748349  
1.929167092  
0.5946941176  
-0.374988977  
-0.1506247425  
-0.976100485  
-0.3420302057  
1.18844706  
1.33335017  
-0.6188016738  
1.254167348  
0.3924399823  
1.33762293  
1.941298345  
-1.007800454  
-0.7986215563  
0.3558668269  
1.882736464  
1.329048776  
-0.6272024054  
-1.501715958  
-1.549657892  
-1.408808941  
-0.6970520925  
0.2255204047  
1.845354574  
-0.6130235979  
0.6404117347  
-0.4689463133  
0.4936318426  
1.344590313  
-0.1648075396  
-0.6440523832  
0.1365251903  
1.359113251  
0.003319577499  
1.387941151  
2.781726941  
-0.2700794905  
-0.07362052604  
1.226490246  
0.3364124116  
1.513589569  
3.746104838  
0.9723416265  
0.1731107876  
0.7374359024  
-0.7756590675  
-1.471014615  
-0.4637455563  
0.07859376848  
0.285039777  
0.5344657713  
-0.1441860863  
-0.07346599963  
-1.231174506  
1.464951131  
0.1697224576  
-1.009917415  
-1.004853162  
-1.671662922  
-0.8585967347  
-1.357223432  
0.2300450655  
-1.408220245  
-2.281466439  
-0.5779840459  
-2.513091016  
-1.14271685  
-0.1347829777  
-0.296703722  
-0.1864437564  
0.8822453115  
-0.05418106892  
-0.4581392533  
0.1856683543  
1.322808599  
-0.007053959009  
2.001658233  
-0.3600311094  
-1.517545864  
0.1888114792  
-0.551698984  
-0.1132263833  
-0.5095003074  
-0.3669674002  
-1.475082954  
-0.258019511  
-0.0745725088  
-0.9546679523  
-1.99719475  
-1.303669102  
-1.658532607  
-0.3264599137  
0.4100504046  
-1.055643954  
-0.87490088  
-0.9387745617  
-0.3194499309  
-0.7441429518  
-1.400604336  
0.2371182236  
-0.4146850553  
-1.87098633  
-1.138171125  
-1.234567095  
0.6946312285  
0.4613105262  
1.454180763  
-0.5031793048  
-0.1415854158  
1.462670465  
-1.671527971  
-1.355270283  
-1.180654577  
-1.281890769  
-0.01329432263  
1.12431202  
1.467149073  
0.837695526  
-0.6640954493  
-0.7534125863  
1.152802536  
-0.008249857464  
-0.0557948822  
0.6427838399  
0.07478209606  
0.7074184985  
-0.127164478  
-0.2069610263  
0.8778479545  
-0.281568465  
-0.4763950621  
-0.6340384573  
-1.504270505  
-1.419621518  
-0.7820945816  
-0.1019762441  
0.9294268881  
-0.5070104351  
0.5179227902  
-1.138381363  
0.4058641728  
0.6945634997  
-0.7219087571  
-1.629317647  
-0.153143426  
1.602741015  
1.740583694  
0.893022223  
1.156383087  
-1.424154451  
0.6728980983  
-0.1196949843  
0.6937165074  
0.226757312  
-1.354115331  
-1.168672912  
-1.467864757  
-1.28428032  
-0.9111026825  
-0.6568781707  
-1.233895564  
0.1041684693  
-0.5542023247  
0.4496483132  
0.2972288216  
1.29101896  
1.367039584  
1.158743173  
1.429242071  
0.1160639228  
1.0154419  
1.707603926  
0.7738233673  
0.5496390056  
-0.1206388214  
-1.252518817  
-0.812414421  
-0.1124058864  
1.106676508  
-1.356975164  
-0.4745261877  
-1.127233803  
-1.369935267  
-1.565750998  
-0.7829172113  
-0.03364170313  
-0.1313280809  
0.1784934597  
0.4158331172  
-0.5765528383  
0.6997896155  
-0.2326284467  
1.281629328  
0.5263812042  
0.6130741992  
-0.009565953891  
-0.1883752712  
-0.950197516  
-0.5337970798  
-1.114202276  
-0.2308613728  
0.4805256555  
-0.202961019  
-0.4880837716  
-1.999226138  
0.3960979579  
-0.422590518  
1.302756822  
1.318443145  
1.101082273  
0.6049088421  
-0.1517896618  
-0.532121447  
-1.297669352  
-0.3601495254  
0.1550217539  
-0.3939662166  
0.7198544537  
-1.017727616  
-1.163144348  
-0.468667548  
-0.6814934741  
0.01108708345  
-1.85694584  
-2.901962035  
-0.4390796647  
0.9395274887  
1.08525792  
2.053935248  
0.5465767637  
0.4773467852  
0.7404702834  
1.324019057  
1.936210805  
1.689583826  
0.7365725969  
-0.3189486687  
-1.85833508  
0.06210457573  
0.173309361  
-0.5932506401  
0.2958881549  
-1.052870149  
0.3370163425  
-0.6244778445  
0.9578322287  
0.3764133829  
-0.06005108068  
1.567026151  
1.042160476  
0.7864014894  
-1.036614368  
0.2919791321  
0.3240477321  
1.075341321  
0.1084860092  
1.138252977  
1.437883702  
-0.05574873766  
0.08259058686  
-0.128195637  
0.2311097928  
-0.3887343193  
-0.8458295268  
-0.241721832  
-1.26889466  
-0.8972928108  
0.8003719575  
-1.249621036  
0.08645080722  
0.7145392345  
-1.024174896  
-1.488964526  
-0.7926295357  
0.6745943458  
-0.2188212277  
1.036714722  
0.6876092668  
-1.19178336  
-0.7045371453  
-0.7430578265  
0.6048151845  
0.009310445827  
0.556957843  
1.332227097  
-0.5532923845  
0.8328156655  
0.965099176  
1.04801323  
1.288634625  
0.2377894061  
-0.7838994252  
0.775560642  
2.063903377  
2.279661755  
-0.2163132301  
0.6754808396  
-1.581237579  
-0.5161016052  
0.7957444029  
0.9581450284  
0.9697088535  
-0.6153246911  
-1.100660663  
0.2361716693  
0.6325303479  
-0.7620970253  
1.118442454  
-0.07475657432  
-1.307399597  
-0.2335386943  
-0.4349051357  
-0.9356813331  
1.242161544  
1.948099294  
-0.391317533  
0.5985787216  
0.09450988538  
-0.7404704832  
-0.5191882448  
0.4300523471  
0.013098607  
-1.786531947  
0.3746928942  
-0.2165325595  
0.6327739795  
0.303969967  
0.6475233549  
-0.6652213186  
-0.4378760279  
0.4002740068  
-0.7427248505  
0.287930374  
-0.4768917573  
-0.4442374387  
0.096018941  
1.234926818  
-0.1713231493  
-0.9644411661  
-0.06034676578  
1.296578  
-0.8575749875  
0.3799662091  
-0.5137420629  
0.08933280533  
0.6401018193  
1.687220491  
-0.0831572969  
-0.0113566944  
-0.008246029646  
0.6675725441  
0.8244324029  
2.096998964  
0.9956273977  
-0.7075158163  
-0.4601642833  
-0.2238082185  
-0.8372921473  
0.240251351  
-0.8263913228  
-0.727892844  
-0.2555353006  
-0.09796778816  
0.7482798377  
-0.1102813273  
1.444079945  
0.3745693626  
-0.2382336461  
1.53275279  
1.344727998  
0.1769031866  
1.078892673  
-0.6945154494  
-1.843908052  
-1.306966912  
-0.870345975  
-1.996749984  
0.8396362893  
0.4942518429  
-0.258468792  
-1.268274009  
-0.1682771226  
-0.5065554536  
0.7689866355  
2.087147526  
0.4853269083  
-1.231804657  
-0.618400462  
0.7689196113  
-1.730852323  
-1.833472546  
-2.195440727  
-2.142676941  
-0.7014881109  
1.890818117  
0.7853791954  
-0.3299547715  
-0.4234759726  
0.8267025865  
0.6974346079  
1.43389218  
0.4812470993  
