0.4313166405  
-0.4686937684  
0.7495119266  
-1.042742717  
2.202308993  
0.6816900497  
0.8637234333  
-0.3066196838  
0.2805738507  
-0.6462848787  
-0.1294007204  
1.567530991  
-0.4014343851  
-1.814787081  
-0.964879816  
-1.523236267  
-0.5540441081  
0.8129670805  
-0.9091124683  
-0.7395135903  
-2.214947553  
-0.8056927861  
0.3199566405  
-1.18826263  
0.03169279368  
1.134992404  
-0.8025410481  
-0.0667206597  
0.6306775604  
1.153086666  
0.2113341316  
0.6570572043  
1.628473596  
-0.2361675904  
-0.08452860072  
1.184284971  
-0.292911196  
-0.7851865025  
0.6261454996  
-0.0184705789  
-0.8237661619  
-1.270884577  
0.2791649354  
0.03057616872  
0.4490017919  
0.5797342737  
-1.174792021  
-1.046259237  
-1.195444542  
0.4409128949  
-0.2661883213  
1.174815971  
0.5969326557  
-0.04497422222  
0.9361823238  
0.7618151636  
0.4926003626  
1.785786985  
0.02956041262  
-0.4646647104  
-0.9739580774  
0.1603798163  
0.6299743003  
0.7571546266  
1.4001037  
0.2360834758  
-2.028038593  
-0.4640288256  
-0.1478444932  
0.5098820423  
1.074709608  
-0.09975590858  
0.5784635164  
1.079466547  
0.1108397073  
0.4339283965  
-0.7100903957  
0.5101812725  
1.092699941  
-0.3415315569  
-1.172282186  
-0.05164612812  
0.2211328356  
-0.3371417985  
-1.499479197  
0.7203338513  
-1.60161602  
-0.07754101474  
-0.03493397784  
0.9380468651  
2.260437088  
-0.7528968902  
-0.05252428991  
1.483647528  
0.6731855312  
0.5162274904  
-0.5120713818  
-0.9725901058  
-0.8487610976  
1.675490457  
1.254270053  
-2.27778209  
-0.5033458697  
0.3305908892  
0.711410553  
0.2460536532  
0.0028413452  
0.6261091766  
-0.4470772418  
-0.5387707981  
0.4651935522  
-0.1081123269  
1.229969966  
-0.4908197353  
0.003059855041  
0.6655295184  
0.8780276465  
0.5028376146  
0.9014290614  
-0.6664604922  
1.522746603  
-1.498286846  
2.244618392  
0.9670782986  
-0.9719178631  
0.4117389592  
-0.1292117555  
0.1043379687  
0.4587490809  
0.4080314766  
0.9702771231  
-1.679915766  
-0.1044654225  
-0.2994029919  
2.46758459  
-0.5905032795  
-0.764569654  
0.3314242313  
-0.07470771731  
0.5074348147  
0.526615941  
1.191619572  
-0.4685592926  
-0.1901583811  
1.128213823  
-0.1431336287  
-0.2536912134  
-0.3074528748  
-1.057848001  
-0.8015934375  
0.2318040841  
-0.3067246059  
-0.4837534426  
-1.174256365  
-0.7587852666  
-0.7413557123  
0.2862109596  
0.2455205374  
-0.5028691725  
-1.054518669  
-0.04502082351  
-0.04378231004  
0.6469907934  
1.354422491  
2.382642855  
0.05209350729  
-0.3994900654  
1.227334859  
-1.191486238  
-0.01021113322  
1.226477529  
-0.6399679734  
-1.266331778  
-1.02080688  
-0.4648904957  
-0.05675918323  
0.8494051392  
0.8169072881  
-0.1854785372  
0.7026898773  
-1.019327689  
0.8481222955  
0.9137722416  
-3.004917074  
-0.4388716558  
-0.6443114022  
0.0268912868  
-0.5183094588  
-0.7368607372  
1.213826863  
-1.072456942  
1.081710971  
0.982584196  
-1.382657148  
-0.7498599836  
-0.7428731907  
0.6243342062  
-1.743053631  
-3.694681823  
0.4749688228  
0.07928628562  
0.4833702433  
-0.003133957448  
-0.3099295236  
-1.00344524  
0.3771714639  
-1.807145782  
-0.5558981968  
-1.134176888  
0.5977901997  
-0.8183160273  
0.6401051484  
0.9366535451  
-1.579509603  
-0.6781079169  
-0.2151244583  
2.26511211  
-0.9961067109  
-0.1379594151  
1.597264101  
0.05493506028  
-0.3342778059  
0.829647106  
-0.9133065908  
-1.141189228  
-1.639808264  
-0.8016444156  
0.8035170637  
0.2073761282  
0.0540546582  
-0.3782509206  
0.0831269176  
0.04633557441  
-1.140127363  
-0.7380379965  
-0.5416549164  
-0.5307728943  
0.5162425738  
-1.014753959  
-1.853322124  
0.5248180824  
-0.5215864429  
0.3310439254  
-0.1224634204  
-0.007192216755  
-1.176084783  
0.1212565185  
0.2977289844  
-0.9712868172  
0.04109523572  
-0.9938169574  
-0.4632194567  
0.6407024324  
-0.193151741  
-1.215714557  
-0.4742516656  
-0.8678126425  
-2.305009195  
-0.102535962  
0.8647752704  
1.064878885  
1.662476062  
-0.0983029368  
-0.397920973  
0.2836899062  
0.9278833963  
0.7561423705  
-0.4504624728  
-0.7015150901  
1.572423818  
-0.07862388886  
0.07277115134  
-0.3007110681  
0.4457008165  
-0.493308412  
0.3897375142  
1.587659874  
-0.5471074108  
1.108733773  
0.6601957819  
-0.602067559  
0.4653229029  
1.250247648  
1.25001549  
0.08074203104  
0.2350867289  
0.6793095123  
-0.232751852  
0.7482627016  
-1.353823663  
0.3379159496  
-0.1619941828  
-1.856288459  
-1.55189451  
-0.6191358342  
0.9708325835  
-0.8069902773  
0.6269371343  
0.228513466  
1.621372854  
2.427488205  
1.293381951  
-0.408649929  
-1.863580293  
0.8497946501  
0.985234348  
-0.5181907351  
-0.03491686682  
0.1176258453  
0.03231245278  
1.073132987  
0.8295632519  
-0.4861097787  
-0.6582030647  
-0.5753841713  
0.5208722055  
-1.632431342  
-0.6191208885  
0.3528435186  
1.359562912  
-0.5781438806  
2.425006617  
1.50171573  
0.7946061165  
-0.6194591149  
0.9403748999  
-0.1129572886  
-0.1271383732  
-0.02407587712  
-1.408393638  
0.04871463761  
-0.2370232339  
-1.245524465  
0.7169909127  
-1.650967824  
-1.181091415  
-1.374832212  
1.782320007  
2.079386034  
-0.7185755902  
1.336751149  
-0.1178808073  
1.467119209  
-0.1438539212  
0.118177466  
0.6353142713  
-1.631733802  
-0.2386129453  
-0.7206312242  
-0.9325865761  
-1.630423982  
-0.7104744274  
2.650394037  
1.004499663  
0.8892733193  
2.672550236  
-0.7729307436  
0.8737966062  
-1.081788712  
0.6683511355  
1.026779119  
-0.3654576126  
-1.271026111  
0.1052712999  
-0.486410948  
-0.2865657236  
0.1447358422  
0.4265852205  
-0.2508608368  
0.2493106695  
-0.02700241324  
-0.06418624946  
0.3511485963  
0.1717528799  
0.04159098182  
0.7665839526  
-0.2980230076  
0.4571323927  
-1.291405271  
-1.467262458  
-0.1742620602  
0.9102847536  
-0.5985674832  
-0.9022630186  
0.9933116837  
-0.5873712659  
1.639538168  
-0.03718672761  
-0.3774111885  
0.6437975529  
-1.447276058  
-2.941477869  
-0.1759214985  
-1.214290826  
1.036054343  
-0.3741223058  
-2.501519576  
-1.221778406  
-0.7550638757  
0.9643180001  
-1.173633963  
1.227901031  
0.9447791597  
2.187361073  
-1.149670442  
2.443055232  
1.097431284  
1.062471562  
1.159271596  
-0.06010286393  
1.168749321  
-0.9300565258  
-0.6589490005  
0.2964568424  
-1.4049235  
-2.264231133  
1.893610391  
0.7607852874  
0.5385482726  
0.5620190194  
