1.21310848  
0.5643839603  
-1.1250769  
-1.38942065  
-0.6066046251  
-0.1939721243  
0.6210010705  
-0.5199818202  
-2.010517332  
-0.5009854123  
1.5632945  
-0.5681465022  
0.797040129  
0.2070729804  
-3.079326124  
0.6874256362  
0.280392481  
1.198174276  
0.6133468182  
0.9224288029  
0.02687251846  
1.731480037  
-0.2537321274  
0.2022861641  
-0.06692028933  
-2.881246855  
-1.756965307  
-2.110207182  
0.6550511457  
0.824662368  
0.8383150037  
-1.320218743  
-0.7786123674  
0.07849472867  
-0.00725536251  
-1.242990621  
1.852677099  
-0.6913895044  
0.4177841007  
0.7877693625  
0.4497888417  
0.4848097126  
-2.375769774  
1.224714542  
-1.653565741  
0.6302857691  
-0.9736845748  
-0.5495106013  
-0.01800457437  
-0.3319617084  
-0.5543578962  
-2.431853884  
-0.3810234967  
-0.4166727909  
-1.050050671  
1.596499671  
0.0962005126  
0.6079360862  
-0.4656328693  
1.809367844  
0.6357369848  
-0.4365962247  
0.2337779038  
0.4021488253  
-0.3640563249  
0.1107280347  
-0.4554908739  
-1.508612394  
0.1806504421  
-0.6126550953  
-1.337870324  
0.9845178434  
-0.9293313041  
-0.7950586642  
-0.2396354462  
0.3846255225  
-0.02232371896  
-0.2713092903  
0.9788585488  
1.368031354  
0.1877037557  
-1.548882395  
1.198173837  
-0.5223835299  
0.7413063649  
-0.09130952921  
1.424052563  
-0.945010569  
0.1794717042  
1.042572973  
-1.589075981  
0.2261856768  
0.7478063765  
-0.9080150451  
-0.06028971055  
-0.3078606155  
0.788437825  
-0.6129733695  
0.3270893252  
-0.5344751228  
0.1673534321  
0.8854386942  
-0.9289683883  
2.685076324  
1.179716424  
1.448831485  
1.491863564  
-0.7922491476  
1.279869874  
-0.1602757462  
1.523066483  
0.2020125346  
-1.247916195  
0.133489524  
1.324111591  
1.014061775  
-1.017061775  
-0.1712846782  
1.039416461  
0.5182645374  
-0.5273881851  
0.8780560164  
-1.109206898  
-0.1658682299  
1.068477569  
0.718111584  
-0.3076913377  
0.09273644029  
-1.482622987  
-0.5680707678  
0.1901133091  
1.429007057  
-0.0162264278  
0.9300917843  
0.178369503  
-0.3360666867  
-0.9992490358  
-1.119738098  
-0.3889068701  
-2.44989241  
-0.01660781484  
1.599157757  
-1.197451658  
-0.4538398572  
0.5750221482  
1.536072931  
0.2512651277  
-1.093244938  
-0.8055645789  
-1.547853076  
1.27134753  
1.924241393  
2.265931738  
0.9095070732  
0.7816579855  
0.1810252488  
1.564967207  
0.8436851863  
2.098950799  
0.3076256427  
-0.5552403538  
0.3321603033  
-0.8954089957  
-0.4418296204  
0.676924886  
0.6860297765  
0.1336029232  
1.146040543  
1.175212673  
-0.7470829073  
1.243122599  
-2.522756019  
-2.128693022  
1.168420469  
1.067369918  
0.580335634  
1.586502341  
0.8405953643  
0.1653737113  
-0.2580482072  
1.619436234  
0.795389669  
-0.6129597636  
0.3029644758  
-1.462375842  
1.731610424  
0.1610551523  
0.841841037  
0.1602160568  
1.005723352  
0.4574833545  
0.3053443235  
0.5332784567  
-0.5356129677  
-0.6443150117  
-0.5046585673  
0.756980789  
0.4158182188  
0.252032675  
0.5111123593  
0.03775698203  
-1.273855351  
-0.202062151  
0.7235787496  
-1.259879244  
0.4435473143  
2.741417925  
0.18671048  
1.335984513  
0.5647193285  
0.1099466468  
-2.452400777  
0.3775880378  
1.759105136  
0.57293116  
-0.07650663891  
1.151726175  
-0.8192026457  
-1.240819339  
1.600875914  
-0.001742077351  
-1.687702926  
-1.930354249  
-0.2250390347  
-0.7667412973  
0.6983120238  
0.6756047463  
-0.2926745179  
-0.770262253  
-1.39424381  
-0.5123086127  
-0.6199428463  
-0.7731298902  
-0.0503671129  
-0.01542177328  
-0.2063615082  
0.4800769782  
-0.6180651512  
-0.1368201908  
0.6775059107  
1.816197482  
1.807318436  
0.3039162228  
0.4288696034  
-1.53995399  
-1.840929302  
-0.2862659028  
-1.058512481  
-0.3128033059  
1.399148853  
-0.2159902587  
-0.9278201909  
-1.95639317  
-0.6133134606  
0.2201463702  
-0.2908859222  
0.3399197264  
-2.411422449  
-1.650631936  
-0.2298054621  
0.860186004  
0.5815644504  
-1.073396863  
-0.5968524142  
0.7770386165  
0.08867232467  
0.4271074894  
0.001150305207  
-1.407076272  
0.3373359374  
0.8210846025  
-1.782625304  
0.2786201047  
-0.803757298  
-0.2505213458  
-0.443114043  
0.6625208194  
-0.8865393067  
-0.6277653544  
-0.4254825706  
-0.2750889972  
-1.195699852  
-0.5948259557  
-0.5079876499  
-1.509328412  
-1.091315961  
-0.5460649316  
1.596492734  
1.476823698  
-0.7411543067  
-0.8285840358  
-3.194156174  
-0.676468384  
-0.02295868416  
1.333408365  
0.8631266048  
0.008419886305  
0.5952163391  
-1.295991167  
-0.8359476154  
0.6269091477  
1.197430824  
0.0430608846  
-0.1318735455  
-0.127094911  
-0.360176955  
-0.1850510047  
-1.86424405  
0.2788067362  
0.2487104824  
-0.145480228  
-0.2095599131  
-0.07740172317  
-1.471783841  
-0.586712311  
-0.8641300226  
0.5302879205  
-0.4141853466  
-0.2771184076  
-0.01828785397  
1.206057189  
0.9263542897  
0.7524836929  
2.152422076  
-0.6374336069  
-0.001789940328  
-0.7199603451  
1.043022646  
1.213166901  
-0.7567373188  
-0.5276446848  
-1.388175427  
-0.4638429201  
0.582178643  
0.9800820371  
0.3634148227  
-0.4602738517  
0.08791205299  
0.968547203  
0.2350164299  
0.998265463  
0.1660420669  
-0.4222503655  
0.1069351546  
-1.312866246  
-1.983886274  
-0.0268270834  
0.5865422569  
0.9239337934  
1.057782822  
-0.1934007512  
-0.1592032075  
1.348706857  
-0.05754861707  
-0.3082220642  
-1.082986776  
-1.23585133  
-1.033048082  
0.04266821777  
0.8989294728  
2.01462315  
0.8101307677  
0.1563981935  
0.4113715476  
0.8143115124  
-0.9012020923  
0.07690504713  
0.3560295134  
0.3581258234  
0.1721942397  
0.1751092023  
0.7181909862  
-0.7856596534  
-0.9599962126  
-1.205218959  
-0.8710849805  
0.6983220637  
-0.2708405897  
1.222858417  
0.6422966422  
-0.3546853809  
0.5392936137  
-0.5176479516  
0.1664786404  
-0.8859590418  
-1.459753071  
-1.015537765  
-0.1609725406  
-0.03000172227  
2.348239149  
0.8859244057  
-1.166502412  
0.8166950792  
0.9597727309  
-0.1960454914  
-0.3146999621  
0.494401035  
-2.129716103  
-0.9214146993  
0.282785148  
0.2318105443  
-0.05130339691  
0.09534409709  
-0.2261835572  
-0.6427349634  
0.2215090968  
0.214163368  
0.7795862133  
-1.043989491  
0.04687367923  
1.457305673  
1.66361795  
-0.1585946487  
0.9839644511  
-0.5751776909  
-0.3280071899  
0.6719017951  
1.643464452  
-0.4260594194  
-0.1333801161  
