2.104532011  
1.138768183  
0.03617302798  
-0.673831459  
-1.320349804  
0.1675902284  
-0.0964902199  
-1.198085957  
0.7638054964  
-1.31091492  
-2.983343527  
-0.5426443493  
0.2905658375  
-1.033798756  
0.3754887117  
-0.8701836144  
-0.7269459261  
-0.3178787027  
2.145638376  
-0.5270820296  
-2.524897123  
0.2591315668  
2.303944555  
0.6133701361  
1.654535256  
1.921821954  
0.9793276193  
0.7814977896  
1.278972878  
1.145692978  
0.6708046648  
0.8218898732  
-0.1766550636  
-1.160258717  
0.02845684797  
0.03981537568  
0.05483219184  
0.5521638258  
-0.3570557534  
-0.2436244049  
0.3071987332  
0.1139269469  
-0.5305257799  
-0.5363043461  
-0.04452228754  
-0.3949450419  
-0.9150254509  
-1.301572733  
0.8719642589  
-0.3681082526  
-1.840642514  
0.9425357138  
-1.29067441  
-1.213595759  
-1.282230347  
-1.899172579  
-1.863442978  
-0.005539689531  
-0.6604522345  
-0.651382187  
0.8870056012  
0.5649381421  
0.1018446207  
0.5991346208  
0.3329262102  
0.819914114  
-2.054778775  
-0.7350441943  
-1.930065901  
-1.718837308  
-0.04397874721  
-0.1403036668  
0.09178910135  
1.111712838  
-0.1927435851  
-1.521600737  
0.4513081738  
1.079565979  
0.7182205048  
-2.092854684  
-0.1297142413  
-0.05895955448  
0.3693665016  
0.7235471297  
-0.1678350125  
0.3289257737  
1.092178697  
1.040754814  
1.703856155  
1.086650639  
-0.3091592154  
-1.377424685  
0.2480701569  
1.08311307  
-0.04622201521  
-0.8260855529  
-1.417570994  
-2.827039729  
-0.2944780003  
1.367251878  
0.1606731332  
-1.91072315  
-0.2021068504  
-0.9466910286  
-0.676323432  
0.4057752501  
0.2486416508  
0.5719869731  
-0.009034398127  
-1.206301876  
-1.480271  
-0.6131123776  
-0.04801201817  
-1.276221547  
-0.3315989995  
0.3000830109  
-0.4266601168  
1.502027729  
-0.0001848736061  
0.8222349074  
0.5164629952  
-1.364715626  
-0.3749130183  
-1.449571379  
-0.704140478  
0.001548740118  
-0.8376439152  
-0.1099874241  
-0.1579693698  
-1.100766038  
-1.445686016  
-0.9758866652  
1.539612572  
0.6544942945  
0.1463667362  
1.242606146  
0.9183824276  
-1.25104739  
0.4596548603  
0.636554333  
0.0836884925  
-0.2451388963  
0.02694488703  
-0.3152831287  
-0.08603201488  
0.1200477705  
0.8168605991  
0.3881013824  
0.3996486975  
1.372550664  
-0.05437491241  
0.5499827704  
1.646835847  
0.3458232231  
1.645084404  
0.8288330682  
-0.2553585103  
0.9534850468  
1.055285622  
0.965630152  
0.1050232444  
0.4070324523  
1.734669962  
0.7466562767  
-0.7678690237  
-0.9689566029  
-0.03410780958  
-0.5843512465  
1.936319534  
-0.07250096198  
-1.706208549  
0.326829592  
0.09685676836  
0.7560132968  
0.8526797266  
-0.2738314396  
-0.9357415402  
-0.9314162917  
-0.846801704  
0.7206549064  
0.7024004332  
2.183968592  
-0.8743108108  
-1.493315969  
0.2114479301  
0.5529928271  
1.719902278  
0.5800102385  
0.5271715329  
-0.688335118  
-0.5259067304  
1.036808017  
-1.264300163  
0.8864114469  
-0.5674951353  
-0.03490428157  
-0.5962218671  
0.8168338823  
0.450853089  
1.10624846  
0.7525222785  
0.3542762964  
-0.4204762927  
1.982281098  
1.838139944  
0.1935198132  
0.7062324036  
0.7610983008  
0.4064844448  
-0.5546425451  
0.6647012262  
0.5975184935  
2.353230107  
0.8533585297  
1.534168177  
1.367104709  
-0.7261452895  
0.3772024848  
0.2997162808  
-0.5101826499  
-0.017886943  
1.094909518  
2.215887043  
-0.9429860239  
0.5022037472  
0.1869180372  
-0.7372214717  
1.131156936  
1.203300863  
-0.9603867628  
0.2957037868  
0.973554844  
-0.1756203846  
0.1086102183  
1.484732103  
1.092045142  
-0.2797974977  
-0.6950452984  
-1.283404482  
-0.6630101025  
-0.7580375563  
2.027065873  
1.098389876  
-1.699365156  
1.375242697  
1.628426285  
-0.09421131349  
-0.4913640657  
1.145878466  
-0.9420368622  
-0.05193439262  
1.391014121  
0.08541248454  
-0.04442356352  
-0.0655962973  
0.9984845559  
0.1375187679  
0.04746381496  
-0.7774559071  
-0.9397415431  
0.6229096244  
1.068913857  
0.8715267764  
-0.9996572285  
-0.1262883309  
0.5525375134  
-0.3156444245  
1.026988002  
0.4243746971  
-1.012775772  
-0.111732877  
-2.164576971  
-2.720637866  
-0.02061239946  
1.219747955  
-0.04478894266  
-0.6507865269  
0.5140808252  
-2.564223541  
-1.047935108  
-0.4262904955  
0.04647292967  
-0.5909395631  
0.1906266328  
-0.3588092235  
0.5079007139  
-2.06443121  
-0.357172072  
-2.952092681  
-2.645875115  
-0.218953263  
-0.5455595158  
1.273981738  
0.7170225121  
-0.3469812251  
0.07606461578  
0.8543054395  
1.843385216  
-0.2125877566  
0.424420954  
1.043728759  
-0.6802387778  
0.5035721414  
0.3239406164  
-0.09295304915  
-0.04310832848  
-0.09831402825  
-1.330178612  
-2.276034098  
-1.291471895  
-1.564996402  
-0.733270819  
-0.2722031065  
0.6413548733  
-0.5157901347  
0.1335950442  
1.579133324  
0.4783286616  
-0.05595626441  
0.009957755131  
-0.2276809752  
-0.02260036492  
-0.5665969565  
1.92865934  
0.6010967291  
-0.6257414882  
-0.2562680588  
1.355272907  
-0.6955202579  
0.9805799911  
1.12858479  
0.3102102212  
0.06778883772  
-0.7993500744  
-0.4671242433  
0.5132124199  
1.208274536  
0.006233542247  
-0.7724967751  
0.09196067935  
-1.082713717  
-0.451258076  
-0.2566805324  
0.1966387201  
-0.2423008618  
0.5535341544  
0.8304425579  
-0.2888627388  
0.09539160738  
0.9785772654  
2.46767696  
-0.9908651102  
-0.2365459195  
-0.02692886214  
-0.4863196778  
1.650963074  
-0.3696244268  
-0.3585982487  
-0.663867479  
1.008883259  
-1.239460893  
1.181070796  
-1.376793516  
-2.57981051  
-0.2872964563  
1.3861901  
1.369511363  
0.01676513077  
-0.5811579608  
-0.1601638395  
0.2724146261  
0.8756058616  
1.38007448  
0.15460005  
-0.2739454414  
0.01087191392  
0.2317173517  
-1.599744774  
-0.8357720891  
-0.04284699602  
-0.3555596572  
1.352209615  
-0.1841855169  
-1.772641107  
-0.8349715822  
-1.1292589  
-1.066393046  
-1.023047608  
0.3377120678  
0.4868650173  
0.8933650429  
-0.67896556  
-1.372049363  
-1.037790377  
-0.5278526442  
-0.7878008196  
-0.8181739172  
0.5496568281  
0.5259514644  
0.408767051  
-0.7562929344  
-0.4998300052  
-1.687341238  
0.7415984985  
-1.006292568  
-1.539852073  
0.4378748702  
-0.2207723457  
-0.9647484188  
0.03277916086  
0.815382101  
0.5782259412  
-0.07515781662  
-0.333603097  
1.619891397  
0.711108894  
0.1786387773  
1.359019334  
1.009954043  
-0.4647977894  
