0.6131365961  
0.9609128775  
-0.8514998967  
-0.2153103293  
-0.1259260211  
-0.9153242684  
-0.5886890821  
-1.052793335  
-2.083689602  
0.712885926  
2.316828694  
0.6477979032  
3.096201348  
-0.8477527229  
-0.06120587415  
1.403862523  
-1.306052879  
-0.9639736834  
0.4408043558  
-1.636314216  
-1.290174012  
-0.883052816  
-1.450902201  
0.2721152482  
1.457019281  
0.1603608638  
0.465191539  
-0.1724230715  
0.7421016579  
0.8228339855  
0.5644273517  
0.6304835799  
-0.5997067479  
-2.324781006  
-0.9885678865  
-1.264166266  
-0.4115734104  
1.551328261  
0.456314077  
-0.7877622966  
-0.3025318465  
-0.5910107651  
0.3014673046  
-0.5439492079  
0.4493747112  
0.9430161078  
0.08289580402  
-1.100788537  
-1.159176288  
-0.6183201061  
-1.044244068  
0.7959709004  
-0.2490319323  
-0.9812477797  
0.6403452636  
0.4086011492  
0.5736876645  
3.02324906  
0.3415167826  
-0.3588615751  
-0.994974493  
0.2264115673  
0.6715550596  
0.06121947158  
1.279292124  
-0.1615275615  
-0.41357437  
0.04929886014  
0.4387284188  
0.1451702681  
1.030248499  
0.1777053461  
-0.4466555272  
-0.2191343978  
1.208631095  
-0.3133430359  
-0.302729335  
-1.808235069  
-1.322337602  
-1.429126696  
-0.09966766159  
1.389467398  
-0.3892506465  
0.7685797494  
0.6124319769  
-1.421792493  
0.3643187122  
-0.03412232533  
-0.382816518  
-1.258459224  
-0.1187658965  
-0.166400413  
-0.9016359427  
1.606689269  
1.640319075  
0.137579441  
1.62373492  
-1.454610247  
0.02785248725  
-0.5138251721  
0.04372034605  
-1.05198471  
-1.085562877  
0.9049961255  
0.1613361609  
1.723745849  
1.39373109  
-0.4183407475  
0.06613550753  
-0.6998172428  
-2.21219778  
-1.291362074  
1.254011953  
-0.5626080102  
0.3312243813  
-0.2220950065  
0.3390036647  
0.2711091379  
1.214640629  
-0.5096846218  
0.5140283302  
1.242253531  
1.529840855  
0.7791350235  
0.2217298148  
-0.2467176732  
-0.3696689574  
-1.132525154  
-0.6458556641  
1.098775876  
-0.7171225504  
-0.9572296038  
-0.443103253  
-0.3751146858  
1.387209528  
-1.844199378  
-0.1716827251  
-0.2308803642  
-3.147634722  
1.017445404  
0.6692877809  
0.3277042851  
0.2612902499  
-0.5352629924  
-0.3031648608  
1.093053795  
0.5595363882  
0.08242171845  
0.3460743456  
0.8536436166  
0.8801480776  
-1.490493277  
-0.7136409163  
-0.2465972097  
-0.5287080145  
0.3973036043  
-0.1661524366  
-1.974271293  
0.06922644465  
-0.3031750162  
-0.3271311436  
-0.2941581011  
-0.4745828172  
-0.4983940535  
-0.325403867  
1.061024989  
1.248074491  
-0.1963455217  
-0.2656955392  
2.433467652  
-0.1513822956  
1.188322087  
1.581502967  
0.08246282444  
-0.411222228  
-0.6305219824  
-2.045191989  
-2.178611233  
1.272902607  
0.2455723119  
-0.8329804206  
2.124699426  
0.1723872494  
0.05005736254  
1.661986723  
0.7873031095  
-1.859118829  
0.5104567143  
-0.7954684455  
-0.339927542  
1.115839545  
1.013736682  
-0.5420733549  
0.1532304183  
-0.0786619077  
-0.002996313327  
-1.240128579  
0.3557972624  
0.2643020109  
-1.339776136  
0.3988202731  
0.343250656  
-0.09053284347  
0.5000589806  
0.3901893537  
-0.07737747536  
0.4528944155  
-0.9954228973  
0.379083025  
0.1651151087  
0.1849743849  
-0.790478477  
-0.6417977068  
0.5051767085  
-0.3714015586  
-0.5212466207  
1.303627392  
1.346233642  
1.415479497  
-1.474538382  
0.6114593942  
-0.618841866  
0.09414545858  
-0.2449697987  
0.03051644132  
1.223183394  
-0.2796481192  
0.09928801667  
-1.070468289  
-1.697279336  
-1.534664806  
-0.6988166263  
-0.05964756386  
-1.385385512  
-0.7195535505  
1.082466729  
1.028411245  
-0.6209133353  
0.2195016461  
0.7798029299  
-0.4327445031  
0.7544012949  
-1.023457141  
-0.1835777131  
1.754447525  
-0.7319957612  
-0.5817342692  
0.4786319377  
1.18597003  
0.3734899836  
-0.5328031341  
0.01061602706  
-0.4618692914  
0.8008945162  
1.886596788  
0.686013414  
-0.2479274798  
0.4396523149  
-0.1509559993  
0.4483871514  
1.219420894  
-0.4907492375  
0.03563846612  
-1.815899604  
1.652208027  
0.2615381519  
-0.3362013791  
0.09660179151  
-2.540787698  
-1.469281812  
-0.4108390911  
0.2334745927  
0.7548931778  
0.7644191857  
1.488063669  
-1.169934922  
0.5775202887  
0.5979069874  
1.27139911  
-0.9836931706  
-0.2735524803  
-0.3924211174  
-1.34818994  
-1.527071606  
0.5826203199  
-0.8244285872  
0.02658352901  
0.2114788253  
-0.7366295748  
-1.034945114  
0.207031254  
1.707244043  
1.898749558  
0.7415436354  
0.4747342391  
0.09110755382  
1.03249167  
0.839480382  
1.231416293  
-0.2414908874  
-0.7315386421  
-0.7905031182  
0.4415840731  
0.9068632749  
-0.05479046315  
0.7419960266  
0.2191169039  
2.049614404  
-0.6412917204  
0.4088706625  
1.74179751  
1.178071545  
0.1190536697  
1.244613645  
1.202697832  
-1.692866355  
0.2363330814  
-0.6573277658  
1.487758173  
0.1491007962  
0.7963589903  
1.191771204  
0.3157184463  
0.7948359589  
2.48539323  
2.057103702  
0.7681411215  
-0.1305558337  
0.3957873412  
-0.3891403723  
0.4470249044  
0.05333451361  
0.5928501581  
0.4749355397  
0.5701004888  
-1.755482204  
-0.9802040632  
-0.1086999151  
-0.3357899774  
-1.064991625  
1.821826444  
2.097644349  
-0.348262349  
-1.272121852  
-0.2753045422  
-1.945541696  
-0.907240145  
1.236327949  
0.3238607567  
-0.3089747219  
0.4145513855  
-0.9566324336  
-1.282433542  
0.04750285737  
-1.286436996  
-2.326161793  
-0.2137595112  
-0.1783883941  
-0.7844303345  
-0.01221218661  
-0.2329170523  
-0.2416436209  
1.256295393  
-0.6618214133  
-0.246520262  
1.106703586  
0.156358058  
0.4630156182  
-0.8747374515  
0.08386456984  
-0.2958275797  
0.4890827307  
1.931217842  
-0.2130271343  
0.8929933731  
-0.1744475987  
-1.422661758  
-0.8331218925  
-0.8990146369  
1.743172331  
-0.1425198472  
-0.9473053127  
-1.005108049  
-1.67667195  
1.146164522  
2.402036325  
0.7401580258  
0.1218865557  
-0.9918466038  
-1.107731425  
0.5777964338  
0.06903915829  
-1.452719712  
-0.6777987869  
-0.1580230463  
-0.5980386707  
-0.6891027207  
-0.4255506206  
0.7030153877  
-1.149100221  
-1.835272365  
0.7910894698  
-1.522644628  
-2.118578727  
-0.8911472828  
0.3374181835  
0.7901772015  
0.5325089011  
-0.3380714851  
0.3277691214  
-0.1416754275  
1.061856497  
1.282845677  
-1.379527945  
-1.913713481  
-0.06892741014  
0.6720229364  
0.6688395138  
1.026770202  
-2.503358951  
