0.8358740877  
0.4345112125  
0.007691183605  
0.4533497515  
0.660674984  
0.1241819052  
0.8725971148  
0.7097855377  
0.2016842814  
-0.8630759168  
-0.2905853124  
-0.241160495  
0.4525620966  
0.6509077459  
0.483690817  
-0.762002577  
0.8977019055  
-1.000255047  
-0.7180376791  
-0.1115686015  
-0.4220316499  
0.0242175133  
-0.1025641117  
0.4543938778  
-0.7988804622  
-0.09200832175  
0.4650502537  
-0.9106386881  
-1.576837184  
-1.449275699  
0.07290303621  
1.476635264  
1.782927207  
-0.045488456  
-1.749063211  
-1.578752855  
-0.1588556699  
2.244192121  
1.776530238  
2.064221645  
1.008690436  
0.8797786005  
-0.8802975993  
-2.521118525  
0.07798450363  
-0.4591353084  
0.4888631514  
0.05001658256  
-0.04347285287  
-1.373853743  
0.1817363797  
0.4912303332  
0.5213573815  
1.036836755  
0.4592474535  
-0.1132341243  
-0.09443576253  
0.7054203296  
0.9253089945  
2.932690337  
1.19074094  
0.345151638  
-1.368866489  
-0.9131479991  
-1.161932417  
-0.624936545  
0.2648372457  
-1.196263663  
-1.556791118  
-1.771568104  
-0.6763945819  
0.7702856813  
0.4831831918  
-0.1798311705  
-1.283852739  
-0.7240507108  
-1.52628383  
0.8291653832  
0.6083667894  
-0.4367937621  
-0.294961544  
-0.6796253881  
-1.079416168  
-0.3381166466  
0.6212868648  
0.8038130221  
0.8257258054  
0.9626638177  
-0.2084955602  
0.01985900705  
-0.4663634445  
-0.5245721128  
0.2536049952  
-0.8636207469  
-0.5457516871  
1.424219117  
0.3169608423  
0.4240098859  
1.14314662  
0.9068747297  
0.5557978848  
0.6415821929  
0.614078231  
-0.4879495306  
-0.2660378074  
-0.2714596046  
0.3762231593  
0.7085579813  
0.2963218454  
0.2119931246  
-1.042085163  
-0.6007210609  
-0.2079249615  
0.4580078601  
1.432489072  
1.554379713  
0.2170757226  
0.2509042589  
-1.072185395  
-1.410389523  
-0.5327987145  
0.09038761193  
0.3963271975  
-0.3806347657  
0.4587806857  
1.124414461  
0.1996817661  
0.7184052309  
-1.028612  
-1.842631617  
-1.198871276  
-0.6960632379  
-0.3083807336  
-0.4728518357  
-0.2103220885  
-0.5559451906  
0.1455701129  
0.7679489928  
-0.702619333  
-0.1649794136  
-1.254006722  
-2.255100095  
-0.06474274322  
2.144554348  
1.764707606  
0.809749718  
-0.701269079  
-1.480964117  
0.4395264686  
0.5781566107  
1.029299951  
1.361462009  
-0.8253999391  
-0.8164300382  
0.3736766499  
0.8870282078  
0.591705298  
1.371942401  
-0.009162021287  
-1.342662581  
0.199693166  
0.6507263344  
0.9564540604  
0.3415460742  
-1.318646771  
-0.9018669547  
-0.9758088936  
0.5334814344  
1.550055205  
1.736212275  
0.7803016884  
0.5446028703  
-1.693938635  
-0.3202386975  
0.1271814957  
1.426372797  
0.7696994529  
1.350207583  
0.7738618137  
-0.2774890889  
-0.2562034625  
0.1773574375  
1.005672644  
0.3618735899  
-1.051754603  
-1.594177854  
-0.5951096281  
-0.6371216539  
1.175980018  
0.7415472399  
-0.7411191106  
-1.484150842  
-2.12458822  
-1.158516983  
-1.436953374  
-0.03321771755  
0.5677060924  
-0.5702967438  
-2.20163207  
-2.002389453  
-0.712680542  
0.673302061  
0.07436819567  
0.4485525243  
-0.09533550677  
-1.01654114  
-0.6662792195  
-0.3769583081  
-0.05949514533  
0.4772291454  
0.5254650176  
0.8850946024  
-2.243457408  
-0.6093791597  
-0.1766929712  
1.495116345  
0.2997476385  
-0.7175442546  
0.3476452942  
-0.7972057174  
0.04406308802  
-1.085472534  
-0.5922128145  
0.2783638543  
0.3286273102  
0.7988663116  
0.4316287459  
0.01331196641  
-0.4029580356  
-1.766464308  
-1.773706019  
-0.7140271433  
-1.522520617  
0.6854137949  
0.1460648528  
0.1569347072  
1.062934962  
-0.05388727221  
-0.1708452813  
0.7248716326  
1.375129501  
1.32752996  
0.9625051653  
0.09616232135  
-0.3390599713  
-0.134779826  
0.4139633646  
0.6884873799  
1.183850299  
-1.329139415  
-0.05792253132  
-0.7053750857  
-0.2469642315  
1.584826648  
1.848862939  
-0.4665117748  
-0.2845002837  
-1.435653884  
-2.496150581  
0.06761731798  
0.4621966717  
-0.9189253083  
-1.539407694  
-1.280410658  
0.128586654  
0.290008944  
0.2275015587  
0.5166990395  
0.06206017884  
0.4941933175  
0.7522473816  
0.709710061  
-0.3766498915  
0.3051907528  
-1.057260323  
0.6986200605  
-0.2318112233  
-0.453004351  
0.9285746385  
1.657415533  
0.2484718116  
1.024656821  
0.693917196  
1.776007078  
0.3411972201  
1.280029945  
-0.1479590908  
0.4110850704  
-0.2399323692  
0.8095861689  
-0.6409472383  
-0.6503578441  
0.2501343008  
-0.8573480401  
-0.9640778711  
0.2591457278  
-0.1643936863  
-0.4493073346  
-0.04295242293  
-0.7229801871  
-1.289264776  
-1.402631798  
0.1285024411  
0.1149839913  
-0.14349076  
0.1235945629  
-0.4361526321  
-1.472755249  
-0.2667262782  
1.494757034  
0.1494875385  
1.220802255  
0.06740227226  
-1.352758365  
-1.84751692  
-0.7392012866  
1.217693703  
1.020723205  
1.713368852  
0.5630816063  
-0.5393924998  
-0.5649154983  
-0.06196900257  
1.804691525  
1.241102846  
2.87021527  
1.47860046  
0.8641675133  
0.07678622839  
-1.321812601  
-2.001720802  
-0.195966608  
0.103272722  
-0.9523974213  
-0.3404115476  
-0.6839854845  
-0.940323346  
-0.7970205791  
1.278135636  
1.669702901  
1.092072575  
1.318006112  
0.8102350358  
-1.075513554  
1.15112294  
2.582606601  
0.9104899139  
0.1448613966  
0.1630255536  
0.7955917133  
2.987660589  
1.656826409  
-0.9949698156  
-2.547782062  
-2.003610315  
-1.213838937  
-0.7768879929  
-0.4691677053  
-0.6848099771  
-1.748205698  
-2.316377894  
-0.637009815  
1.443880812  
1.021389854  
-1.023571997  
-1.430763206  
-1.398550807  
-0.2557223953  
0.7865357219  
1.206486743  
1.060304401  
-1.048270289  
-1.230699346  
0.4873383498  
0.8453615208  
1.634219601  
1.76827083  
-0.2369410294  
-0.2831858693  
-1.181560271  
0.5101556922  
1.564217759  
0.0446189309  
0.1734583625  
-0.4951230893  
-0.1995295543  
0.9024520239  
0.6741069458  
1.956176708  
0.2617362801  
0.691770404  
-0.5977395041  
-1.919361986  
-0.5522254087  
-0.1541966004  
-1.089491332  
-0.622568139  
-1.515903369  
-0.9915094316  
-0.5756495179  
0.3742090804  
0.3695824275  
-0.0005927191845  
-0.4375835108  
-0.6733083158  
-0.8773824737  
-0.3755699668  
0.7983115764  
0.7700690568  
1.039931941  
-0.8455933641  
-1.514924015  
-1.068556058  
-0.8813013547  
-0.4009289655  
1.116381237  
0.8638999779  
1.031368637  
0.9307828588  
1.486052798  
