1.822048064  
0.6986230061  
0.02607685326  
0.1938182529  
-0.9234653844  
-0.4883501792  
-0.428971911  
-0.4588051305  
2.218909665  
1.281394034  
-1.263665479  
-0.8443457587  
-1.261382707  
0.1736190489  
1.37854146  
1.993117103  
0.2442006929  
0.2534076859  
-0.3085009653  
-0.446327599  
-0.7990844406  
0.7514803667  
0.2001817182  
-1.771712802  
-0.7376846555  
0.3901436544  
0.2330879198  
-0.6218138869  
-0.761210521  
-1.545699749  
-0.6450098203  
-0.2203434331  
-0.489188163  
0.2272069389  
-0.5620082217  
0.6584968667  
-0.3849408441  
0.9324600508  
-0.5808370699  
1.443547159  
-0.3051774751  
0.7525559507  
0.07084764073  
-0.3422191661  
0.5196124842  
0.02342858904  
0.306246572  
0.006440205837  
0.8422042277  
1.699315346  
0.6047578253  
0.3137736423  
0.7724175323  
0.4833476674  
-0.4657167947  
1.077150845  
1.732000742  
2.281321844  
1.460059788  
-0.402782334  
0.3065399879  
0.221597262  
2.326651888  
-0.2433068426  
0.8351975486  
-0.1614727226  
-1.488184078  
1.138920127  
1.058949277  
-0.2994693777  
0.0935405545  
-1.201588428  
0.1161626502  
-0.2900932974  
-0.764750094  
-2.519160035  
-1.462075039  
-0.2310071112  
0.7290109423  
-1.127462621  
0.0698274782  
0.8599432615  
1.571967338  
0.4667149436  
2.396129431  
0.00955017979  
0.2779908811  
0.1625687141  
0.08278315028  
-0.1121502594  
-0.4776405333  
-0.9849967628  
-1.366727909  
-0.02365804554  
-0.2916944567  
0.4269347245  
1.332279491  
-1.187304273  
-0.535549973  
-0.8177449113  
-0.9170305169  
-0.5819677838  
-1.232118047  
0.03679496851  
-1.154720287  
-0.5070027036  
-1.482087242  
0.6314758599  
0.3456633565  
-1.054399922  
-0.8117689699  
-1.166683882  
0.1859630842  
-0.4967432544  
-0.7512748592  
-1.581690294  
-2.191310908  
-0.738280246  
-0.1991003348  
0.6712137837  
-0.7694128716  
-0.7971629753  
0.6128495006  
0.932292666  
0.2788644493  
0.1555298759  
-0.1136314347  
1.355080226  
-0.6805294224  
-0.8332005916  
-1.455145364  
-0.9300582276  
-1.665311782  
-0.4472818979  
-1.91843933  
-1.373018676  
-0.7166642533  
-0.549795768  
-0.8640598385  
-0.3120094354  
0.1221717658  
1.07365355  
1.459629819  
0.8064630501  
2.057837132  
0.2242808617  
0.354148536  
-0.0538262541  
1.293688478  
0.8007608641  
-0.2053858521  
-0.2833959133  
-0.407818435  
-1.942524431  
-0.8689841901  
-0.2872014973  
-0.4864288751  
-1.883784717  
0.4028581134  
0.9574098791  
-0.1925518392  
-0.5573964767  
-2.187570144  
0.3367133426  
0.9803495074  
-0.2173098045  
-1.488719492  
-0.9318465394  
0.0040836705  
-0.738854335  
0.4949571595  
1.061381366  
0.5006630579  
-0.4039305735  
-1.68219036  
-1.145407902  
-0.03670005798  
-1.268222981  
0.8632681534  
-0.438233106  
0.2330009812  
0.2288540507  
1.015689779  
-1.003328106  
-0.9385359775  
0.3066251476  
-2.359942587  
0.07122572282  
-0.478967776  
0.9113847493  
2.175144269  
0.5433443466  
0.9509116298  
0.2366245574  
1.289043549  
0.09553998122  
1.598831834  
0.2511729842  
0.9974616154  
0.4372698724  
-0.5784790165  
0.1089038474  
-0.7391175267  
-0.2792108223  
1.131876334  
2.347803225  
1.213084753  
0.06128733306  
0.5782841948  
0.3962942604  
-0.7520997993  
0.1932730282  
0.6383027363  
-1.076023513  
0.5321578125  
-0.4997962485  
-1.665692093  
-1.271270284  
-0.5362374094  
-0.04469305665  
0.3065134974  
0.4045989866  
0.8522905061  
-2.014527222  
1.880353441  
-1.193933116  
1.135669853  
0.9967782517  
-0.8930685541  
0.2742754339  
0.4184707875  
0.6239360267  
-0.8707458507  
-0.9725269301  
1.001022402  
2.002352159  
1.965204561  
-1.334618704  
-0.8893215029  
1.28174527  
0.1861842247  
0.8247565786  
0.1906025237  
-0.4971773779  
0.8966186154  
-0.2249031414  
0.8865026518  
1.288292175  
-1.395200274  
1.116801731  
-0.683458199  
-0.07956783785  
0.5551508607  
0.9045978439  
0.3764608542  
0.8135084565  
1.325669325  
-0.06219242634  
-1.539962148  
0.3135836138  
-1.790476342  
1.910983674  
0.9970403672  
-0.761613284  
-0.4729138924  
-0.8976757736  
-0.4122588915  
0.6894720985  
-0.8864134842  
2.587237274  
-0.4462290433  
0.6836615431  
0.1838913406  
-0.3043292762  
-0.6489834158  
0.07391523413  
0.07733993927  
0.6360142266  
1.989608467  
0.3234852665  
1.020145583  
1.741317856  
1.19125675  
0.1259591238  
0.6289045031  
0.3340763607  
0.9933016701  
0.2117032637  
0.5321842972  
-0.2048513965  
-0.6959991803  
0.7791537239  
-2.578089318  
1.121901335  
0.7511290121  
0.07742713647  
-0.5826571557  
-0.7261832676  
0.06922753099  
-1.235738432  
-0.4409373121  
-0.9710314006  
-2.20082387  
0.703432934  
0.1436538709  
1.754164741  
-1.923792358  
0.8616399292  
0.01289503437  
0.8823541415  
-1.379340826  
-0.3802628903  
-0.5961294064  
0.5251258201  
0.6129459183  
-0.3283055243  
-0.02536671037  
-0.5445651835  
0.1074650624  
-0.002895086088  
-1.474016461  
1.817377108  
-0.5951292784  
1.42350302  
0.9970162174  
-0.1068314949  
-0.7128294207  
0.2478847095  
0.9673312785  
-0.8587446139  
1.683066622  
-0.3014920881  
-1.898671923  
0.7541087348  
-1.757588148  
-1.548291537  
-0.5363757546  
0.4463464448  
0.1853994102  
-1.291270047  
0.0512807417  
-1.741106069  
-0.598442221  
0.7476644563  
-0.6893811167  
0.5789019792  
-1.026555917  
-0.8024359561  
0.313858421  
1.125168263  
2.37141807  
-0.810088666  
1.154248104  
1.352766665  
0.9056298203  
1.099029322  
1.182066971  
-0.5379931717  
-0.03876808769  
-0.9863309554  
0.4205943459  
0.05479347428  
0.06298972982  
1.981923849  
0.004454743413  
-0.2760908855  
-0.41444313  
-0.3206790665  
-0.5559158477  
-0.5273357442  
1.49492897  
0.8675676873  
-0.6768031417  
0.5390556536  
0.2153309585  
0.07415441317  
0.7923185777  
2.123490934  
0.4864341655  
1.311392147  
-2.034157546  
0.5402524494  
1.268000095  
-1.319280165  
0.6301038936  
-0.6743835656  
-0.3625340811  
-1.112635165  
-2.259654848  
0.8868983693  
-0.5873239076  
-0.152882967  
0.2767185235  
-0.881771394  
0.3649893839  
0.7813625162  
-0.2069300086  
0.09283030538  
0.3267982362  
-1.987064318  
-2.988630585  
-1.627534982  
-0.1001188521  
-0.03710432433  
-0.09060853136  
0.08640427381  
-1.389861266  
0.6187678812  
0.6647460126  
0.5203566756  
-0.7115767951  
-0.1824106106  
-1.133684768  
-0.7553093367  
-0.2942900339  
1.825461064  
-0.1462054069  
-0.3903934489  
0.1780426569  
0.3241600745  
