1.267081099  
-0.09389664014  
-2.136673532  
0.7606812501  
0.9245690861  
-1.325461509  
-0.6343576359  
-0.2203244069  
-1.224825573  
0.6930379262  
-0.5987882664  
-1.944585876  
0.4791739879  
0.837369559  
-0.954875085  
-0.6248096083  
-0.2566921915  
-1.197222528  
1.94689589  
1.368367743  
1.672011018  
0.3581955716  
-0.4134290435  
1.204917277  
-1.222151289  
-0.4950838579  
0.4266089274  
1.104256554  
0.8505284383  
-0.4475462504  
-1.138388194  
-0.06984245193  
-0.3448949903  
0.498443252  
-0.135537877  
-0.01544444276  
0.6990807639  
-0.4000023043  
-0.146722467  
-0.4477841377  
0.2054992433  
-1.019995723  
1.154508185  
0.8818959277  
-1.235032364  
-0.5913451441  
-1.45577935  
0.142050763  
0.8202022106  
-1.366452804  
-1.184681079  
-0.7760475951  
-0.447105312  
-1.139996026  
0.3396751447  
0.4371779003  
0.733006171  
0.1001858913  
-0.3847779392  
0.8421792806  
-1.228418308  
0.3416241962  
-0.1534813412  
-1.801492728  
1.669902562  
-0.8083367956  
-1.24653959  
-0.2159805325  
-1.088055626  
-1.142338637  
0.522768901  
-0.2712701347  
0.03225688029  
-0.6273926797  
-0.2548118862  
-0.9962249439  
-0.4785899737  
0.8390436331  
0.4079963594  
1.605864788  
-0.2359599193  
1.323713051  
1.048699594  
0.5022559757  
0.1030393752  
-1.341542443  
0.1984623756  
0.7579639428  
-0.03498558744  
0.1305558894  
-0.3033533121  
1.81344616  
-1.150148126  
-0.5051488442  
2.39523859  
-1.053454784  
0.9925119978  
0.6783572743  
-1.912417982  
1.003594488  
-0.1729707559  
-0.3202721019  
0.5395796074  
-0.5279310811  
0.06334353868  
0.1296202132  
0.05759968627  
0.2942305732  
0.02875454283  
-0.6011402587  
0.2715577269  
-0.1057911515  
0.2137900238  
0.2083122683  
2.97087231  
-0.5980798767  
-0.06036832155  
-0.9026289279  
-0.09120944547  
1.883256789  
0.1706105846  
-1.135250933  
-1.796069261  
-0.9157162586  
-0.4399856594  
-0.2738829275  
-0.03667743334  
1.882333848  
-0.04705558906  
2.257810761  
0.2165604101  
0.8411244459  
1.708833857  
0.9443700299  
4.031549674  
0.1098548256  
1.301919804  
0.4508625622  
-0.7978227296  
1.137224725  
-0.2088268709  
0.3100485624  
0.3636030251  
-0.6271954432  
-1.535554945  
0.9985674051  
1.313554154  
0.7237183203  
-0.3122309012  
-1.749122774  
0.8878891781  
-0.7770225903  
0.7147074683  
-0.9549184374  
-1.210293435  
0.2913115141  
0.9293583636  
0.5379965832  
1.498694997  
-0.6651994975  
-0.6069557354  
-1.038932892  
-1.091791318  
0.3497566768  
0.2688469256  
0.8144567973  
1.923017803  
0.6602363304  
-0.3592671492  
0.5386847145  
-0.4250706017  
2.050727417  
-0.7349381383  
-1.396170689  
-2.246056766  
-0.631906864  
0.387382873  
0.4199940837  
0.4759665116  
-0.04020612851  
0.1873726128  
-0.2087919932  
0.535090541  
-2.012615931  
-0.7872298736  
-1.188423508  
-2.193576387  
-0.62609399  
0.5938882081  
-0.6281415675  
1.303043298  
-1.612256276  
-1.297946586  
-0.1646602859  
0.05818457509  
0.08408993776  
1.420114871  
0.6365455043  
0.2825236009  
-0.1964083966  
0.4498416225  
-0.3331841535  
-0.2054384  
-0.7434854283  
-0.405369767  
-1.382324411  
-0.4184339659  
-0.01887912725  
0.4194667283  
-0.2518222624  
-0.7724591707  
0.746906275  
-0.06524841587  
0.7111611461  
0.9032719508  
-0.182337615  
1.025636198  
-0.4818111582  
-0.3082993279  
-1.687436499  
-0.3120490355  
-1.772243478  
-1.732904729  
-1.360093591  
-0.8934718743  
-0.06561155928  
0.7902727444  
-0.3644031904  
0.4593726852  
-0.5232577452  
-1.281209822  
0.9325147856  
-0.1462787835  
-0.002744552768  
-1.926657005  
-1.916054697  
-0.4553495402  
-1.411537368  
0.5106251549  
1.203457373  
-0.6982243763  
2.014992438  
-0.8262580115  
0.120415631  
-0.2214145755  
0.3871105789  
0.514470429  
-0.4721474907  
-0.8236619612  
-1.195785293  
-0.05412579729  
0.6884990343  
-0.2406428455  
0.6990632186  
-0.9332608347  
-0.9765283947  
-0.6643867122  
0.3899219151  
0.8616137632  
1.579810867  
-0.9653246606  
2.368720774  
1.496772301  
0.7393476195  
-0.07159280126  
0.4004732565  
0.7022064718  
0.1912422496  
0.5024408177  
-1.12339288  
-0.9037194042  
0.3512699904  
-1.216575475  
0.2912061298  
1.653270066  
0.02870370863  
0.09401373592  
-0.2511134782  
1.255753791  
0.4548108298  
-0.2336935524  
0.0805968653  
0.1424099097  
1.680421993  
1.526124131  
1.945361873  
-0.2823925292  
-1.311679608  
-0.4310291674  
0.05576993446  
1.09093817  
1.650009954  
-0.2026094365  
-1.281679701  
-0.2262981579  
-1.076048646  
0.9643086744  
0.3505792971  
0.7598340868  
0.8412207675  
0.7976560924  
-0.1714727338  
0.2844251356  
0.119451383  
0.8888666953  
1.834856008  
-1.101297624  
1.057675826  
-0.3438038696  
0.2851306815  
0.9135978836  
0.02886443312  
-1.436949673  
-1.267016671  
-0.1047693867  
1.596072398  
0.9207923094  
0.5498968982  
0.4405160803  
-1.60188441  
-1.111241776  
0.8907625806  
0.8726416977  
1.342866368  
-0.1830945847  
0.329038315  
0.1568443143  
-0.1487575662  
2.098024391  
0.2460408575  
0.1115365995  
0.4330622473  
2.103393554  
1.079112479  
1.030383797  
2.485387717  
-0.606727671  
-1.601175584  
-0.9273210646  
-1.007060662  
-1.126745236  
0.83773809  
0.1070323661  
0.8352740325  
0.3713104012  
0.7967142023  
-0.9461442625  
-0.2588396377  
0.07865266459  
-0.1783101908  
0.6971965336  
-0.2684454583  
-1.157825257  
-0.3286243939  
0.302984533  
0.442847622  
-0.4085104512  
-1.159227571  
0.4836860934  
0.1500596542  
1.726940093  
0.1968821088  
0.04133270199  
0.3389291916  
-1.196319616  
0.06690738249  
-0.02209809125  
-1.462273049  
-0.6723206023  
0.04965185554  
0.5843972808  
0.2358512957  
-1.867561029  
-0.7851000492  
-1.789528441  
0.7718742549  
0.5538681661  
1.761427558  
-0.8508046588  
2.153416726  
0.7467848099  
2.193393673  
1.386046062  
-0.09225815584  
-0.9396764946  
-0.4009044617  
-0.08633228851  
-0.001125442142  
-2.05074186  
-0.2393791954  
-1.081946043  
-0.617490788  
-0.7696893229  
0.1343410135  
0.8663554457  
1.139505495  
-1.161270385  
-0.1551272982  
-2.978725339  
-1.067535204  
-0.2625597237  
0.9852521291  
1.622284296  
-2.095521869  
-0.437580749  
-0.7061314017  
-0.5839818981  
0.1703191911  
0.8290604921  
0.9030732473  
-0.3947719332  
-0.3362295902  
-0.8204074313  
-0.5374699545  
-2.006972678  
0.4196737551  
-0.8703886917  
0.3250423419  
-1.314997283  
-0.1218706223  
