1.787850093  
0.07108888093  
-1.382108144  
0.4459401677  
0.2390202995  
-1.227102712  
0.9301554017  
0.475261335  
0.9973582533  
1.01930953  
-0.4913575468  
-1.526554253  
-0.4539917927  
-0.8178961794  
-0.4654022117  
-0.7154634519  
-1.863306158  
-1.655180214  
-0.3256025118  
-0.904403606  
-0.702004435  
0.162657829  
-0.9950100751  
1.165671461  
2.776365852  
-1.479476405  
0.9387939473  
0.1891598704  
-0.5326624221  
1.85112417  
0.8890707498  
-0.0390078113  
0.242469735  
1.016892247  
0.3679709278  
-1.464373617  
-1.031830758  
0.2167628342  
-0.1331494095  
-0.7134257737  
-0.4394316373  
-0.03914977754  
-0.5250966882  
-0.4574833356  
0.5404682537  
-0.5014002802  
-0.1988160692  
-0.2430761707  
-0.6649798582  
-0.6922668441  
0.04878074697  
0.01394895202  
-1.401631445  
0.9395936516  
-0.858094442  
1.177611075  
0.05352546253  
-0.5125967904  
0.2548121541  
-0.7118891565  
0.5568481668  
-0.6031597592  
-0.0541982898  
0.8397358174  
-0.3598716605  
-0.7533762701  
0.3558271149  
-1.049365437  
0.5340565215  
-0.8635413956  
0.3040531083  
-0.9459467518  
-0.6449006631  
-1.202209987  
-0.2603264809  
1.939668775  
-0.7716197544  
0.288965408  
-0.172966703  
0.6056009363  
-0.5856305648  
-0.5769930484  
0.6958903705  
-0.7627881833  
-0.6465785393  
0.8293981464  
-0.4830300914  
-1.725313293  
0.4785360594  
0.3473102465  
-0.3904478856  
-0.2240699149  
-0.655983877  
-1.126508704  
0.7980773472  
0.6970321844  
-0.8903701934  
-2.221990755  
-0.7801765562  
-0.7412776875  
-0.3249774278  
0.3366763894  
-0.8169962553  
0.5625461576  
0.1624104149  
-0.6473763203  
-0.2498458777  
2.267669027  
-0.8806335523  
0.005157603898  
-0.5697286519  
-0.1620795837  
0.8867096021  
1.889561463  
-0.3143364758  
-0.06968531624  
-0.5380630342  
-0.8706004979  
-0.5290803827  
-0.02336760543  
0.8311247836  
1.160674308  
1.691946753  
-0.4945277878  
1.017476577  
0.2616996032  
-0.135816888  
1.606217257  
0.1170502601  
1.147518654  
2.229980235  
0.6343900129  
-1.059496605  
-0.7598807352  
0.7129103537  
1.806821592  
-0.1532941025  
1.472356982  
-0.6691863033  
-0.06884084318  
0.4900571986  
0.9495499091  
0.7615864264  
-0.6221412217  
-0.5508182883  
-2.269761856  
0.5793406893  
0.5253426109  
0.8518297971  
0.6467937536  
-1.412530492  
0.7237425832  
0.2468645799  
0.01246101877  
1.661377451  
-0.625368926  
-1.156701258  
0.09151672897  
-0.8702622807  
0.5853104438  
2.395828138  
-0.6840813893  
0.8125819864  
-0.4586010336  
0.8281575799  
0.12523372  
0.3401530847  
-0.1868859578  
0.9607017374  
0.5629706651  
-1.605751906  
0.6010872551  
-0.9852582426  
0.973595983  
1.544658954  
0.6937855076  
0.6308361788  
0.4276434805  
0.2535898431  
-0.3124645314  
0.2043083386  
-0.06259524087  
0.244144097  
2.163301864  
1.850429106  
1.394619322  
-0.667898638  
1.115913937  
0.8969573532  
2.464997724  
0.1118361919  
-1.223641497  
-1.192611749  
-0.4614696826  
0.1920717154  
0.6054286396  
0.6140060414  
-0.7256622875  
1.363712635  
0.6348398695  
-0.5242359105  
1.641878705  
0.9210898561  
1.959740367  
0.1815298967  
-0.6316582147  
-0.1865575133  
-0.4188301228  
0.4666255164  
-0.03600441537  
-0.4565668652  
1.31043843  
0.7765489791  
-0.02500106597  
-0.2233642661  
1.162931371  
0.6900062071  
1.849434941  
-0.5944638316  
1.167821338  
-0.9564865007  
-0.5058548456  
-1.830511116  
-0.3415489329  
-0.7251994756  
-0.5111452845  
-0.4864357927  
-1.559405383  
-2.635056721  
0.6020308796  
-0.8008541948  
2.090804997  
0.1288462614  
-0.925594183  
-1.010195247  
-0.8429658333  
0.5023075232  
-1.477264759  
-0.7076255521  
-0.629497691  
0.9079352285  
-0.03512974635  
0.3237810979  
2.010257925  
1.240526738  
-0.2876938551  
-0.3672513244  
-0.1145540222  
-2.172944137  
-1.449616813  
-0.6490775868  
-1.400117325  
1.538799191  
-1.304569311  
-0.6775726171  
-1.517676775  
-0.5644339686  
-0.08289231127  
-0.5150550626  
-0.3299104245  
-1.235902918  
-1.336653758  
0.7947757073  
-1.041763021  
1.308623645  
-1.433675828  
0.2375078172  
0.504987771  
1.768443076  
1.648373691  
0.7357354007  
-1.122324289  
0.2973027811  
-0.8184302887  
-2.097798693  
0.2543184661  
1.094956131  
-0.157295903  
0.09356807813  
2.0141827  
-0.2163867597  
1.121548807  
0.3189457916  
0.4995927225  
-0.03047698997  
-0.04904566117  
-1.702338177  
1.337915486  
0.2324117103  
1.028667241  
-1.182294822  
0.3927957253  
-0.3447955745  
-0.07193891299  
-0.5622861719  
-1.118560674  
2.056856002  
-0.05312189787  
-0.6117438172  
0.218705616  
0.3742217066  
-0.3620532822  
-1.749300332  
0.8585764641  
-2.125664118  
-1.17849519  
-1.81818956  
-2.369553943  
-0.1076796304  
1.032857304  
0.3972748364  
0.4384590448  
0.08941865636  
-0.6545456155  
0.9596848708  
1.176281548  
1.702209872  
-0.7753379104  
-1.041247804  
0.685875492  
0.5526171199  
-0.08380677782  
2.374972681  
-0.7473940753  
-0.2966207924  
0.07139491149  
0.07348777494  
1.201276558  
-0.8858253579  
1.032339454  
1.119023346  
0.1938966806  
0.09317220901  
-0.7200395645  
-2.779527288  
-0.2503730478  
-0.4109223809  
-0.4974908769  
0.5454901228  
-0.12854997  
-0.2449696207  
0.6009133424  
1.594830808  
1.59097258  
0.620788583  
-0.726866763  
-0.5041383696  
0.2640238252  
0.5172909846  
0.3127659797  
-0.4138401505  
0.06350449958  
-0.1077876634  
-1.245236915  
0.4050068295  
1.187390152  
-1.479685154  
-0.6777959918  
0.3183268974  
-1.171227441  
0.5629795512  
-0.8667723474  
-0.5261569056  
-0.2629154392  
-1.639484348  
1.664519565  
-0.2210908569  
0.1145775648  
0.1677842328  
-0.4161086827  
0.6005695654  
0.1459527313  
1.042286394  
-0.4462521679  
0.5035349286  
0.6224313795  
0.5542503185  
-0.946736748  
2.432468723  
2.894982026  
1.04603992  
0.8497991448  
0.590684905  
-1.978785391  
-0.04541445699  
-0.1572047397  
1.807192352  
1.148217318  
-0.2270832388  
-0.6981191881  
-0.6211885111  
-0.7659202377  
-0.1606778141  
-1.026057633  
-0.8529562373  
-1.261327341  
0.3950840643  
0.05167005727  
-0.4078962649  
-1.404201645  
0.4326770499  
-2.487730031  
0.8660364986  
1.338409021  
0.8260673046  
-0.5880290517  
-0.3712463687  
-0.5309844996  
-1.772843417  
-2.335750345  
0.3593820328  
-1.244011089  
0.9416210613  
0.02679417533  
-0.7154986638  
0.3705034409  
0.9067203337  
-0.4455259496  
0.7347143749  
-0.15059773  
